entropy_mean = 0.0
loss_policy = 5.195344924926758
loss_total = 12.135053634643555
loss_value = 1.0
step = 648
value_mean = 0.0
