entropy_mean = 0.0
loss_policy = 5.108983516693115
loss_total = 12.444210052490234
loss_value = 1.0234375
step = 473
value_mean = 0.0
