entropy_mean = 0.0
loss_policy = 5.193695068359375
loss_total = 11.839513778686523
loss_value = 0.9999997615814209
step = 817
value_mean = 0.0
