entropy_mean = 0.0
loss_policy = 5.4884443283081055
loss_total = 12.422208786010742
loss_value = 1.046875
step = 675
value_mean = 0.0
