entropy_mean = 0.0
loss_policy = 6.3623762130737305
loss_total = 14.094712257385254
loss_value = 0.9921875
step = 222
value_mean = 0.0
