entropy_mean = 0.0
loss_policy = 5.988093376159668
loss_total = 12.996219635009766
loss_value = 0.9921875
step = 601
value_mean = 0.0
