entropy_mean = 0.0
loss_policy = 3.4064297676086426
loss_total = 9.56790542602539
loss_value = 0.9380089044570923
step = 1161
value_mean = 0.0
