entropy_mean = 0.0
loss_policy = 5.0093278884887695
loss_total = 11.421951293945312
loss_value = 1.0
step = 990
value_mean = 0.0
