entropy_mean = 0.0
loss_policy = 6.026684761047363
loss_total = 13.77692985534668
loss_value = 0.9921875
step = 201
value_mean = 0.0
