entropy_mean = 0.0
loss_policy = 3.997805595397949
loss_total = 10.254908561706543
loss_value = 0.9763686656951904
step = 1104
value_mean = 0.0
