entropy_mean = 0.0
loss_policy = 3.7075037956237793
loss_total = 9.822916030883789
loss_value = 0.8826924562454224
step = 1150
value_mean = 0.0
