entropy_mean = 0.0
loss_policy = 5.896870136260986
loss_total = 13.28735065460205
loss_value = 0.5922825336456299
step = 104
value_mean = 0.0
