entropy_mean = 0.0
loss_policy = 3.967458724975586
loss_total = 10.249454498291016
loss_value = 0.9836035966873169
step = 1089
value_mean = 0.0
