entropy_mean = 0.0
loss_policy = 3.0021395683288574
loss_total = 9.089494705200195
loss_value = 0.9999647736549377
step = 1292
value_mean = 0.0
