entropy_mean = 0.0
loss_policy = 5.7048020362854
loss_total = 13.044408798217773
loss_value = 0.5397399663925171
step = 96
value_mean = 0.0
