entropy_mean = 0.0
loss_policy = 5.811083793640137
loss_total = 13.286865234375
loss_value = 0.7033846378326416
step = 179
value_mean = 0.0
