entropy_mean = 0.0
loss_policy = 2.4093360900878906
loss_total = 8.393759727478027
loss_value = 0.9921875
step = 1388
value_mean = 0.0
