entropy_mean = 0.0
loss_policy = 3.3113439083099365
loss_total = 9.495050430297852
loss_value = 0.9921873807907104
step = 1197
value_mean = 0.0
