entropy_mean = 0.0
loss_policy = 4.90585470199585
loss_total = 11.623649597167969
loss_value = 0.984375
step = 763
value_mean = 0.0
