entropy_mean = 0.0
loss_policy = 4.645651340484619
loss_total = 11.155112266540527
loss_value = 0.9999997615814209
step = 906
value_mean = 0.0
