entropy_mean = 0.0
loss_policy = 4.687098026275635
loss_total = 11.282160758972168
loss_value = 1.015625
step = 860
value_mean = 0.0
