entropy_mean = 0.0
loss_policy = 3.76461124420166
loss_total = 10.006204605102539
loss_value = 1.0131728649139404
step = 1155
value_mean = 0.0
