entropy_mean = 0.0
loss_policy = 3.073180675506592
loss_total = 9.152584075927734
loss_value = 1.0155932903289795
step = 1316
value_mean = 0.0
