entropy_mean = 0.0
loss_policy = 5.870455265045166
loss_total = 13.378332138061523
loss_value = 0.9999999403953552
step = 376
value_mean = 0.0
