entropy_mean = 0.0
loss_policy = 5.828964710235596
loss_total = 13.137704849243164
loss_value = 0.5119667053222656
step = 110
value_mean = 0.0
