entropy_mean = 0.0
loss_policy = 4.97072172164917
loss_total = 11.61855411529541
loss_value = 1.0234375
step = 833
value_mean = 0.0
