entropy_mean = 0.0
loss_policy = 2.921969413757324
loss_total = 8.98880386352539
loss_value = 0.999663233757019
step = 1313
value_mean = 0.0
