entropy_mean = 0.0
loss_policy = 4.813104152679443
loss_total = 11.518409729003906
loss_value = 1.0234375
step = 794
value_mean = 0.0
