entropy_mean = 0.0
loss_policy = 4.835475921630859
loss_total = 11.329421997070312
loss_value = 0.9999992847442627
step = 917
value_mean = 0.0
