entropy_mean = 0.0
loss_policy = 3.6925108432769775
loss_total = 9.877225875854492
loss_value = 0.9238497018814087
step = 1123
value_mean = 0.0
