entropy_mean = 0.0
loss_policy = 3.0499484539031982
loss_total = 9.065860748291016
loss_value = 1.0
step = 1364
value_mean = 0.0
