entropy_mean = 0.0
loss_policy = 5.462957382202148
loss_total = 12.492818832397461
loss_value = 1.0
step = 592
value_mean = 0.0
