entropy_mean = 0.0
loss_policy = 6.194269180297852
loss_total = 13.846138000488281
loss_value = 1.0
step = 289
value_mean = 0.0
