entropy_mean = 0.0
loss_policy = 5.091464519500732
loss_total = 11.984785079956055
loss_value = 1.0
step = 671
value_mean = 0.0
