entropy_mean = 0.0
loss_policy = 5.822836875915527
loss_total = 13.248964309692383
loss_value = 0.6334244012832642
step = 125
value_mean = 0.0
