entropy_mean = 0.0
loss_policy = 5.284178256988525
loss_total = 12.62423324584961
loss_value = 1.0
step = 462
value_mean = 0.0
