entropy_mean = 0.0
loss_policy = 4.747566223144531
loss_total = 11.422486305236816
loss_value = 0.9765625
step = 784
value_mean = 0.0
