entropy_mean = 0.0
loss_policy = 3.5289506912231445
loss_total = 9.690580368041992
loss_value = 1.0
step = 1226
value_mean = 0.0
