entropy_mean = 0.0
loss_policy = 3.311441659927368
loss_total = 9.471693992614746
loss_value = 1.0234363079071045
step = 1248
value_mean = 0.0
