entropy_mean = 0.0
loss_policy = 4.427711486816406
loss_total = 10.959657669067383
loss_value = 1.0
step = 891
value_mean = 0.0
