entropy_mean = 0.0
loss_policy = 4.25469970703125
loss_total = 10.727699279785156
loss_value = 0.9999992847442627
step = 937
value_mean = 0.0
