entropy_mean = 0.0
loss_policy = 2.7767879962921143
loss_total = 8.784605026245117
loss_value = 1.0
step = 1373
value_mean = 0.0
