entropy_mean = 0.0
loss_policy = 6.386685848236084
loss_total = 14.027812004089355
loss_value = 0.9921875
step = 291
value_mean = 0.0
