entropy_mean = 0.0
loss_policy = 6.476134300231934
loss_total = 14.21887493133545
loss_value = 1.015625
step = 234
value_mean = 0.0
