entropy_mean = 0.0
loss_policy = 5.219691276550293
loss_total = 12.580426216125488
loss_value = 0.9921875
step = 450
value_mean = 0.0
