entropy_mean = 0.0
loss_policy = 5.510643482208252
loss_total = 12.381603240966797
loss_value = 0.9999998807907104
step = 685
value_mean = 0.0
