entropy_mean = 0.0
loss_policy = 3.145033597946167
loss_total = 9.194639205932617
loss_value = 0.9921741485595703
step = 1322
value_mean = 0.0
