entropy_mean = 0.0
loss_policy = 5.407613277435303
loss_total = 12.773983001708984
loss_value = 1.0
step = 451
value_mean = 0.0
