entropy_mean = 0.0
loss_policy = 4.340089797973633
loss_total = 10.744637489318848
loss_value = 0.9999284744262695
step = 998
value_mean = 0.0
