entropy_mean = 0.0
loss_policy = 3.1496291160583496
loss_total = 9.274194717407227
loss_value = 0.9999730587005615
step = 1259
value_mean = 0.0
