entropy_mean = 0.0
loss_policy = 5.7048115730285645
loss_total = 13.315544128417969
loss_value = 0.9921875
step = 312
value_mean = 0.0
