entropy_mean = 0.0
loss_policy = 3.3520822525024414
loss_total = 9.486587524414062
loss_value = 0.999997615814209
step = 1250
value_mean = 0.0
