entropy_mean = 0.0
loss_policy = 4.072513580322266
loss_total = 10.480295181274414
loss_value = 0.999988317489624
step = 995
value_mean = 0.0
