entropy_mean = 0.0
loss_policy = 5.845995903015137
loss_total = 13.578110694885254
loss_value = 1.0
step = 230
value_mean = 0.0
