entropy_mean = 0.0
loss_policy = 5.8503007888793945
loss_total = 13.422906875610352
loss_value = 0.9999999403953552
step = 343
value_mean = 0.0
