entropy_mean = 0.0
loss_policy = 4.361928939819336
loss_total = 10.705906867980957
loss_value = 1.0
step = 1048
value_mean = 0.0
