entropy_mean = 0.0
loss_policy = 4.623924732208252
loss_total = 11.027798652648926
loss_value = 0.9921875
step = 991
value_mean = 0.0
