entropy_mean = 0.0
loss_policy = 4.4274163246154785
loss_total = 10.981345176696777
loss_value = 1.0234375
step = 892
value_mean = 0.0
