entropy_mean = 0.0
loss_policy = 5.900651454925537
loss_total = 12.817867279052734
loss_value = 0.12634240090847015
step = 131
value_mean = 0.0
