entropy_mean = 0.0
loss_policy = 3.5955748558044434
loss_total = 9.737909317016602
loss_value = 0.8825857639312744
step = 1124
value_mean = 0.0
