entropy_mean = 0.0
loss_policy = 5.746309757232666
loss_total = 13.376309394836426
loss_value = 1.0234375
step = 320
value_mean = 0.0
