entropy_mean = 0.0
loss_policy = 6.767447471618652
loss_total = 14.534534454345703
loss_value = 0.9999823570251465
step = 188
value_mean = 0.0
