entropy_mean = 0.0
loss_policy = 5.727222919464111
loss_total = 12.700879096984863
loss_value = 0.18248242139816284
step = 130
value_mean = 0.0
