entropy_mean = 0.0
loss_policy = 5.200578212738037
loss_total = 12.441335678100586
loss_value = 0.9921875
step = 498
value_mean = 0.0
