entropy_mean = 0.0
loss_policy = 3.4668493270874023
loss_total = 9.406683921813965
loss_value = 0.7012660503387451
step = 1144
value_mean = 0.0
