entropy_mean = 0.0
loss_policy = 5.943785190582275
loss_total = 13.136534690856934
loss_value = 0.3955127000808716
step = 108
value_mean = 0.0
