entropy_mean = 0.0
loss_policy = 4.970359802246094
loss_total = 11.748031616210938
loss_value = 1.0234375
step = 750
value_mean = 0.0
