entropy_mean = 0.0
loss_policy = 5.268050193786621
loss_total = 12.208014488220215
loss_value = 1.0234375
step = 659
value_mean = 0.0
