entropy_mean = 0.0
loss_policy = 4.932857513427734
loss_total = 11.887771606445312
loss_value = 1.0234375
step = 652
value_mean = 0.0
