entropy_mean = 0.0
loss_policy = 4.94254732131958
loss_total = 11.775490760803223
loss_value = 1.0
step = 708
value_mean = 0.0
