entropy_mean = 0.0
loss_policy = 5.978787899017334
loss_total = 13.7438325881958
loss_value = 0.9509912729263306
step = 36
value_mean = 0.0
