entropy_mean = 0.0
loss_policy = 5.348180770874023
loss_total = 12.72775936126709
loss_value = 1.0
step = 445
value_mean = 0.0
