entropy_mean = 0.0
loss_policy = 4.589250564575195
loss_total = 11.349807739257812
loss_value = 0.9999999403953552
step = 746
value_mean = 0.0
