entropy_mean = 0.0
loss_policy = 5.62708854675293
loss_total = 12.499671936035156
loss_value = 0.9999999403953552
step = 684
value_mean = 0.0
