entropy_mean = 0.0
loss_policy = 5.309666156768799
loss_total = 12.074819564819336
loss_value = 0.9921875
step = 739
value_mean = 0.0
