entropy_mean = 0.0
loss_policy = 5.683025360107422
loss_total = 13.13183879852295
loss_value = 1.046875
step = 433
value_mean = 0.0
