entropy_mean = 0.0
loss_policy = 3.317145824432373
loss_total = 9.400362014770508
loss_value = 0.9999954700469971
step = 1296
value_mean = 0.0
