entropy_mean = 0.0
loss_policy = 5.658754825592041
loss_total = 12.703034400939941
loss_value = 1.0
step = 585
value_mean = 0.0
