entropy_mean = 0.0
loss_policy = 5.657993793487549
loss_total = 13.215394973754883
loss_value = 1.0234375
step = 364
value_mean = 0.0
