entropy_mean = 0.0
loss_policy = 5.089781284332275
loss_total = 12.443265914916992
loss_value = 1.0234375
step = 466
value_mean = 0.0
