entropy_mean = 0.0
loss_policy = 4.60919189453125
loss_total = 11.120972633361816
loss_value = 1.023437261581421
step = 922
value_mean = 0.0
