entropy_mean = 0.0
loss_policy = 4.051803112030029
loss_total = 10.403505325317383
loss_value = 1.0
step = 1042
value_mean = 0.0
