entropy_mean = 0.0
loss_policy = 4.5366315841674805
loss_total = 10.936956405639648
loss_value = 0.9999977350234985
step = 1002
value_mean = 0.0
