entropy_mean = 0.0
loss_policy = 6.022999286651611
loss_total = 13.654398918151855
loss_value = 1.0234375
step = 319
value_mean = 0.0
