entropy_mean = 0.0
loss_policy = 4.8777289390563965
loss_total = 11.825483322143555
loss_value = 1.0
step = 644
value_mean = 0.0
