entropy_mean = 0.0
loss_policy = 3.412700891494751
loss_total = 9.470324516296387
loss_value = 0.8525093793869019
step = 1182
value_mean = 0.0
