entropy_mean = 0.0
loss_policy = 6.2460126876831055
loss_total = 13.9261474609375
loss_value = 1.0
step = 273
value_mean = 0.0
