entropy_mean = 0.0
loss_policy = 5.820577144622803
loss_total = 13.408905029296875
loss_value = 0.7813957333564758
step = 64
value_mean = 0.0
