entropy_mean = 0.0
loss_policy = 5.091284275054932
loss_total = 12.18282699584961
loss_value = 1.0
step = 562
value_mean = 0.0
