entropy_mean = 0.0
loss_policy = 5.7099175453186035
loss_total = 13.0408935546875
loss_value = 0.547617495059967
step = 154
value_mean = 0.0
