entropy_mean = 0.0
loss_policy = 2.561607599258423
loss_total = 8.566213607788086
loss_value = 0.9921875
step = 1368
value_mean = 0.0
