entropy_mean = 0.0
loss_policy = 4.663619041442871
loss_total = 11.162555694580078
loss_value = 1.015624761581421
step = 927
value_mean = 0.0
