entropy_mean = 0.0
loss_policy = 5.872176170349121
loss_total = 13.448188781738281
loss_value = 0.7673199772834778
step = 57
value_mean = 0.0
