entropy_mean = 0.0
loss_policy = 4.808714866638184
loss_total = 11.612123489379883
loss_value = 0.984375
step = 715
value_mean = 0.0
