entropy_mean = 0.0
loss_policy = 4.047917366027832
loss_total = 10.31871223449707
loss_value = 0.9590879678726196
step = 1077
value_mean = 0.0
