entropy_mean = 0.0
loss_policy = 5.741178512573242
loss_total = 13.417969703674316
loss_value = 1.0
step = 275
value_mean = 0.0
