entropy_mean = 0.0
loss_policy = 5.183591365814209
loss_total = 12.117620468139648
loss_value = 0.9921875
step = 647
value_mean = 0.0
