entropy_mean = 0.0
loss_policy = 3.1575331687927246
loss_total = 9.27456283569336
loss_value = 0.9999998807907104
step = 1266
value_mean = 0.0
