entropy_mean = 0.0
loss_policy = 5.79401159286499
loss_total = 13.30655288696289
loss_value = 0.7006796598434448
step = 45
value_mean = 0.0
