entropy_mean = 0.0
loss_policy = 5.099090576171875
loss_total = 12.364700317382812
loss_value = 0.984375
step = 484
value_mean = 0.0
