entropy_mean = 0.0
loss_policy = 4.250916004180908
loss_total = 10.643156051635742
loss_value = 1.0234216451644897
step = 1028
value_mean = 0.0
