entropy_mean = 0.0
loss_policy = 2.59572172164917
loss_total = 8.66903305053711
loss_value = 1.046875
step = 1353
value_mean = 0.0
