entropy_mean = 0.0
loss_policy = 4.491517543792725
loss_total = 10.870551109313965
loss_value = 1.0078107118606567
step = 1026
value_mean = 0.0
