entropy_mean = 0.0
loss_policy = 5.924064636230469
loss_total = 13.334455490112305
loss_value = 0.9921875
step = 424
value_mean = 0.0
