entropy_mean = 0.0
loss_policy = 5.373318672180176
loss_total = 12.18232536315918
loss_value = 1.046874761581421
step = 745
value_mean = 0.0
