entropy_mean = 0.0
loss_policy = 4.8267035484313965
loss_total = 11.432169914245605
loss_value = 0.9843749403953552
step = 835
value_mean = 0.0
