entropy_mean = 0.0
loss_policy = 3.786695957183838
loss_total = 9.970027923583984
loss_value = 0.9112704992294312
step = 1112
value_mean = 0.0
