entropy_mean = 0.0
loss_policy = 2.886354446411133
loss_total = 8.970245361328125
loss_value = 1.0232739448547363
step = 1319
value_mean = 0.0
