entropy_mean = 0.0
loss_policy = 3.2370004653930664
loss_total = 9.377074241638184
loss_value = 0.984375
step = 1232
value_mean = 0.0
