entropy_mean = 0.0
loss_policy = 5.571743965148926
loss_total = 12.84257698059082
loss_value = 0.9921875
step = 485
value_mean = 0.0
