entropy_mean = 0.0
loss_policy = 5.233199596405029
loss_total = 12.240104675292969
loss_value = 1.0234375
step = 623
value_mean = 0.0
