entropy_mean = 0.0
loss_policy = 5.199004173278809
loss_total = 12.21778392791748
loss_value = 1.0
step = 599
value_mean = 0.0
