entropy_mean = 0.0
loss_policy = 3.1197705268859863
loss_total = 9.281255722045898
loss_value = 1.0234371423721313
step = 1247
value_mean = 0.0
