entropy_mean = 0.0
loss_policy = 3.446378707885742
loss_total = 9.627521514892578
loss_value = 0.9735280275344849
step = 1179
value_mean = 0.0
