entropy_mean = 0.0
loss_policy = 4.464186191558838
loss_total = 10.834211349487305
loss_value = 0.99998939037323
step = 1027
value_mean = 0.0
