entropy_mean = 0.0
loss_policy = 5.282990455627441
loss_total = 12.496210098266602
loss_value = 1.015625
step = 517
value_mean = 0.0
