entropy_mean = 0.0
loss_policy = 5.484982967376709
loss_total = 13.021438598632812
loss_value = 1.015625
step = 370
value_mean = 0.0
