entropy_mean = 0.0
loss_policy = 3.011974334716797
loss_total = 9.022916793823242
loss_value = 0.9921875
step = 1361
value_mean = 0.0
