entropy_mean = 0.0
loss_policy = 5.064022064208984
loss_total = 11.699625015258789
loss_value = 0.9921872615814209
step = 819
value_mean = 0.0
