entropy_mean = 0.0
loss_policy = 4.768166542053223
loss_total = 11.409318923950195
loss_value = 0.9999998211860657
step = 821
value_mean = 0.0
