entropy_mean = 0.0
loss_policy = 5.820862293243408
loss_total = 13.427885055541992
loss_value = 0.7993598580360413
step = 61
value_mean = 0.0
