entropy_mean = 0.0
loss_policy = 6.118612289428711
loss_total = 13.9306640625
loss_value = 0.9952594637870789
step = 21
value_mean = 0.0
