entropy_mean = 0.0
loss_policy = 5.876527786254883
loss_total = 13.201967239379883
loss_value = 0.5265740156173706
step = 101
value_mean = 0.0
