entropy_mean = 0.0
loss_policy = 2.6719319820404053
loss_total = 8.69257926940918
loss_value = 1.0
step = 1359
value_mean = 0.0
