entropy_mean = 0.0
loss_policy = 4.326685905456543
loss_total = 10.765716552734375
loss_value = 0.9920664429664612
step = 959
value_mean = 0.0
