entropy_mean = 0.0
loss_policy = 2.742006778717041
loss_total = 8.750702857971191
loss_value = 1.0
step = 1372
value_mean = 0.0
