entropy_mean = 0.0
loss_policy = 4.9767560958862305
loss_total = 11.857686996459961
loss_value = 1.0
step = 679
value_mean = 0.0
