entropy_mean = 0.0
loss_policy = 6.61673641204834
loss_total = 14.451408386230469
loss_value = 1.0171449184417725
step = 12
value_mean = 0.0
