entropy_mean = 0.0
loss_policy = 5.8711137771606445
loss_total = 13.002815246582031
loss_value = 0.3302178978919983
step = 88
value_mean = 0.0
