entropy_mean = 0.0
loss_policy = 6.385442733764648
loss_total = 14.141122817993164
loss_value = 1.0
step = 204
value_mean = 0.0
