entropy_mean = 0.0
loss_policy = 3.709872245788574
loss_total = 10.056995391845703
loss_value = 1.0234375
step = 1067
value_mean = 0.0
