entropy_mean = 0.0
loss_policy = 5.788376331329346
loss_total = 13.408440589904785
loss_value = 1.0
step = 311
value_mean = 0.0
