entropy_mean = 0.0
loss_policy = 4.711592674255371
loss_total = 11.217568397521973
loss_value = 0.9921867847442627
step = 903
value_mean = 0.0
