entropy_mean = 0.0
loss_policy = 2.730513572692871
loss_total = 8.795038223266602
loss_value = 1.0390625
step = 1354
value_mean = 0.0
