entropy_mean = 0.0
loss_policy = 4.7212982177734375
loss_total = 11.210541725158691
loss_value = 1.0234342813491821
step = 943
value_mean = 0.0
