entropy_mean = 0.0
loss_policy = 5.135259628295898
loss_total = 12.273567199707031
loss_value = 1.0
step = 542
value_mean = 0.0
