entropy_mean = 0.0
loss_policy = 5.608186721801758
loss_total = 13.088146209716797
loss_value = 0.9921875
step = 385
value_mean = 0.0
