entropy_mean = 0.0
loss_policy = 5.0365777015686035
loss_total = 11.658132553100586
loss_value = 0.9921875
step = 830
value_mean = 0.0
