entropy_mean = 0.0
loss_policy = 3.852108955383301
loss_total = 9.788378715515137
loss_value = 0.6897202730178833
step = 1136
value_mean = 0.0
