entropy_mean = 0.0
loss_policy = 5.095325469970703
loss_total = 12.187479972839355
loss_value = 0.9921875
step = 558
value_mean = 0.0
