entropy_mean = 0.0
loss_policy = 4.712340354919434
loss_total = 11.267797470092773
loss_value = 0.984375
step = 865
value_mean = 0.0
