entropy_mean = 0.0
loss_policy = 5.814229965209961
loss_total = 13.393156051635742
loss_value = 1.0234375
step = 353
value_mean = 0.0
