entropy_mean = 0.0
loss_policy = 4.885415077209473
loss_total = 11.380572319030762
loss_value = 0.9999998807907104
step = 916
value_mean = 0.0
