entropy_mean = 0.0
loss_policy = 3.926100492477417
loss_total = 10.246564865112305
loss_value = 0.9921875
step = 1063
value_mean = 0.0
