entropy_mean = 0.0
loss_policy = 3.096344470977783
loss_total = 9.117854118347168
loss_value = 0.9921875
step = 1350
value_mean = 0.0
