entropy_mean = 0.0
loss_policy = 3.7253646850585938
loss_total = 9.910839080810547
loss_value = 0.9302647709846497
step = 1128
value_mean = 0.0
