entropy_mean = 0.0
loss_policy = 5.17483377456665
loss_total = 11.930574417114258
loss_value = 1.0
step = 749
value_mean = 0.0
