entropy_mean = 0.0
loss_policy = 4.449610710144043
loss_total = 10.985404968261719
loss_value = 1.0234375
step = 904
value_mean = 0.0
