entropy_mean = 0.0
loss_policy = 5.858333110809326
loss_total = 13.19755744934082
loss_value = 0.5307947993278503
step = 58
value_mean = 0.0
