entropy_mean = 0.0
loss_policy = 6.401216506958008
loss_total = 14.161504745483398
loss_value = 1.015625
step = 217
value_mean = 0.0
