entropy_mean = 0.0
loss_policy = 6.213829040527344
loss_total = 13.763327598571777
loss_value = 0.9921875
step = 352
value_mean = 0.0
