entropy_mean = 0.0
loss_policy = 2.8314030170440674
loss_total = 8.905562400817871
loss_value = 0.9999974966049194
step = 1306
value_mean = 0.0
