entropy_mean = 0.0
loss_policy = 4.357490539550781
loss_total = 10.739333152770996
loss_value = 0.9921875
step = 1011
value_mean = 0.0
