entropy_mean = 0.0
loss_policy = 4.891016960144043
loss_total = 11.820444107055664
loss_value = 1.0
step = 653
value_mean = 0.0
