entropy_mean = 0.0
loss_policy = 5.746308326721191
loss_total = 13.072189331054688
loss_value = 0.544101893901825
step = 158
value_mean = 0.0
