entropy_mean = 0.0
loss_policy = 5.143712043762207
loss_total = 11.91530990600586
loss_value = 0.9921875
step = 736
value_mean = 0.0
