entropy_mean = 0.0
loss_policy = 5.730988502502441
loss_total = 12.69847297668457
loss_value = 1.0
step = 632
value_mean = 0.0
