entropy_mean = 0.0
loss_policy = 6.161317348480225
loss_total = 13.88184928894043
loss_value = 0.9921875
step = 233
value_mean = 0.0
