entropy_mean = 0.0
loss_policy = 6.236387252807617
loss_total = 13.978415489196777
loss_value = 1.0
step = 220
value_mean = 0.0
