entropy_mean = 0.0
loss_policy = 4.4949164390563965
loss_total = 11.040472030639648
loss_value = 0.9999973773956299
step = 881
value_mean = 0.0
