entropy_mean = 0.0
loss_policy = 5.136054039001465
loss_total = 12.389416694641113
loss_value = 1.0234375
step = 505
value_mean = 0.0
