entropy_mean = 0.0
loss_policy = 5.2308549880981445
loss_total = 12.54094123840332
loss_value = 1.0234375
step = 482
value_mean = 0.0
