entropy_mean = 0.0
loss_policy = 4.746886253356934
loss_total = 11.29544448852539
loss_value = 0.9921870231628418
step = 874
value_mean = 0.0
