entropy_mean = 0.0
loss_policy = 5.396968841552734
loss_total = 12.403739929199219
loss_value = 0.9921875
step = 602
value_mean = 0.0
