entropy_mean = 0.0
loss_policy = 5.220056056976318
loss_total = 12.109888076782227
loss_value = 1.0234375
step = 688
value_mean = 0.0
