entropy_mean = 0.0
loss_policy = 4.270915508270264
loss_total = 10.685393333435059
loss_value = 0.9910962581634521
step = 980
value_mean = 0.0
