entropy_mean = 0.0
loss_policy = 4.904354095458984
loss_total = 11.388080596923828
loss_value = 0.9921874403953552
step = 919
value_mean = 0.0
