entropy_mean = 0.0
loss_policy = 4.9626665115356445
loss_total = 11.76758861541748
loss_value = 1.0
step = 723
value_mean = 0.0
