entropy_mean = 0.0
loss_policy = 6.236326217651367
loss_total = 13.987161636352539
loss_value = 1.015625
step = 227
value_mean = 0.0
