entropy_mean = 0.0
loss_policy = 4.200629711151123
loss_total = 10.389066696166992
loss_value = 0.8936456441879272
step = 1092
value_mean = 0.0
