entropy_mean = 0.0
loss_policy = 5.703469276428223
loss_total = 13.297584533691406
loss_value = 1.015625
step = 339
value_mean = 0.0
