entropy_mean = 0.0
loss_policy = 4.854702949523926
loss_total = 11.556619644165039
loss_value = 1.0234375
step = 796
value_mean = 0.0
