entropy_mean = 0.0
loss_policy = 3.172398090362549
loss_total = 9.304594993591309
loss_value = 0.9301775693893433
step = 1186
value_mean = 0.0
