entropy_mean = 0.0
loss_policy = 4.21877908706665
loss_total = 10.531434059143066
loss_value = 0.9986772537231445
step = 1075
value_mean = 0.0
