entropy_mean = 0.0
loss_policy = 5.57215690612793
loss_total = 12.947250366210938
loss_value = 1.0
step = 447
value_mean = 0.0
