entropy_mean = 0.0
loss_policy = 3.3322620391845703
loss_total = 9.455684661865234
loss_value = 0.9190913438796997
step = 1183
value_mean = 0.0
