entropy_mean = 0.0
loss_policy = 5.60195255279541
loss_total = 13.02512264251709
loss_value = 0.9921875
step = 417
value_mean = 0.0
