entropy_mean = 0.0
loss_policy = 2.8856277465820312
loss_total = 8.965402603149414
loss_value = 1.023423194885254
step = 1323
value_mean = 0.0
