entropy_mean = 0.0
loss_policy = 3.075244665145874
loss_total = 9.24532413482666
loss_value = 1.0234375
step = 1240
value_mean = 0.0
