entropy_mean = 0.0
loss_policy = 4.486423492431641
loss_total = 10.861268997192383
loss_value = 0.9999954700469971
step = 1023
value_mean = 0.0
