entropy_mean = 0.0
loss_policy = 5.143826484680176
loss_total = 12.320333480834961
loss_value = 1.0
step = 526
value_mean = 0.0
