entropy_mean = 0.0
loss_policy = 5.4508466720581055
loss_total = 12.541583061218262
loss_value = 1.0234375
step = 575
value_mean = 0.0
