entropy_mean = 0.0
loss_policy = 5.243192672729492
loss_total = 12.738664627075195
loss_value = 1.0
step = 382
value_mean = 0.0
