entropy_mean = 0.0
loss_policy = 5.944914817810059
loss_total = 13.682087898254395
loss_value = 1.0
step = 225
value_mean = 0.0
