entropy_mean = 0.0
loss_policy = 5.779812812805176
loss_total = 12.924285888671875
loss_value = 0.3402422070503235
step = 76
value_mean = 0.0
