entropy_mean = 0.0
loss_policy = 5.0967116355896
loss_total = 12.18427848815918
loss_value = 1.09375
step = 617
value_mean = 0.0
