entropy_mean = 0.0
loss_policy = 3.272350549697876
loss_total = 9.436052322387695
loss_value = 0.9921875
step = 1216
value_mean = 0.0
