entropy_mean = 0.0
loss_policy = 2.5906832218170166
loss_total = 8.606403350830078
loss_value = 0.9657544493675232
step = 1329
value_mean = 0.0
