entropy_mean = 0.0
loss_policy = 4.615981101989746
loss_total = 11.263120651245117
loss_value = 0.9999998211860657
step = 816
value_mean = 0.0
