entropy_mean = 0.0
loss_policy = 5.261122703552246
loss_total = 12.725424766540527
loss_value = 1.0234375
step = 411
value_mean = 0.0
