entropy_mean = 0.0
loss_policy = 4.5492472648620605
loss_total = 11.251277923583984
loss_value = 1.0
step = 782
value_mean = 0.0
