entropy_mean = 0.0
loss_policy = 5.7255449295043945
loss_total = 12.747249603271484
loss_value = 1.0
step = 597
value_mean = 0.0
