entropy_mean = 0.0
loss_policy = 5.941739082336426
loss_total = 13.136238098144531
loss_value = 0.41658616065979004
step = 167
value_mean = 0.0
