entropy_mean = 0.0
loss_policy = 6.548032760620117
loss_total = 14.38834285736084
loss_value = 1.022711992263794
step = 10
value_mean = 0.0
