entropy_mean = 0.0
loss_policy = 5.313246726989746
loss_total = 12.518171310424805
loss_value = 1.0
step = 514
value_mean = 0.0
