entropy_mean = 0.0
loss_policy = 4.309762954711914
loss_total = 10.76683235168457
loss_value = 1.0078089237213135
step = 957
value_mean = 0.0
