entropy_mean = 0.0
loss_policy = 3.725473403930664
loss_total = 9.925675392150879
loss_value = 0.9427058696746826
step = 1126
value_mean = 0.0
