entropy_mean = 0.0
loss_policy = 5.064786911010742
loss_total = 12.061952590942383
loss_value = 1.0
step = 615
value_mean = 0.0
