entropy_mean = 0.0
loss_policy = 4.723582744598389
loss_total = 11.525257110595703
loss_value = 1.0
step = 725
value_mean = 0.0
