entropy_mean = 0.0
loss_policy = 2.9983277320861816
loss_total = 9.013986587524414
loss_value = 0.984375
step = 1348
value_mean = 0.0
