entropy_mean = 0.0
loss_policy = 3.4742565155029297
loss_total = 9.626205444335938
loss_value = 0.984375
step = 1220
value_mean = 0.0
