entropy_mean = 0.0
loss_policy = 4.544747829437256
loss_total = 10.951481819152832
loss_value = 0.9921875
step = 988
value_mean = 0.0
