entropy_mean = 0.0
loss_policy = 4.482898712158203
loss_total = 11.00406551361084
loss_value = 0.9999992847442627
step = 898
value_mean = 0.0
