entropy_mean = 0.0
loss_policy = 5.579119682312012
loss_total = 12.968521118164062
loss_value = 1.046875
step = 461
value_mean = 0.0
