entropy_mean = 0.0
loss_policy = 4.904810428619385
loss_total = 12.097406387329102
loss_value = 1.0
step = 519
value_mean = 0.0
