entropy_mean = 0.0
loss_policy = 4.736101150512695
loss_total = 11.223421096801758
loss_value = 0.9999997615814209
step = 923
value_mean = 0.0
