entropy_mean = 0.0
loss_policy = 4.6945695877075195
loss_total = 11.15489387512207
loss_value = 0.9921860098838806
step = 941
value_mean = 0.0
