entropy_mean = 0.0
loss_policy = 6.152064323425293
loss_total = 13.747979164123535
loss_value = 1.0
step = 327
value_mean = 0.0
