entropy_mean = 0.0
loss_policy = 5.251720905303955
loss_total = 12.33922290802002
loss_value = 1.0
step = 564
value_mean = 0.0
