entropy_mean = 0.0
loss_policy = 5.837151050567627
loss_total = 12.83188247680664
loss_value = 0.22506257891654968
step = 184
value_mean = 0.0
