entropy_mean = 0.0
loss_policy = 5.901296138763428
loss_total = 13.610003471374512
loss_value = 0.9396034479141235
step = 185
value_mean = 0.0
