entropy_mean = 0.0
loss_policy = 4.354771614074707
loss_total = 10.816917419433594
loss_value = 0.9999977350234985
step = 946
value_mean = 0.0
