entropy_mean = 0.0
loss_policy = 4.896641731262207
loss_total = 11.571157455444336
loss_value = 1.0234375
step = 813
value_mean = 0.0
