entropy_mean = 0.0
loss_policy = 5.295697212219238
loss_total = 12.744811058044434
loss_value = 1.0234375
step = 420
value_mean = 0.0
