entropy_mean = 0.0
loss_policy = 4.696331977844238
loss_total = 11.272404670715332
loss_value = 1.0
step = 862
value_mean = 0.0
