entropy_mean = 0.0
loss_policy = 5.6894145011901855
loss_total = 13.03067684173584
loss_value = 0.5350362062454224
step = 67
value_mean = 0.0
