entropy_mean = 0.0
loss_policy = 5.891669273376465
loss_total = 13.26705551147461
loss_value = 0.5658870339393616
step = 54
value_mean = 0.0
