entropy_mean = 0.0
loss_policy = 4.618846893310547
loss_total = 11.141576766967773
loss_value = 0.9999997615814209
step = 897
value_mean = 0.0
