entropy_mean = 0.0
loss_policy = 5.760901927947998
loss_total = 13.446012496948242
loss_value = 1.0
step = 270
value_mean = 0.0
