entropy_mean = 0.0
loss_policy = 4.83444881439209
loss_total = 11.521084785461426
loss_value = 0.9999995231628418
step = 791
value_mean = 0.0
