entropy_mean = 0.0
loss_policy = 5.836269378662109
loss_total = 13.588323593139648
loss_value = 0.9396913051605225
step = 43
value_mean = 0.0
