entropy_mean = 0.0
loss_policy = 5.539603233337402
loss_total = 13.085744857788086
loss_value = 1.0
step = 358
value_mean = 0.0
