entropy_mean = 0.0
loss_policy = 4.7249298095703125
loss_total = 11.327125549316406
loss_value = 1.0
step = 846
value_mean = 0.0
