entropy_mean = 0.0
loss_policy = 6.048770904541016
loss_total = 12.982080459594727
loss_value = 0.14760194718837738
step = 148
value_mean = 0.0
