entropy_mean = 0.0
loss_policy = 3.068495988845825
loss_total = 9.2454833984375
loss_value = 1.0234375
step = 1234
value_mean = 0.0
