entropy_mean = 0.0
loss_policy = 6.091642379760742
loss_total = 13.872296333312988
loss_value = 1.0156248807907104
step = 191
value_mean = 0.0
