entropy_mean = 0.0
loss_policy = 4.0111870765686035
loss_total = 10.226436614990234
loss_value = 0.9401360750198364
step = 1109
value_mean = 0.0
