entropy_mean = 0.0
loss_policy = 5.117783069610596
loss_total = 12.029946327209473
loss_value = 1.0
step = 661
value_mean = 0.0
