entropy_mean = 0.0
loss_policy = 5.787446022033691
loss_total = 13.114555358886719
loss_value = 0.5217939019203186
step = 71
value_mean = 0.0
