entropy_mean = 0.0
loss_policy = 4.561349868774414
loss_total = 10.927871704101562
loss_value = 0.9999949336051941
step = 1030
value_mean = 0.0
