entropy_mean = 0.0
loss_policy = 4.9940338134765625
loss_total = 11.660459518432617
loss_value = 1.0
step = 803
value_mean = 0.0
