entropy_mean = 0.0
loss_policy = 4.709320068359375
loss_total = 11.293663024902344
loss_value = 1.0
step = 857
value_mean = 0.0
