entropy_mean = 0.0
loss_policy = 5.42604923248291
loss_total = 12.911415100097656
loss_value = 1.0
step = 386
value_mean = 0.0
