entropy_mean = 0.0
loss_policy = 6.160582065582275
loss_total = 13.94063949584961
loss_value = 1.046875
step = 229
value_mean = 0.0
