entropy_mean = 0.0
loss_policy = 3.784306526184082
loss_total = 10.022140502929688
loss_value = 0.941871166229248
step = 1091
value_mean = 0.0
