entropy_mean = 0.0
loss_policy = 4.6640424728393555
loss_total = 11.180682182312012
loss_value = 0.9999977946281433
step = 901
value_mean = 0.0
