entropy_mean = 0.0
loss_policy = 5.706993103027344
loss_total = 13.00357723236084
loss_value = 0.4969150722026825
step = 97
value_mean = 0.0
