entropy_mean = 0.0
loss_policy = 3.7897324562072754
loss_total = 9.920584678649902
loss_value = 0.8789311647415161
step = 1131
value_mean = 0.0
