entropy_mean = 0.0
loss_policy = 4.269406318664551
loss_total = 10.743599891662598
loss_value = 0.9999994039535522
step = 936
value_mean = 0.0
