entropy_mean = 0.0
loss_policy = 4.795521259307861
loss_total = 11.212154388427734
loss_value = 1.0
step = 986
value_mean = 0.0
