entropy_mean = 0.0
loss_policy = 5.797786712646484
loss_total = 12.888601303100586
loss_value = 0.2938119173049927
step = 109
value_mean = 0.0
