entropy_mean = 0.0
loss_policy = 6.759748935699463
loss_total = 14.510293960571289
loss_value = 1.0
step = 210
value_mean = 0.0
