entropy_mean = 0.0
loss_policy = 5.451763153076172
loss_total = 12.789432525634766
loss_value = 1.0
step = 463
value_mean = 0.0
