entropy_mean = 0.0
loss_policy = 4.583630561828613
loss_total = 11.086406707763672
loss_value = 1.0234332084655762
step = 931
value_mean = 0.0
