entropy_mean = 0.0
loss_policy = 3.794743299484253
loss_total = 9.976421356201172
loss_value = 0.9144802689552307
step = 1117
value_mean = 0.0
