entropy_mean = 0.0
loss_policy = 4.117344379425049
loss_total = 10.392675399780273
loss_value = 0.9210224151611328
step = 1040
value_mean = 0.0
