entropy_mean = 0.0
loss_policy = 5.653294086456299
loss_total = 13.161931991577148
loss_value = 0.9921875
step = 372
value_mean = 0.0
