entropy_mean = 0.0
loss_policy = 6.193630218505859
loss_total = 13.74859619140625
loss_value = 0.9921875
step = 349
value_mean = 0.0
