entropy_mean = 0.0
loss_policy = 5.7953643798828125
loss_total = 13.41850471496582
loss_value = 1.0
step = 309
value_mean = 0.0
