entropy_mean = 0.0
loss_policy = 5.696387767791748
loss_total = 12.849353790283203
loss_value = 0.3647380471229553
step = 140
value_mean = 0.0
