entropy_mean = 0.0
loss_policy = 5.679872035980225
loss_total = 13.140703201293945
loss_value = 0.666019856929779
step = 118
value_mean = 0.0
