entropy_mean = 0.0
loss_policy = 4.653380393981934
loss_total = 11.15822982788086
loss_value = 0.9999997615814209
step = 909
value_mean = 0.0
