entropy_mean = 0.0
loss_policy = 4.936853408813477
loss_total = 11.718422889709473
loss_value = 1.0
step = 735
value_mean = 0.0
