entropy_mean = 0.0
loss_policy = 5.5502400398254395
loss_total = 12.46814250946045
loss_value = 0.984375
step = 651
value_mean = 0.0
