entropy_mean = 0.0
loss_policy = 3.5260868072509766
loss_total = 9.691022872924805
loss_value = 0.9457430243492126
step = 1166
value_mean = 0.0
