entropy_mean = 0.0
loss_policy = 4.7030930519104
loss_total = 11.13751220703125
loss_value = 0.992041826248169
step = 963
value_mean = 0.0
