entropy_mean = 0.0
loss_policy = 5.196104526519775
loss_total = 11.957279205322266
loss_value = 0.9921874403953552
step = 741
value_mean = 0.0
