entropy_mean = 0.0
loss_policy = 2.7203338146209717
loss_total = 8.785650253295898
loss_value = 0.9921042323112488
step = 1307
value_mean = 0.0
