entropy_mean = 0.0
loss_policy = 3.51373291015625
loss_total = 9.616312026977539
loss_value = 0.8570647835731506
step = 1137
value_mean = 0.0
