entropy_mean = 0.0
loss_policy = 5.118846893310547
loss_total = 11.534400939941406
loss_value = 1.0
step = 987
value_mean = 0.0
