entropy_mean = 0.0
loss_policy = 5.707440376281738
loss_total = 13.213295936584473
loss_value = 1.0
step = 377
value_mean = 0.0
