entropy_mean = 0.0
loss_policy = 5.751631259918213
loss_total = 13.268965721130371
loss_value = 1.015625
step = 379
value_mean = 0.0
