entropy_mean = 0.0
loss_policy = 6.280096054077148
loss_total = 14.09674072265625
loss_value = 0.9996263980865479
step = 19
value_mean = 0.0
