entropy_mean = 0.0
loss_policy = 4.808977127075195
loss_total = 11.455160140991211
loss_value = 0.9921875
step = 811
value_mean = 0.0
