entropy_mean = 0.0
loss_policy = 5.718295574188232
loss_total = 12.735626220703125
loss_value = 1.0
step = 600
value_mean = 0.0
