entropy_mean = 0.0
loss_policy = 5.359243392944336
loss_total = 12.227088928222656
loss_value = 0.9999998807907104
step = 687
value_mean = 0.0
