entropy_mean = 0.0
loss_policy = 2.9050376415252686
loss_total = 8.997016906738281
loss_value = 1.0387942790985107
step = 1326
value_mean = 0.0
