entropy_mean = 0.0
loss_policy = 5.066987991333008
loss_total = 12.472677230834961
loss_value = 1.0
step = 431
value_mean = 0.0
