entropy_mean = 0.0
loss_policy = 5.477455139160156
loss_total = 12.90676498413086
loss_value = 1.0
step = 418
value_mean = 0.0
