entropy_mean = 0.0
loss_policy = 6.13050651550293
loss_total = 13.566121101379395
loss_value = 1.015625
step = 423
value_mean = 0.0
