entropy_mean = 0.0
loss_policy = 4.83361291885376
loss_total = 11.541787147521973
loss_value = 0.9921875
step = 774
value_mean = 0.0
