entropy_mean = 0.0
loss_policy = 3.1818575859069824
loss_total = 9.369916915893555
loss_value = 1.0234375
step = 1223
value_mean = 0.0
