entropy_mean = 0.0
loss_policy = 5.94454288482666
loss_total = 13.019451141357422
loss_value = 0.2852419912815094
step = 135
value_mean = 0.0
