entropy_mean = 0.0
loss_policy = 4.849568843841553
loss_total = 11.649415969848633
loss_value = 1.0
step = 726
value_mean = 0.0
