entropy_mean = 0.0
loss_policy = 2.941563129425049
loss_total = 9.011873245239258
loss_value = 0.9999914169311523
step = 1310
value_mean = 0.0
