entropy_mean = 0.0
loss_policy = 6.474149227142334
loss_total = 14.238497734069824
loss_value = 0.999998927116394
step = 192
value_mean = 0.0
