entropy_mean = 0.0
loss_policy = 5.808544158935547
loss_total = 13.24770736694336
loss_value = 0.9921875
step = 407
value_mean = 0.0
