entropy_mean = 0.0
loss_policy = 5.272313117980957
loss_total = 12.443151473999023
loss_value = 0.9921875
step = 525
value_mean = 0.0
