entropy_mean = 0.0
loss_policy = 5.360933303833008
loss_total = 12.549330711364746
loss_value = 1.0234375
step = 531
value_mean = 0.0
