entropy_mean = 0.0
loss_policy = 3.101447105407715
loss_total = 9.22506046295166
loss_value = 0.9999994039535522
step = 1260
value_mean = 0.0
