entropy_mean = 0.0
loss_policy = 5.027369022369385
loss_total = 11.954779624938965
loss_value = 1.0
step = 654
value_mean = 0.0
