entropy_mean = 0.0
loss_policy = 4.609504699707031
loss_total = 11.060078620910645
loss_value = 0.9921834468841553
step = 949
value_mean = 0.0
