entropy_mean = 0.0
loss_policy = 5.271803379058838
loss_total = 12.900735855102539
loss_value = 1.0625
step = 347
value_mean = 0.0
