entropy_mean = 0.0
loss_policy = 5.901784420013428
loss_total = 13.481749534606934
loss_value = 0.9999998807907104
step = 338
value_mean = 0.0
