entropy_mean = 0.0
loss_policy = 3.31626033782959
loss_total = 9.44845199584961
loss_value = 0.9999960660934448
step = 1252
value_mean = 0.0
