entropy_mean = 0.0
loss_policy = 5.918888092041016
loss_total = 13.317845344543457
loss_value = 0.5929692983627319
step = 68
value_mean = 0.0
