entropy_mean = 0.0
loss_policy = 4.970556259155273
loss_total = 11.90049934387207
loss_value = 1.015625
step = 660
value_mean = 0.0
