entropy_mean = 0.0
loss_policy = 5.443788528442383
loss_total = 12.454277038574219
loss_value = 1.0
step = 605
value_mean = 0.0
