entropy_mean = 0.0
loss_policy = 3.175391674041748
loss_total = 9.261273384094238
loss_value = 1.046875
step = 1340
value_mean = 0.0
