entropy_mean = 0.0
loss_policy = 4.387317657470703
loss_total = 10.829679489135742
loss_value = 1.0234375
step = 984
value_mean = 0.0
