entropy_mean = 0.0
loss_policy = 5.177926540374756
loss_total = 12.463271141052246
loss_value = 1.046875
step = 502
value_mean = 0.0
