entropy_mean = 0.0
loss_policy = 3.8248584270477295
loss_total = 10.102458953857422
loss_value = 0.9872093200683594
step = 1096
value_mean = 0.0
