entropy_mean = 0.0
loss_policy = 5.063248634338379
loss_total = 12.042755126953125
loss_value = 1.0234375
step = 639
value_mean = 0.0
