entropy_mean = 0.0
loss_policy = 3.0497889518737793
loss_total = 9.168313026428223
loss_value = 1.015620470046997
step = 1278
value_mean = 0.0
