entropy_mean = 0.0
loss_policy = 4.214061737060547
loss_total = 10.5687837600708
loss_value = 0.9915462136268616
step = 1033
value_mean = 0.0
