entropy_mean = 0.0
loss_policy = 2.528423547744751
loss_total = 8.52350902557373
loss_value = 0.9921875
step = 1378
value_mean = 0.0
