entropy_mean = 0.0
loss_policy = 4.520665168762207
loss_total = 10.96636962890625
loss_value = 1.0234375
step = 981
value_mean = 0.0
