entropy_mean = 0.0
loss_policy = 3.2683823108673096
loss_total = 9.381994247436523
loss_value = 1.0
step = 1269
value_mean = 0.0
