entropy_mean = 0.0
loss_policy = 4.439070701599121
loss_total = 10.883691787719727
loss_value = 1.0234375
step = 982
value_mean = 0.0
