entropy_mean = 0.0
loss_policy = 5.043861389160156
loss_total = 11.94233226776123
loss_value = 1.0
step = 668
value_mean = 0.0
