entropy_mean = 0.0
loss_policy = 2.615858554840088
loss_total = 8.65710163116455
loss_value = 1.0234375
step = 1362
value_mean = 0.0
