entropy_mean = 0.0
loss_policy = 4.1460280418396
loss_total = 10.357194900512695
loss_value = 0.9038084149360657
step = 1081
value_mean = 0.0
