entropy_mean = 0.0
loss_policy = 3.7918004989624023
loss_total = 9.958090782165527
loss_value = 0.8932443857192993
step = 1111
value_mean = 0.0
