entropy_mean = 0.0
loss_policy = 5.045065879821777
loss_total = 12.42888069152832
loss_value = 1.0
step = 443
value_mean = 0.0
