entropy_mean = 0.0
loss_policy = 5.785820007324219
loss_total = 12.70777702331543
loss_value = 0.12351022660732269
step = 103
value_mean = 0.0
