entropy_mean = 0.0
loss_policy = 3.2674951553344727
loss_total = 9.371498107910156
loss_value = 0.8857337236404419
step = 1167
value_mean = 0.0
