entropy_mean = 0.0
loss_policy = 5.984218597412109
loss_total = 13.745959281921387
loss_value = 1.0703125
step = 265
value_mean = 0.0
