entropy_mean = 0.0
loss_policy = 5.232331275939941
loss_total = 12.61201286315918
loss_value = 0.9921875
step = 441
value_mean = 0.0
