entropy_mean = 0.0
loss_policy = 3.9067070484161377
loss_total = 10.25864028930664
loss_value = 0.9910959005355835
step = 1035
value_mean = 0.0
