entropy_mean = 0.0
loss_policy = 5.153669834136963
loss_total = 12.689933776855469
loss_value = 0.9999997615814209
step = 363
value_mean = 0.0
