entropy_mean = 0.0
loss_policy = 6.136567115783691
loss_total = 13.6651029586792
loss_value = 0.984375
step = 359
value_mean = 0.0
