entropy_mean = 0.0
loss_policy = 5.156400680541992
loss_total = 12.302166938781738
loss_value = 1.0
step = 539
value_mean = 0.0
