entropy_mean = 0.0
loss_policy = 4.823630332946777
loss_total = 11.578984260559082
loss_value = 1.070312261581421
step = 792
value_mean = 0.0
