entropy_mean = 0.0
loss_policy = 5.753105163574219
loss_total = 13.033756256103516
loss_value = 0.49127742648124695
step = 136
value_mean = 0.0
