entropy_mean = 0.0
loss_policy = 8.382831573486328
loss_total = 16.191852569580078
loss_value = 0.9913345575332642
step = 4
value_mean = 0.0
