entropy_mean = 0.0
loss_policy = 3.9279708862304688
loss_total = 10.169754028320312
loss_value = 1.0142011642456055
step = 1156
value_mean = 0.0
