entropy_mean = 0.0
loss_policy = 6.199747085571289
loss_total = 13.918381690979004
loss_value = 1.0234375
step = 262
value_mean = 0.0
