entropy_mean = 0.0
loss_policy = 4.84588623046875
loss_total = 11.626436233520508
loss_value = 0.984375
step = 728
value_mean = 0.0
