entropy_mean = 0.0
loss_policy = 4.28823709487915
loss_total = 10.699468612670898
loss_value = 0.9842987060546875
step = 977
value_mean = 0.0
