entropy_mean = 0.0
loss_policy = 3.7931926250457764
loss_total = 10.07368278503418
loss_value = 0.9924514293670654
step = 1098
value_mean = 0.0
