entropy_mean = 0.0
loss_policy = 3.6486470699310303
loss_total = 9.93610668182373
loss_value = 0.9959633350372314
step = 1095
value_mean = 0.0
