entropy_mean = 0.0
loss_policy = 3.8306326866149902
loss_total = 9.977569580078125
loss_value = 0.875845193862915
step = 1113
value_mean = 0.0
