entropy_mean = 0.0
loss_policy = 4.794726848602295
loss_total = 11.444271087646484
loss_value = 1.0234375
step = 832
value_mean = 0.0
