entropy_mean = 0.0
loss_policy = 2.646498680114746
loss_total = 8.71905517578125
loss_value = 0.9921851754188538
step = 1299
value_mean = 0.0
