entropy_mean = 0.0
loss_policy = 4.089627265930176
loss_total = 10.38167953491211
loss_value = 0.9925432801246643
step = 1088
value_mean = 0.0
