entropy_mean = 0.0
loss_policy = 2.8390655517578125
loss_total = 8.831071853637695
loss_value = 0.9921875
step = 1381
value_mean = 0.0
