entropy_mean = 0.0
loss_policy = 4.198216438293457
loss_total = 10.560182571411133
loss_value = 1.0234375
step = 1053
value_mean = 0.0
