entropy_mean = 0.0
loss_policy = 4.826574802398682
loss_total = 11.57142448425293
loss_value = 0.9921875
step = 751
value_mean = 0.0
