entropy_mean = 0.0
loss_policy = 4.734476089477539
loss_total = 11.328441619873047
loss_value = 1.0
step = 851
value_mean = 0.0
