entropy_mean = 0.0
loss_policy = 5.114798069000244
loss_total = 12.381837844848633
loss_value = 1.0
step = 490
value_mean = 0.0
