entropy_mean = 0.0
loss_policy = 6.178695201873779
loss_total = 13.983234405517578
loss_value = 0.9876281023025513
step = 20
value_mean = 0.0
