entropy_mean = 0.0
loss_policy = 4.978352069854736
loss_total = 12.180839538574219
loss_value = 1.0
step = 515
value_mean = 0.0
