entropy_mean = 0.0
loss_policy = 5.507567882537842
loss_total = 12.920259475708008
loss_value = 1.0234375
step = 440
value_mean = 0.0
