entropy_mean = 0.0
loss_policy = 3.4038994312286377
loss_total = 9.452354431152344
loss_value = 0.8481882214546204
step = 1188
value_mean = 0.0
