entropy_mean = 0.0
loss_policy = 2.95505952835083
loss_total = 8.956928253173828
loss_value = 1.0
step = 1379
value_mean = 0.0
