entropy_mean = 0.0
loss_policy = 5.786153793334961
loss_total = 12.785141944885254
loss_value = 0.22194083034992218
step = 169
value_mean = 0.0
