entropy_mean = 0.0
loss_policy = 3.524569511413574
loss_total = 9.556410789489746
loss_value = 0.8200505375862122
step = 1174
value_mean = 0.0
