entropy_mean = 0.0
loss_policy = 2.9138994216918945
loss_total = 8.974238395690918
loss_value = 0.9843736886978149
step = 1304
value_mean = 0.0
