entropy_mean = 0.0
loss_policy = 6.246723175048828
loss_total = 13.854280471801758
loss_value = 0.9921875
step = 314
value_mean = 0.0
