entropy_mean = 0.0
loss_policy = 4.232683181762695
loss_total = 10.649364471435547
loss_value = 1.007807970046997
step = 994
value_mean = 0.0
