entropy_mean = 0.0
loss_policy = 4.9000091552734375
loss_total = 11.653757095336914
loss_value = 0.9765625
step = 737
value_mean = 0.0
