entropy_mean = 0.0
loss_policy = 4.726728916168213
loss_total = 11.31010627746582
loss_value = 0.984375
step = 848
value_mean = 0.0
