entropy_mean = 0.0
loss_policy = 3.3307394981384277
loss_total = 9.148097038269043
loss_value = 0.5807317495346069
step = 1146
value_mean = 0.0
