entropy_mean = 0.0
loss_policy = 4.824183940887451
loss_total = 11.479930877685547
loss_value = 1.0234375
step = 828
value_mean = 0.0
