entropy_mean = 0.0
loss_policy = 4.843920707702637
loss_total = 11.34302043914795
loss_value = 0.9999997615814209
step = 913
value_mean = 0.0
