entropy_mean = 0.0
loss_policy = 5.331491470336914
loss_total = 12.629901885986328
loss_value = 0.9921875
step = 475
value_mean = 0.0
