entropy_mean = 0.0
loss_policy = 5.339085102081299
loss_total = 12.90771770477295
loss_value = 1.0390625
step = 366
value_mean = 0.0
