entropy_mean = 0.0
loss_policy = 6.320061683654785
loss_total = 14.043392181396484
loss_value = 1.0234375
step = 258
value_mean = 0.0
