entropy_mean = 0.0
loss_policy = 6.064028263092041
loss_total = 13.534424781799316
loss_value = 1.0
step = 393
value_mean = 0.0
