entropy_mean = 0.0
loss_policy = 3.398054599761963
loss_total = 9.527029991149902
loss_value = 0.9071789383888245
step = 1163
value_mean = 0.0
