entropy_mean = 0.0
loss_policy = 3.0765652656555176
loss_total = 9.169015884399414
loss_value = 1.0156224966049194
step = 1303
value_mean = 0.0
