entropy_mean = 0.0
loss_policy = 4.667177677154541
loss_total = 11.230587005615234
loss_value = 1.0234375
step = 885
value_mean = 0.0
