entropy_mean = 0.0
loss_policy = 2.9810791015625
loss_total = 8.962088584899902
loss_value = 0.9921875
step = 1391
value_mean = 0.0
