entropy_mean = 0.0
loss_policy = 5.679059028625488
loss_total = 12.740513801574707
loss_value = 0.2792798578739166
step = 157
value_mean = 0.0
