entropy_mean = 0.0
loss_policy = 4.497570991516113
loss_total = 10.99935245513916
loss_value = 1.0234373807907104
step = 932
value_mean = 0.0
