entropy_mean = 0.0
loss_policy = 5.741170406341553
loss_total = 13.259767532348633
loss_value = 1.0
step = 371
value_mean = 0.0
