entropy_mean = 0.0
loss_policy = 4.933559417724609
loss_total = 11.771784782409668
loss_value = 0.984375
step = 696
value_mean = 0.0
