entropy_mean = 0.0
loss_policy = 5.815932750701904
loss_total = 12.7782564163208
loss_value = 1.0
step = 635
value_mean = 0.0
