entropy_mean = 0.0
loss_policy = 5.895532608032227
loss_total = 13.584186553955078
loss_value = 0.9921875
step = 261
value_mean = 0.0
