entropy_mean = 0.0
loss_policy = 3.4273648262023926
loss_total = 9.45582103729248
loss_value = 0.8129566311836243
step = 1170
value_mean = 0.0
