entropy_mean = 0.0
loss_policy = 4.771712303161621
loss_total = 11.458593368530273
loss_value = 1.046875
step = 822
value_mean = 0.0
