entropy_mean = 0.0
loss_policy = 3.429204225540161
loss_total = 9.62624454498291
loss_value = 1.046874761581421
step = 1237
value_mean = 0.0
