entropy_mean = 0.0
loss_policy = 5.000125885009766
loss_total = 11.878952026367188
loss_value = 1.0234375
step = 695
value_mean = 0.0
