entropy_mean = 0.0
loss_policy = 5.330060005187988
loss_total = 12.100963592529297
loss_value = 0.9999999403953552
step = 740
value_mean = 0.0
