entropy_mean = 0.0
loss_policy = 5.13671875
loss_total = 11.894347190856934
loss_value = 0.9921873807907104
step = 743
value_mean = 0.0
