entropy_mean = 0.0
loss_policy = 5.7569475173950195
loss_total = 13.05014419555664
loss_value = 0.5148471593856812
step = 166
value_mean = 0.0
