entropy_mean = 0.0
loss_policy = 6.319731712341309
loss_total = 13.971900939941406
loss_value = 1.015625
step = 300
value_mean = 0.0
