entropy_mean = 0.0
loss_policy = 3.1255710124969482
loss_total = 9.304744720458984
loss_value = 1.0703120231628418
step = 1273
value_mean = 0.0
