entropy_mean = 0.0
loss_policy = 5.8441925048828125
loss_total = 13.163041114807129
loss_value = 0.5358877182006836
step = 155
value_mean = 0.0
