entropy_mean = 0.0
loss_policy = 5.129183769226074
loss_total = 11.954081535339355
loss_value = 1.0
step = 712
value_mean = 0.0
