entropy_mean = 0.0
loss_policy = 5.270545959472656
loss_total = 12.631088256835938
loss_value = 1.015624761581421
step = 460
value_mean = 0.0
