entropy_mean = 0.0
loss_policy = 5.566017150878906
loss_total = 12.43249225616455
loss_value = 0.9921875
step = 683
value_mean = 0.0
