entropy_mean = 0.0
loss_policy = 5.993716239929199
loss_total = 13.68383502960205
loss_value = 1.0
step = 266
value_mean = 0.0
