entropy_mean = 0.0
loss_policy = 4.252004623413086
loss_total = 10.59675121307373
loss_value = 0.9917358160018921
step = 1041
value_mean = 0.0
