entropy_mean = 0.0
loss_policy = 5.805488586425781
loss_total = 13.419332504272461
loss_value = 1.0
step = 315
value_mean = 0.0
