entropy_mean = 0.0
loss_policy = 5.888347625732422
loss_total = 12.852387428283691
loss_value = 0.1647607982158661
step = 99
value_mean = 0.0
