entropy_mean = 0.0
loss_policy = 2.607978343963623
loss_total = 8.58073902130127
loss_value = 0.9921875
step = 1398
value_mean = 0.0
