entropy_mean = 0.0
loss_policy = 5.155673980712891
loss_total = 12.479608535766602
loss_value = 1.0234375
step = 477
value_mean = 0.0
