entropy_mean = 0.0
loss_policy = 3.238926410675049
loss_total = 9.454927444458008
loss_value = 1.0234375
step = 1196
value_mean = 0.0
