entropy_mean = 0.0
loss_policy = 2.942373514175415
loss_total = 8.91452693939209
loss_value = 1.0
step = 1406
value_mean = 0.0
