entropy_mean = 0.0
loss_policy = 5.825105667114258
loss_total = 13.261112213134766
loss_value = 0.6454393267631531
step = 132
value_mean = 0.0
