entropy_mean = 0.0
loss_policy = 3.8975090980529785
loss_total = 10.223459243774414
loss_value = 0.9999780654907227
step = 1065
value_mean = 0.0
