entropy_mean = 0.0
loss_policy = 5.610008239746094
loss_total = 12.99169635772705
loss_value = 0.5943248271942139
step = 143
value_mean = 0.0
