entropy_mean = 0.0
loss_policy = 4.014448165893555
loss_total = 10.243224143981934
loss_value = 0.9351413249969482
step = 1093
value_mean = 0.0
