entropy_mean = 0.0
loss_policy = 5.82603120803833
loss_total = 13.21281623840332
loss_value = 0.9921875
step = 437
value_mean = 0.0
