entropy_mean = 0.0
loss_policy = 4.121220111846924
loss_total = 10.462911605834961
loss_value = 1.0
step = 1050
value_mean = 0.0
