entropy_mean = 0.0
loss_policy = 5.2268266677856445
loss_total = 12.559333801269531
loss_value = 1.0234375
step = 474
value_mean = 0.0
