entropy_mean = 0.0
loss_policy = 5.390554904937744
loss_total = 12.322037696838379
loss_value = 1.0234375
step = 663
value_mean = 0.0
