entropy_mean = 0.0
loss_policy = 6.089511871337891
loss_total = 13.107606887817383
loss_value = 0.21364498138427734
step = 75
value_mean = 0.0
