entropy_mean = 0.0
loss_policy = 4.126944065093994
loss_total = 10.442047119140625
loss_value = 0.9999993443489075
step = 1074
value_mean = 0.0
