entropy_mean = 0.0
loss_policy = 2.72554874420166
loss_total = 8.723969459533691
loss_value = 1.015625
step = 1396
value_mean = 0.0
