entropy_mean = 0.0
loss_policy = 5.791286468505859
loss_total = 13.364900588989258
loss_value = 0.9921875
step = 337
value_mean = 0.0
