entropy_mean = 0.0
loss_policy = 5.303278923034668
loss_total = 12.496315002441406
loss_value = 1.0234375
step = 529
value_mean = 0.0
