entropy_mean = 0.0
loss_policy = 3.151392936706543
loss_total = 9.259477615356445
loss_value = 0.9921873211860657
step = 1267
value_mean = 0.0
