entropy_mean = 0.0
loss_policy = 2.835860252380371
loss_total = 8.873950004577637
loss_value = 1.0
step = 1341
value_mean = 0.0
