entropy_mean = 0.0
loss_policy = 3.7786946296691895
loss_total = 9.972772598266602
loss_value = 0.9354429244995117
step = 1125
value_mean = 0.0
