entropy_mean = 0.0
loss_policy = 5.891139030456543
loss_total = 12.934718132019043
loss_value = 0.2630253732204437
step = 161
value_mean = 0.0
