entropy_mean = 0.0
loss_policy = 5.813444137573242
loss_total = 12.794668197631836
loss_value = 0.1851375699043274
step = 113
value_mean = 0.0
