entropy_mean = 0.0
loss_policy = 5.323389053344727
loss_total = 12.63785171508789
loss_value = 1.0
step = 472
value_mean = 0.0
