entropy_mean = 0.0
loss_policy = 6.0244646072387695
loss_total = 13.784114837646484
loss_value = 1.0234375
step = 226
value_mean = 0.0
