entropy_mean = 0.0
loss_policy = 5.101816177368164
loss_total = 11.847869873046875
loss_value = 1.0
step = 755
value_mean = 0.0
