entropy_mean = 0.0
loss_policy = 5.249177932739258
loss_total = 12.16789436340332
loss_value = 1.0
step = 658
value_mean = 0.0
