entropy_mean = 0.0
loss_policy = 5.764415740966797
loss_total = 13.009855270385742
loss_value = 0.45663923025131226
step = 138
value_mean = 0.0
