entropy_mean = 0.0
loss_policy = 4.769017219543457
loss_total = 11.385030746459961
loss_value = 1.0
step = 838
value_mean = 0.0
