entropy_mean = 0.0
loss_policy = 3.120344638824463
loss_total = 9.222306251525879
loss_value = 1.0234286785125732
step = 1301
value_mean = 0.0
