entropy_mean = 0.0
loss_policy = 3.0873186588287354
loss_total = 9.17568302154541
loss_value = 1.0234289169311523
step = 1315
value_mean = 0.0
