entropy_mean = 0.0
loss_policy = 4.225661754608154
loss_total = 10.582111358642578
loss_value = 0.9921752214431763
step = 1032
value_mean = 0.0
