entropy_mean = 0.0
loss_policy = 4.138416767120361
loss_total = 10.470026016235352
loss_value = 1.0
step = 1060
value_mean = 0.0
