entropy_mean = 0.0
loss_policy = 5.80870246887207
loss_total = 12.787075996398926
loss_value = 0.17831015586853027
step = 95
value_mean = 0.0
