entropy_mean = 0.0
loss_policy = 5.853131294250488
loss_total = 13.292947769165039
loss_value = 1.0234375
step = 425
value_mean = 0.0
