entropy_mean = 0.0
loss_policy = 2.9138312339782715
loss_total = 8.639930725097656
loss_value = 0.6823094487190247
step = 1335
value_mean = 0.0
