entropy_mean = 0.0
loss_policy = 5.761514186859131
loss_total = 13.527557373046875
loss_value = 0.9975616335868835
step = 186
value_mean = 0.0
