entropy_mean = 0.0
loss_policy = 4.521264553070068
loss_total = 10.998632431030273
loss_value = 0.9999960064888
step = 933
value_mean = 0.0
