entropy_mean = 0.0
loss_policy = 6.216403007507324
loss_total = 13.683113098144531
loss_value = 1.0
step = 395
value_mean = 0.0
