entropy_mean = 0.0
loss_policy = 5.441512107849121
loss_total = 12.896456718444824
loss_value = 1.015625
step = 412
value_mean = 0.0
