entropy_mean = 0.0
loss_policy = 4.697199821472168
loss_total = 11.278335571289062
loss_value = 1.0
step = 859
value_mean = 0.0
