entropy_mean = 0.0
loss_policy = 4.717437744140625
loss_total = 11.34831714630127
loss_value = 1.0
step = 829
value_mean = 0.0
