entropy_mean = 0.0
loss_policy = 4.435460567474365
loss_total = 10.881206512451172
loss_value = 1.0163971185684204
step = 975
value_mean = 0.0
