entropy_mean = 0.0
loss_policy = 5.261305809020996
loss_total = 12.468759536743164
loss_value = 1.0
step = 513
value_mean = 0.0
