entropy_mean = 0.0
loss_policy = 5.358139991760254
loss_total = 12.013469696044922
loss_value = 0.9921873807907104
step = 805
value_mean = 0.0
