entropy_mean = 0.0
loss_policy = 4.558581352233887
loss_total = 11.031105041503906
loss_value = 0.9921873807907104
step = 930
value_mean = 0.0
