entropy_mean = 0.0
loss_policy = 5.0156755447387695
loss_total = 11.657577514648438
loss_value = 0.9921875
step = 814
value_mean = 0.0
