entropy_mean = 0.0
loss_policy = 3.1644983291625977
loss_total = 9.176433563232422
loss_value = 0.9641423225402832
step = 1331
value_mean = 0.0
