entropy_mean = 0.0
loss_policy = 6.884812355041504
loss_total = 14.605255126953125
loss_value = 1.0
step = 240
value_mean = 0.0
