entropy_mean = 0.0
loss_policy = 5.690290451049805
loss_total = 12.80778694152832
loss_value = 0.33374691009521484
step = 153
value_mean = 0.0
