entropy_mean = 0.0
loss_policy = 4.958219051361084
loss_total = 11.79861831665039
loss_value = 1.0
step = 704
value_mean = 0.0
