entropy_mean = 0.0
loss_policy = 4.859015941619873
loss_total = 11.768684387207031
loss_value = 0.984375
step = 655
value_mean = 0.0
