entropy_mean = 0.0
loss_policy = 3.033061981201172
loss_total = 9.169418334960938
loss_value = 0.9921875
step = 1242
value_mean = 0.0
