entropy_mean = 0.0
loss_policy = 4.221597194671631
loss_total = 10.49063491821289
loss_value = 0.9562145471572876
step = 1076
value_mean = 0.0
