entropy_mean = 0.0
loss_policy = 4.979767322540283
loss_total = 11.53448486328125
loss_value = 0.9999970197677612
step = 875
value_mean = 0.0
