entropy_mean = 0.0
loss_policy = 5.204245567321777
loss_total = 12.155937194824219
loss_value = 1.0078125
step = 646
value_mean = 0.0
