entropy_mean = 0.0
loss_policy = 5.856245994567871
loss_total = 13.352758407592773
loss_value = 0.6872859001159668
step = 55
value_mean = 0.0
