entropy_mean = 0.0
loss_policy = 4.741715908050537
loss_total = 11.379356384277344
loss_value = 1.0
step = 824
value_mean = 0.0
