entropy_mean = 0.0
loss_policy = 6.94179105758667
loss_total = 14.608514785766602
loss_value = 1.0234375
step = 295
value_mean = 0.0
