entropy_mean = 0.0
loss_policy = 4.876080513000488
loss_total = 11.569198608398438
loss_value = 1.0
step = 787
value_mean = 0.0
