entropy_mean = 0.0
loss_policy = 5.863857746124268
loss_total = 13.203782081604004
loss_value = 0.5637373924255371
step = 171
value_mean = 0.0
