entropy_mean = 0.0
loss_policy = 5.538235664367676
loss_total = 12.57582950592041
loss_value = 1.0
step = 588
value_mean = 0.0
