entropy_mean = 0.0
loss_policy = 5.261658668518066
loss_total = 11.903934478759766
loss_value = 0.9999997019767761
step = 820
value_mean = 0.0
