entropy_mean = 0.0
loss_policy = 5.465513229370117
loss_total = 12.401094436645508
loss_value = 1.0
step = 650
value_mean = 0.0
