entropy_mean = 0.0
loss_policy = 4.82270622253418
loss_total = 11.519497871398926
loss_value = 1.0234373807907104
step = 799
value_mean = 0.0
