entropy_mean = 0.0
loss_policy = 4.914819240570068
loss_total = 11.638866424560547
loss_value = 0.9921875
step = 764
value_mean = 0.0
