entropy_mean = 0.0
loss_policy = 4.739742279052734
loss_total = 11.314135551452637
loss_value = 1.0
step = 863
value_mean = 0.0
