entropy_mean = 0.0
loss_policy = 5.402361869812012
loss_total = 12.83671760559082
loss_value = 1.0
step = 415
value_mean = 0.0
