entropy_mean = 0.0
loss_policy = 5.113842010498047
loss_total = 12.358665466308594
loss_value = 0.984375
step = 493
value_mean = 0.0
