entropy_mean = 0.0
loss_policy = 6.354885101318359
loss_total = 14.217361450195312
loss_value = 1.0452706813812256
step = 17
value_mean = 0.0
