entropy_mean = 0.0
loss_policy = 5.286501884460449
loss_total = 12.170416831970215
loss_value = 0.9999998807907104
step = 677
value_mean = 0.0
