entropy_mean = 0.0
loss_policy = 4.6692047119140625
loss_total = 11.396379470825195
loss_value = 1.0
step = 767
value_mean = 0.0
