entropy_mean = 0.0
loss_policy = 2.632427215576172
loss_total = 8.599336624145508
loss_value = 1.0
step = 1411
value_mean = 0.0
