entropy_mean = 0.0
loss_policy = 3.3686537742614746
loss_total = 9.580498695373535
loss_value = 1.0234344005584717
step = 1200
value_mean = 0.0
