entropy_mean = 0.0
loss_policy = 4.555148124694824
loss_total = 11.014153480529785
loss_value = 1.0230655670166016
step = 969
value_mean = 0.0
