entropy_mean = 0.0
loss_policy = 4.867776870727539
loss_total = 11.396759033203125
loss_value = 1.0
step = 893
value_mean = 0.0
