entropy_mean = 0.0
loss_policy = 5.148380279541016
loss_total = 11.883344650268555
loss_value = 1.0
step = 762
value_mean = 0.0
