entropy_mean = 0.0
loss_policy = 4.917542457580566
loss_total = 11.399089813232422
loss_value = 0.9921872615814209
step = 921
value_mean = 0.0
