entropy_mean = 0.0
loss_policy = 5.165982723236084
loss_total = 11.975809097290039
loss_value = 1.0
step = 720
value_mean = 0.0
