entropy_mean = 0.0
loss_policy = 5.253353118896484
loss_total = 12.509035110473633
loss_value = 1.0
step = 495
value_mean = 0.0
