entropy_mean = 0.0
loss_policy = 4.9478559494018555
loss_total = 11.669926643371582
loss_value = 1.0
step = 770
value_mean = 0.0
