entropy_mean = 0.0
loss_policy = 4.8015594482421875
loss_total = 11.364686965942383
loss_value = 1.0
step = 870
value_mean = 0.0
