entropy_mean = 0.0
loss_policy = 5.84691047668457
loss_total = 13.066858291625977
loss_value = 0.4314352869987488
step = 139
value_mean = 0.0
