entropy_mean = 0.0
loss_policy = 6.189459800720215
loss_total = 13.824843406677246
loss_value = 1.046875
step = 332
value_mean = 0.0
