entropy_mean = 0.0
loss_policy = 3.0638389587402344
loss_total = 9.15324592590332
loss_value = 0.999991774559021
step = 1290
value_mean = 0.0
