entropy_mean = 0.0
loss_policy = 3.1532435417175293
loss_total = 9.34324836730957
loss_value = 1.0233787298202515
step = 1221
value_mean = 0.0
