entropy_mean = 0.0
loss_policy = 5.8169965744018555
loss_total = 12.724506378173828
loss_value = 0.10884629189968109
step = 102
value_mean = 0.0
