entropy_mean = 0.0
loss_policy = 4.52646017074585
loss_total = 10.998899459838867
loss_value = 1.0078108310699463
step = 944
value_mean = 0.0
