entropy_mean = 0.0
loss_policy = 5.666661262512207
loss_total = 12.782999038696289
loss_value = 0.3337692618370056
step = 156
value_mean = 0.0
