entropy_mean = 0.0
loss_policy = 5.278977870941162
loss_total = 12.26611614227295
loss_value = 0.984375
step = 611
value_mean = 0.0
