entropy_mean = 0.0
loss_policy = 4.966390609741211
loss_total = 11.750838279724121
loss_value = 0.9921875
step = 730
value_mean = 0.0
