entropy_mean = 0.0
loss_policy = 6.335818767547607
loss_total = 13.904460906982422
loss_value = 0.984375
step = 335
value_mean = 0.0
