entropy_mean = 0.0
loss_policy = 4.218366622924805
loss_total = 10.555880546569824
loss_value = 1.0
step = 1054
value_mean = 0.0
