entropy_mean = 0.0
loss_policy = 4.787528991699219
loss_total = 11.778424263000488
loss_value = 0.9921875
step = 614
value_mean = 0.0
