entropy_mean = 0.0
loss_policy = 5.52041482925415
loss_total = 12.964365005493164
loss_value = 0.9921875
step = 404
value_mean = 0.0
