entropy_mean = 0.0
loss_policy = 4.62363338470459
loss_total = 11.184370040893555
loss_value = 1.0234375
step = 887
value_mean = 0.0
