entropy_mean = 0.0
loss_policy = 5.973714828491211
loss_total = 12.94257640838623
loss_value = 0.17557577788829803
step = 123
value_mean = 0.0
