entropy_mean = 0.0
loss_policy = 5.036592960357666
loss_total = 11.840328216552734
loss_value = 0.9921875
step = 719
value_mean = 0.0
