entropy_mean = 0.0
loss_policy = 3.0296077728271484
loss_total = 9.141322135925293
loss_value = 1.0233064889907837
step = 1291
value_mean = 0.0
