entropy_mean = 0.0
loss_policy = 4.836123466491699
loss_total = 11.445429801940918
loss_value = 1.0
step = 842
value_mean = 0.0
