entropy_mean = 0.0
loss_policy = 5.470511436462402
loss_total = 12.577371597290039
loss_value = 1.0
step = 555
value_mean = 0.0
