entropy_mean = 0.0
loss_policy = 6.054616451263428
loss_total = 13.856369018554688
loss_value = 0.9846355319023132
step = 18
value_mean = 0.0
