entropy_mean = 0.0
loss_policy = 4.21072244644165
loss_total = 10.570690155029297
loss_value = 1.0234375
step = 1055
value_mean = 0.0
