entropy_mean = 0.0
loss_policy = 3.893934726715088
loss_total = 10.115809440612793
loss_value = 0.9423019886016846
step = 1105
value_mean = 0.0
