entropy_mean = 0.0
loss_policy = 5.523991584777832
loss_total = 13.032468795776367
loss_value = 1.015625
step = 383
value_mean = 0.0
