entropy_mean = 0.0
loss_policy = 5.030811309814453
loss_total = 12.455070495605469
loss_value = 1.046875
step = 446
value_mean = 0.0
