entropy_mean = 0.0
loss_policy = 6.0443806648254395
loss_total = 13.733978271484375
loss_value = 0.8767524361610413
step = 41
value_mean = 0.0
