entropy_mean = 0.0
loss_policy = 5.972660064697266
loss_total = 13.72584342956543
loss_value = 0.9921875
step = 197
value_mean = 0.0
