entropy_mean = 0.0
loss_policy = 5.112057685852051
loss_total = 11.887101173400879
loss_value = 1.0
step = 738
value_mean = 0.0
