entropy_mean = 0.0
loss_policy = 5.388397693634033
loss_total = 12.745224952697754
loss_value = 1.0
step = 455
value_mean = 0.0
