entropy_mean = 0.0
loss_policy = 6.011319637298584
loss_total = 13.37946891784668
loss_value = 0.5609817504882812
step = 63
value_mean = 0.0
