entropy_mean = 0.0
loss_policy = 5.803313255310059
loss_total = 13.450620651245117
loss_value = 1.0703125
step = 340
value_mean = 0.0
