entropy_mean = 0.0
loss_policy = 4.831210136413574
loss_total = 11.498412132263184
loss_value = 0.9921873211860657
step = 798
value_mean = 0.0
