entropy_mean = 0.0
loss_policy = 4.023891448974609
loss_total = 10.3662748336792
loss_value = 1.015258550643921
step = 1064
value_mean = 0.0
