entropy_mean = 0.0
loss_policy = 3.0574233531951904
loss_total = 9.144454002380371
loss_value = 0.9921849966049194
step = 1285
value_mean = 0.0
