entropy_mean = 0.0
loss_policy = 6.001038551330566
loss_total = 13.601590156555176
loss_value = 1.0
step = 324
value_mean = 0.0
