entropy_mean = 0.0
loss_policy = 3.9012551307678223
loss_total = 10.21872329711914
loss_value = 0.9999998807907104
step = 1072
value_mean = 0.0
