entropy_mean = 0.0
loss_policy = 2.4757094383239746
loss_total = 8.460427284240723
loss_value = 1.015625
step = 1409
value_mean = 0.0
