entropy_mean = 0.0
loss_policy = 3.9920456409454346
loss_total = 10.261725425720215
loss_value = 0.9656674265861511
step = 1084
value_mean = 0.0
