entropy_mean = 0.0
loss_policy = 5.399534702301025
loss_total = 12.662124633789062
loss_value = 1.0
step = 492
value_mean = 0.0
