entropy_mean = 0.0
loss_policy = 3.2868731021881104
loss_total = 9.470893859863281
loss_value = 0.9999955892562866
step = 1204
value_mean = 0.0
