entropy_mean = 0.0
loss_policy = 4.973255157470703
loss_total = 11.64462947845459
loss_value = 0.9765625
step = 786
value_mean = 0.0
