entropy_mean = 0.0
loss_policy = 5.691494464874268
loss_total = 12.735954284667969
loss_value = 0.2508811056613922
step = 122
value_mean = 0.0
