entropy_mean = 0.0
loss_policy = 5.07747745513916
loss_total = 12.228303909301758
loss_value = 1.0
step = 537
value_mean = 0.0
