entropy_mean = 0.0
loss_policy = 2.8220877647399902
loss_total = 8.846574783325195
loss_value = 1.0
step = 1355
value_mean = 0.0
