entropy_mean = 0.0
loss_policy = 4.634389400482178
loss_total = 11.453333854675293
loss_value = 1.015625
step = 724
value_mean = 0.0
