entropy_mean = 0.0
loss_policy = 5.720277786254883
loss_total = 13.399553298950195
loss_value = 0.8703160285949707
step = 56
value_mean = 0.0
