entropy_mean = 0.0
loss_policy = 5.773730278015137
loss_total = 12.880514144897461
loss_value = 0.3310319781303406
step = 172
value_mean = 0.0
