entropy_mean = 0.0
loss_policy = 4.8384857177734375
loss_total = 11.65368366241455
loss_value = 1.0
step = 717
value_mean = 0.0
