entropy_mean = 0.0
loss_policy = 4.021719932556152
loss_total = 10.43533706665039
loss_value = 1.0156222581863403
step = 1004
value_mean = 0.0
