entropy_mean = 0.0
loss_policy = 4.461889266967773
loss_total = 10.855171203613281
loss_value = 1.0
step = 1008
value_mean = 0.0
