entropy_mean = 0.0
loss_policy = 3.5422301292419434
loss_total = 9.716679573059082
loss_value = 0.9484546780586243
step = 1158
value_mean = 0.0
