entropy_mean = 0.0
loss_policy = 5.719944477081299
loss_total = 13.357184410095215
loss_value = 1.015625
step = 310
value_mean = 0.0
