entropy_mean = 0.0
loss_policy = 3.219585418701172
loss_total = 9.346187591552734
loss_value = 0.9999923706054688
step = 1257
value_mean = 0.0
