entropy_mean = 0.0
loss_policy = 3.9303195476531982
loss_total = 10.223387718200684
loss_value = 0.9924160242080688
step = 1087
value_mean = 0.0
