entropy_mean = 0.0
loss_policy = 5.06813907623291
loss_total = 12.041994094848633
loss_value = 0.9921875
step = 624
value_mean = 0.0
