entropy_mean = 0.0
loss_policy = 6.017919063568115
loss_total = 13.650705337524414
loss_value = 0.9921875
step = 297
value_mean = 0.0
