entropy_mean = 0.0
loss_policy = 5.044440269470215
loss_total = 12.170734405517578
loss_value = 1.0
step = 547
value_mean = 0.0
