entropy_mean = 0.0
loss_policy = 7.159795761108398
loss_total = 14.975309371948242
loss_value = 0.9978702068328857
step = 8
value_mean = 0.0
