entropy_mean = 0.0
loss_policy = 3.9575040340423584
loss_total = 10.16928768157959
loss_value = 0.9333052635192871
step = 1106
value_mean = 0.0
