entropy_mean = 0.0
loss_policy = 5.799349308013916
loss_total = 13.279167175292969
loss_value = 0.6937556862831116
step = 147
value_mean = 0.0
