entropy_mean = 0.0
loss_policy = 6.349239826202393
loss_total = 14.078826904296875
loss_value = 0.999997615814209
step = 232
value_mean = 0.0
