entropy_mean = 0.0
loss_policy = 5.840579032897949
loss_total = 13.503726959228516
loss_value = 1.015625
step = 292
value_mean = 0.0
