entropy_mean = 0.0
loss_policy = 5.825468063354492
loss_total = 12.813421249389648
loss_value = 0.1884762942790985
step = 98
value_mean = 0.0
