entropy_mean = 0.0
loss_policy = 4.605770587921143
loss_total = 11.244644165039062
loss_value = 1.0
step = 823
value_mean = 0.0
