entropy_mean = 0.0
loss_policy = 5.625095367431641
loss_total = 12.629121780395508
loss_value = 0.9921875
step = 604
value_mean = 0.0
