entropy_mean = 0.0
loss_policy = 5.016029357910156
loss_total = 11.868310928344727
loss_value = 0.9921875
step = 692
value_mean = 0.0
