entropy_mean = 0.0
loss_policy = 5.981996536254883
loss_total = 13.435654640197754
loss_value = 0.6807370185852051
step = 178
value_mean = 0.0
