entropy_mean = 0.0
loss_policy = 5.128022193908691
loss_total = 12.248817443847656
loss_value = 0.9921875
step = 546
value_mean = 0.0
