entropy_mean = 0.0
loss_policy = 5.3751983642578125
loss_total = 12.75698471069336
loss_value = 1.0
step = 444
value_mean = 0.0
