entropy_mean = 0.0
loss_policy = 4.192060470581055
loss_total = 10.578681945800781
loss_value = 0.9921875
step = 1007
value_mean = 0.0
