entropy_mean = 0.0
loss_policy = 5.761331558227539
loss_total = 12.784093856811523
loss_value = 0.21897555887699127
step = 78
value_mean = 0.0
