entropy_mean = 0.0
loss_policy = 4.836981773376465
loss_total = 11.623393058776855
loss_value = 0.9921875
step = 729
value_mean = 0.0
