entropy_mean = 0.0
loss_policy = 4.189938545227051
loss_total = 10.563552856445312
loss_value = 0.9999997615814209
step = 1024
value_mean = 0.0
