entropy_mean = 0.0
loss_policy = 6.233421325683594
loss_total = 14.037787437438965
loss_value = 0.9881409406661987
step = 25
value_mean = 0.0
