entropy_mean = 0.0
loss_policy = 3.971550941467285
loss_total = 10.313704490661621
loss_value = 1.023435115814209
step = 1071
value_mean = 0.0
