entropy_mean = 0.0
loss_policy = 4.093100547790527
loss_total = 10.425105094909668
loss_value = 1.0302294492721558
step = 1086
value_mean = 0.0
