entropy_mean = 0.0
loss_policy = 3.07814359664917
loss_total = 9.179878234863281
loss_value = 0.9999992251396179
step = 1279
value_mean = 0.0
