entropy_mean = 0.0
loss_policy = 4.877013206481934
loss_total = 11.727346420288086
loss_value = 1.0234375
step = 711
value_mean = 0.0
