entropy_mean = 0.0
loss_policy = 4.644386291503906
loss_total = 11.134322166442871
loss_value = 0.9921872615814209
step = 914
value_mean = 0.0
