entropy_mean = 0.0
loss_policy = 2.9017903804779053
loss_total = 8.985490798950195
loss_value = 0.9921632409095764
step = 1288
value_mean = 0.0
