entropy_mean = 0.0
loss_policy = 4.894786834716797
loss_total = 11.702350616455078
loss_value = 0.9765625
step = 709
value_mean = 0.0
