entropy_mean = 0.0
loss_policy = 3.772904396057129
loss_total = 9.983428001403809
loss_value = 0.9404039978981018
step = 1114
value_mean = 0.0
