entropy_mean = 0.0
loss_policy = 5.739133834838867
loss_total = 12.688929557800293
loss_value = 0.16304966807365417
step = 145
value_mean = 0.0
