entropy_mean = 0.0
loss_policy = 5.3546061515808105
loss_total = 12.65794849395752
loss_value = 1.0
step = 476
value_mean = 0.0
