entropy_mean = 0.0
loss_policy = 4.8976826667785645
loss_total = 11.642105102539062
loss_value = 1.0
step = 756
value_mean = 0.0
