entropy_mean = 0.0
loss_policy = 4.803677082061768
loss_total = 11.56799602508545
loss_value = 1.046875
step = 773
value_mean = 0.0
