entropy_mean = 0.0
loss_policy = 5.3148345947265625
loss_total = 12.604290008544922
loss_value = 1.0
step = 481
value_mean = 0.0
