entropy_mean = 0.0
loss_policy = 6.105010986328125
loss_total = 13.61140251159668
loss_value = 0.9921875
step = 373
value_mean = 0.0
