entropy_mean = 0.0
loss_policy = 5.80982780456543
loss_total = 13.247419357299805
loss_value = 0.6259781718254089
step = 46
value_mean = 0.0
