entropy_mean = 0.0
loss_policy = 4.8235554695129395
loss_total = 11.391483306884766
loss_value = 1.0
step = 867
value_mean = 0.0
