entropy_mean = 0.0
loss_policy = 6.32067346572876
loss_total = 14.130050659179688
loss_value = 0.99195396900177
step = 14
value_mean = 0.0
