entropy_mean = 0.0
loss_policy = 5.712732315063477
loss_total = 12.7562255859375
loss_value = 0.24086901545524597
step = 83
value_mean = 0.0
