entropy_mean = 0.0
loss_policy = 6.0842604637146
loss_total = 13.83057689666748
loss_value = 1.0
step = 215
value_mean = 0.0
