entropy_mean = 0.0
loss_policy = 4.7433247566223145
loss_total = 11.255162239074707
loss_value = 0.9921870827674866
step = 899
value_mean = 0.0
