entropy_mean = 0.0
loss_policy = 4.677200794219971
loss_total = 11.304434776306152
loss_value = 1.0078123807907104
step = 836
value_mean = 0.0
