entropy_mean = 0.0
loss_policy = 2.69932222366333
loss_total = 8.744300842285156
loss_value = 0.993903398513794
step = 1328
value_mean = 0.0
