entropy_mean = 0.0
loss_policy = 2.956327438354492
loss_total = 9.066402435302734
loss_value = 0.9999998211860657
step = 1272
value_mean = 0.0
