entropy_mean = 0.0
loss_policy = 6.462259292602539
loss_total = 14.09799575805664
loss_value = 1.0234375
step = 316
value_mean = 0.0
