entropy_mean = 0.0
loss_policy = 4.44447660446167
loss_total = 10.8891019821167
loss_value = 0.9999890923500061
step = 961
value_mean = 0.0
