entropy_mean = 0.0
loss_policy = 5.7972564697265625
loss_total = 12.802545547485352
loss_value = 0.2334149181842804
step = 180
value_mean = 0.0
