entropy_mean = 0.0
loss_policy = 5.489245414733887
loss_total = 12.956573486328125
loss_value = 1.0234375
step = 409
value_mean = 0.0
