entropy_mean = 0.0
loss_policy = 5.38279914855957
loss_total = 12.948484420776367
loss_value = 1.0234375
step = 360
value_mean = 0.0
