entropy_mean = 0.0
loss_policy = 4.417323112487793
loss_total = 10.913745880126953
loss_value = 0.9999998807907104
step = 915
value_mean = 0.0
