entropy_mean = 0.0
loss_policy = 2.6620469093322754
loss_total = 8.447050094604492
loss_value = 0.7421960830688477
step = 1336
value_mean = 0.0
