entropy_mean = 0.0
loss_policy = 5.689276218414307
loss_total = 12.907417297363281
loss_value = 1.0
step = 509
value_mean = 0.0
