entropy_mean = 0.0
loss_policy = 2.588235855102539
loss_total = 8.682998657226562
loss_value = 1.023428201675415
step = 1309
value_mean = 0.0
