entropy_mean = 0.0
loss_policy = 5.066954135894775
loss_total = 11.787395477294922
loss_value = 1.0
step = 771
value_mean = 0.0
