entropy_mean = 0.0
loss_policy = 3.1543428897857666
loss_total = 9.159795761108398
loss_value = 0.9921875
step = 1367
value_mean = 0.0
