entropy_mean = 0.0
loss_policy = 3.8118553161621094
loss_total = 9.973865509033203
loss_value = 0.8990164995193481
step = 1121
value_mean = 0.0
