entropy_mean = 0.0
loss_policy = 5.517712116241455
loss_total = 12.733049392700195
loss_value = 1.0
step = 510
value_mean = 0.0
