entropy_mean = 0.0
loss_policy = 5.991507053375244
loss_total = 13.5826416015625
loss_value = 1.015625
step = 341
value_mean = 0.0
