entropy_mean = 0.0
loss_policy = 5.005597114562988
loss_total = 11.894123077392578
loss_value = 1.0
step = 674
value_mean = 0.0
