entropy_mean = 0.0
loss_policy = 4.201839447021484
loss_total = 10.574228286743164
loss_value = 1.0234375
step = 1044
value_mean = 0.0
