entropy_mean = 0.0
loss_policy = 6.007177352905273
loss_total = 13.444574356079102
loss_value = 0.6271039843559265
step = 51
value_mean = 0.0
