entropy_mean = 0.0
loss_policy = 4.86452579498291
loss_total = 11.713808059692383
loss_value = 1.0
step = 699
value_mean = 0.0
