entropy_mean = 0.0
loss_policy = 3.6828551292419434
loss_total = 9.724189758300781
loss_value = 0.8017802238464355
step = 1143
value_mean = 0.0
