entropy_mean = 0.0
loss_policy = 5.704329013824463
loss_total = 13.36451530456543
loss_value = 1.0
step = 284
value_mean = 0.0
