entropy_mean = 0.0
loss_policy = 5.92695426940918
loss_total = 13.03266716003418
loss_value = 0.30262356996536255
step = 81
value_mean = 0.0
