entropy_mean = 0.0
loss_policy = 2.7393815517425537
loss_total = 8.790202140808105
loss_value = 1.0234375
step = 1352
value_mean = 0.0
