entropy_mean = 0.0
loss_policy = 4.776688575744629
loss_total = 11.294225692749023
loss_value = 1.015624761581421
step = 911
value_mean = 0.0
