entropy_mean = 0.0
loss_policy = 5.974035263061523
loss_total = 13.50577163696289
loss_value = 1.0
step = 365
value_mean = 0.0
