entropy_mean = 0.0
loss_policy = 6.381962776184082
loss_total = 14.117971420288086
loss_value = 0.9921875
step = 218
value_mean = 0.0
