entropy_mean = 0.0
loss_policy = 3.345810890197754
loss_total = 9.543827056884766
loss_value = 1.0234375
step = 1213
value_mean = 0.0
