entropy_mean = 0.0
loss_policy = 5.266896724700928
loss_total = 12.434150695800781
loss_value = 1.0
step = 530
value_mean = 0.0
