entropy_mean = 0.0
loss_policy = 3.397062063217163
loss_total = 9.585456848144531
loss_value = 0.9917632341384888
step = 1192
value_mean = 0.0
