entropy_mean = 0.0
loss_policy = 5.8583197593688965
loss_total = 13.642034530639648
loss_value = 1.0234375
step = 198
value_mean = 0.0
