entropy_mean = 0.0
loss_policy = 4.465539455413818
loss_total = 10.892555236816406
loss_value = 1.0234360694885254
step = 999
value_mean = 0.0
