entropy_mean = 0.0
loss_policy = 5.940854549407959
loss_total = 13.629705429077148
loss_value = 1.0
step = 267
value_mean = 0.0
