entropy_mean = 0.0
loss_policy = 5.5072174072265625
loss_total = 12.507266998291016
loss_value = 0.9921875
step = 607
value_mean = 0.0
