entropy_mean = 0.0
loss_policy = 5.108741283416748
loss_total = 12.373529434204102
loss_value = 1.0
step = 491
value_mean = 0.0
