entropy_mean = 0.0
loss_policy = 5.752155780792236
loss_total = 13.295080184936523
loss_value = 0.7721232175827026
step = 182
value_mean = 0.0
