entropy_mean = 0.0
loss_policy = 5.680943012237549
loss_total = 12.704780578613281
loss_value = 0.9921875
step = 591
value_mean = 0.0
