entropy_mean = 0.0
loss_policy = 5.287314414978027
loss_total = 12.399181365966797
loss_value = 1.0390625
step = 572
value_mean = 0.0
