entropy_mean = 0.0
loss_policy = 4.265935897827148
loss_total = 10.711580276489258
loss_value = 0.9998257160186768
step = 960
value_mean = 0.0
