entropy_mean = 0.0
loss_policy = 5.8115997314453125
loss_total = 12.947710037231445
loss_value = 0.3386390209197998
step = 107
value_mean = 0.0
