entropy_mean = 0.0
loss_policy = 4.037716388702393
loss_total = 10.382909774780273
loss_value = 1.0
step = 1047
value_mean = 0.0
