entropy_mean = 0.0
loss_policy = 5.3593010902404785
loss_total = 12.713201522827148
loss_value = 0.9921875
step = 453
value_mean = 0.0
