entropy_mean = 0.0
loss_policy = 5.241818428039551
loss_total = 12.597929000854492
loss_value = 1.0234375
step = 465
value_mean = 0.0
