entropy_mean = 0.0
loss_policy = 3.0483484268188477
loss_total = 9.183032989501953
loss_value = 1.023437261581421
step = 1271
value_mean = 0.0
