entropy_mean = 0.0
loss_policy = 5.200459003448486
loss_total = 12.15807819366455
loss_value = 1.0
step = 638
value_mean = 0.0
