entropy_mean = 0.0
loss_policy = 4.396923542022705
loss_total = 10.806787490844727
loss_value = 1.0
step = 993
value_mean = 0.0
