entropy_mean = 0.0
loss_policy = 6.157661437988281
loss_total = 13.773332595825195
loss_value = 0.8025897145271301
step = 40
value_mean = 0.0
