entropy_mean = 0.0
loss_policy = 3.784705638885498
loss_total = 10.062695503234863
loss_value = 0.9924073219299316
step = 1100
value_mean = 0.0
