entropy_mean = 0.0
loss_policy = 5.282135963439941
loss_total = 12.241280555725098
loss_value = 1.0
step = 637
value_mean = 0.0
