entropy_mean = 0.0
loss_policy = 5.004487991333008
loss_total = 11.75554084777832
loss_value = 1.0
step = 752
value_mean = 0.0
