entropy_mean = 0.0
loss_policy = 5.938830375671387
loss_total = 13.56953239440918
loss_value = 1.0
step = 304
value_mean = 0.0
