entropy_mean = 0.0
loss_policy = 4.8861236572265625
loss_total = 12.023983001708984
loss_value = 1.0234375
step = 552
value_mean = 0.0
