entropy_mean = 0.0
loss_policy = 5.7527289390563965
loss_total = 13.397446632385254
loss_value = 1.0
step = 294
value_mean = 0.0
