entropy_mean = 0.0
loss_policy = 5.110581874847412
loss_total = 11.772153854370117
loss_value = 1.0
step = 806
value_mean = 0.0
