entropy_mean = 0.0
loss_policy = 6.216116428375244
loss_total = 13.955448150634766
loss_value = 0.9921875
step = 214
value_mean = 0.0
