entropy_mean = 0.0
loss_policy = 4.956993103027344
loss_total = 11.838809967041016
loss_value = 1.046875
step = 707
value_mean = 0.0
