entropy_mean = 0.0
loss_policy = 3.7186179161071777
loss_total = 10.08820915222168
loss_value = 1.0390405654907227
step = 1061
value_mean = 0.0
