entropy_mean = 0.0
loss_policy = 4.555941581726074
loss_total = 11.046710968017578
loss_value = 0.9843748807907104
step = 908
value_mean = 0.0
