entropy_mean = 0.0
loss_policy = 4.291825771331787
loss_total = 10.737689971923828
loss_value = 1.0077780485153198
step = 967
value_mean = 0.0
