entropy_mean = 0.0
loss_policy = 5.005455017089844
loss_total = 12.02513313293457
loss_value = 1.046875
step = 629
value_mean = 0.0
