entropy_mean = 0.0
loss_policy = 5.279862880706787
loss_total = 12.285287857055664
loss_value = 0.9921875
step = 603
value_mean = 0.0
