entropy_mean = 0.0
loss_policy = 4.572206497192383
loss_total = 11.126066207885742
loss_value = 0.984375
step = 866
value_mean = 0.0
