entropy_mean = 0.0
loss_policy = 6.718608856201172
loss_total = 14.537342071533203
loss_value = 1.0012555122375488
step = 13
value_mean = 0.0
