entropy_mean = 0.0
loss_policy = 3.8238377571105957
loss_total = 10.102689743041992
loss_value = 0.9919905662536621
step = 1099
value_mean = 0.0
