entropy_mean = 0.0
loss_policy = 3.6163034439086914
loss_total = 9.673944473266602
loss_value = 0.8467135429382324
step = 1175
value_mean = 0.0
