entropy_mean = 0.0
loss_policy = 3.1097412109375
loss_total = 9.197915077209473
loss_value = 0.9921822547912598
step = 1284
value_mean = 0.0
