entropy_mean = 0.0
loss_policy = 5.509067058563232
loss_total = 13.006667137145996
loss_value = 1.0
step = 381
value_mean = 0.0
