entropy_mean = 0.0
loss_policy = 5.864861488342285
loss_total = 13.305623054504395
loss_value = 0.6302047967910767
step = 50
value_mean = 0.0
