entropy_mean = 0.0
loss_policy = 5.755189895629883
loss_total = 12.975135803222656
loss_value = 0.4192925691604614
step = 92
value_mean = 0.0
