entropy_mean = 0.0
loss_policy = 5.603575229644775
loss_total = 13.081928253173828
loss_value = 1.0234375
step = 402
value_mean = 0.0
