entropy_mean = 0.0
loss_policy = 4.6215362548828125
loss_total = 11.183588027954102
loss_value = 1.0234375
step = 886
value_mean = 0.0
