entropy_mean = 0.0
loss_policy = 5.981014251708984
loss_total = 13.70050048828125
loss_value = 0.9051943421363831
step = 35
value_mean = 0.0
