entropy_mean = 0.0
loss_policy = 4.617810249328613
loss_total = 11.33637809753418
loss_value = 1.046875
step = 800
value_mean = 0.0
