entropy_mean = 0.0
loss_policy = 6.069414138793945
loss_total = 13.545703887939453
loss_value = 1.0
step = 390
value_mean = 0.0
