entropy_mean = 0.0
loss_policy = 5.850796222686768
loss_total = 13.411717414855957
loss_value = 1.0
step = 350
value_mean = 0.0
