entropy_mean = 0.0
loss_policy = 5.5274338722229
loss_total = 12.72606086730957
loss_value = 1.015625
step = 523
value_mean = 0.0
