entropy_mean = 0.0
loss_policy = 5.749192237854004
loss_total = 12.861127853393555
loss_value = 0.33096927404403687
step = 160
value_mean = 0.0
