entropy_mean = 0.0
loss_policy = 4.351880073547363
loss_total = 10.729225158691406
loss_value = 1.0
step = 1021
value_mean = 0.0
