entropy_mean = 0.0
loss_policy = 6.223721504211426
loss_total = 13.971698760986328
loss_value = 1.0
step = 213
value_mean = 0.0
