entropy_mean = 0.0
loss_policy = 5.89727258682251
loss_total = 13.35411548614502
loss_value = 0.6704378724098206
step = 146
value_mean = 0.0
