entropy_mean = 0.0
loss_policy = 5.262486457824707
loss_total = 12.330448150634766
loss_value = 0.984375
step = 566
value_mean = 0.0
