entropy_mean = 0.0
loss_policy = 5.31192684173584
loss_total = 12.796503067016602
loss_value = 1.046875
step = 413
value_mean = 0.0
