entropy_mean = 0.0
loss_policy = 5.023481845855713
loss_total = 11.6991605758667
loss_value = 1.015625
step = 807
value_mean = 0.0
