entropy_mean = 0.0
loss_policy = 6.415946960449219
loss_total = 13.983222961425781
loss_value = 0.984375
step = 336
value_mean = 0.0
