entropy_mean = 0.0
loss_policy = 6.732025146484375
loss_total = 14.196943283081055
loss_value = 1.0
step = 396
value_mean = 0.0
