entropy_mean = 0.0
loss_policy = 5.483549118041992
loss_total = 12.767454147338867
loss_value = 1.0
step = 483
value_mean = 0.0
