entropy_mean = 0.0
loss_policy = 6.653736591339111
loss_total = 14.361984252929688
loss_value = 1.0
step = 251
value_mean = 0.0
