entropy_mean = 0.0
loss_policy = 5.060215473175049
loss_total = 12.272889137268066
loss_value = 1.0
step = 511
value_mean = 0.0
