entropy_mean = 0.0
loss_policy = 4.592267036437988
loss_total = 11.284637451171875
loss_value = 0.9921875
step = 783
value_mean = 0.0
