entropy_mean = 0.0
loss_policy = 5.058207988739014
loss_total = 12.08636474609375
loss_value = 1.0
step = 593
value_mean = 0.0
