entropy_mean = 0.0
loss_policy = 5.264820575714111
loss_total = 12.581815719604492
loss_value = 1.0
step = 471
value_mean = 0.0
