entropy_mean = 0.0
loss_policy = 4.910256385803223
loss_total = 11.640584945678711
loss_value = 1.0468748807907104
step = 793
value_mean = 0.0
