entropy_mean = 0.0
loss_policy = 4.690386772155762
loss_total = 11.171710968017578
loss_value = 1.0
step = 929
value_mean = 0.0
