entropy_mean = 0.0
loss_policy = 5.829113960266113
loss_total = 12.923802375793457
loss_value = 0.29697883129119873
step = 106
value_mean = 0.0
