entropy_mean = 0.0
loss_policy = 4.46018648147583
loss_total = 11.019636154174805
loss_value = 1.0234375
step = 888
value_mean = 0.0
