entropy_mean = 0.0
loss_policy = 4.7468109130859375
loss_total = 11.428812980651855
loss_value = 1.0234375
step = 808
value_mean = 0.0
