entropy_mean = 0.0
loss_policy = 5.170569896697998
loss_total = 12.074615478515625
loss_value = 1.0
step = 665
value_mean = 0.0
