entropy_mean = 0.0
loss_policy = 5.8447980880737305
loss_total = 13.229533195495605
loss_value = 0.5917423367500305
step = 124
value_mean = 0.0
