entropy_mean = 0.0
loss_policy = 4.158965587615967
loss_total = 10.55649185180664
loss_value = 0.9960914850234985
step = 1001
value_mean = 0.0
