entropy_mean = 0.0
loss_policy = 4.912923812866211
loss_total = 11.978255271911621
loss_value = 1.0
step = 576
value_mean = 0.0
