entropy_mean = 0.0
loss_policy = 3.469489574432373
loss_total = 9.624832153320312
loss_value = 0.9577298164367676
step = 1191
value_mean = 0.0
