entropy_mean = 0.0
loss_policy = 8.691570281982422
loss_total = 16.500873565673828
loss_value = 0.9916093349456787
step = 3
value_mean = 0.0
