entropy_mean = 0.0
loss_policy = 6.702563285827637
loss_total = 14.524106979370117
loss_value = 1.004257082939148
step = 16
value_mean = 0.0
