entropy_mean = 0.0
loss_policy = 4.95810604095459
loss_total = 12.032774925231934
loss_value = 1.0
step = 571
value_mean = 0.0
