entropy_mean = 0.0
loss_policy = 6.071388244628906
loss_total = 13.758597373962402
loss_value = 1.0234375
step = 282
value_mean = 0.0
