entropy_mean = 0.0
loss_policy = 4.431767463684082
loss_total = 10.838501930236816
loss_value = 1.0
step = 996
value_mean = 0.0
