entropy_mean = 0.0
loss_policy = 3.442183256149292
loss_total = 9.568864822387695
loss_value = 0.9238829016685486
step = 1185
value_mean = 0.0
