entropy_mean = 0.0
loss_policy = 3.1861939430236816
loss_total = 9.375658988952637
loss_value = 1.0
step = 1199
value_mean = 0.0
