entropy_mean = 0.0
loss_policy = 5.1181159019470215
loss_total = 12.082159996032715
loss_value = 1.0
step = 634
value_mean = 0.0
