entropy_mean = 0.0
loss_policy = 3.714045763015747
loss_total = 9.870501518249512
loss_value = 0.888261079788208
step = 1116
value_mean = 0.0
