entropy_mean = 0.0
loss_policy = 5.775417327880859
loss_total = 12.702178955078125
loss_value = 0.13435468077659607
step = 126
value_mean = 0.0
