entropy_mean = 0.0
loss_policy = 3.3608925342559814
loss_total = 9.52558708190918
loss_value = 0.9921872615814209
step = 1215
value_mean = 0.0
