entropy_mean = 0.0
loss_policy = 5.394207954406738
loss_total = 12.801700592041016
loss_value = 1.0
step = 430
value_mean = 0.0
