entropy_mean = 0.0
loss_policy = 4.782287120819092
loss_total = 11.75090503692627
loss_value = 1.015625
step = 641
value_mean = 0.0
