entropy_mean = 0.0
loss_policy = 5.181297302246094
loss_total = 12.173236846923828
loss_value = 1.015625
step = 627
value_mean = 0.0
