entropy_mean = 0.0
loss_policy = 4.244729518890381
loss_total = 10.682493209838867
loss_value = 1.046875
step = 1010
value_mean = 0.0
