entropy_mean = 0.0
loss_policy = 5.7579216957092285
loss_total = 12.939518928527832
loss_value = 0.40236762166023254
step = 164
value_mean = 0.0
