entropy_mean = 0.0
loss_policy = 4.157772541046143
loss_total = 10.377331733703613
loss_value = 0.9421939849853516
step = 1107
value_mean = 0.0
