entropy_mean = 0.0
loss_policy = 4.7558369636535645
loss_total = 11.267632484436035
loss_value = 0.9843746423721313
step = 894
value_mean = 0.0
