entropy_mean = 0.0
loss_policy = 6.503368377685547
loss_total = 14.316461563110352
loss_value = 0.9957352876663208
step = 15
value_mean = 0.0
