entropy_mean = 0.0
loss_policy = 5.350292205810547
loss_total = 12.645203590393066
loss_value = 1.0234375
step = 488
value_mean = 0.0
