entropy_mean = 0.0
loss_policy = 4.721129417419434
loss_total = 11.226885795593262
loss_value = 1.0234367847442627
step = 928
value_mean = 0.0
