entropy_mean = 0.0
loss_policy = 5.004334449768066
loss_total = 11.985301971435547
loss_value = 0.9921875
step = 620
value_mean = 0.0
