entropy_mean = 0.0
loss_policy = 6.378739833831787
loss_total = 14.137514114379883
loss_value = 1.0
step = 200
value_mean = 0.0
