entropy_mean = 0.0
loss_policy = 2.5797677040100098
loss_total = 8.593189239501953
loss_value = 1.0234375
step = 1390
value_mean = 0.0
