entropy_mean = 0.0
loss_policy = 4.914242744445801
loss_total = 11.714612007141113
loss_value = 0.9921875
step = 721
value_mean = 0.0
