entropy_mean = 0.0
loss_policy = 5.953229904174805
loss_total = 13.49773120880127
loss_value = 0.7331478595733643
step = 47
value_mean = 0.0
