entropy_mean = 0.0
loss_policy = 4.364335060119629
loss_total = 10.820375442504883
loss_value = 1.0232654809951782
step = 972
value_mean = 0.0
