entropy_mean = 0.0
loss_policy = 5.003376007080078
loss_total = 11.805017471313477
loss_value = 1.015625
step = 733
value_mean = 0.0
