entropy_mean = 0.0
loss_policy = 5.0426025390625
loss_total = 11.677583694458008
loss_value = 1.0
step = 826
value_mean = 0.0
