entropy_mean = 0.0
loss_policy = 5.797428131103516
loss_total = 12.997781753540039
loss_value = 0.4061751067638397
step = 120
value_mean = 0.0
