entropy_mean = 0.0
loss_policy = 6.13628625869751
loss_total = 13.137618064880371
loss_value = 0.9921875
step = 606
value_mean = 0.0
