entropy_mean = 0.0
loss_policy = 5.857610702514648
loss_total = 13.272951126098633
loss_value = 0.6197164058685303
step = 115
value_mean = 0.0
