entropy_mean = 0.0
loss_policy = 2.8742880821228027
loss_total = 8.908607482910156
loss_value = 1.0
step = 1345
value_mean = 0.0
