entropy_mean = 0.0
loss_policy = 5.246984481811523
loss_total = 12.611066818237305
loss_value = 1.0
step = 452
value_mean = 0.0
