entropy_mean = 0.0
loss_policy = 3.975965976715088
loss_total = 10.17319107055664
loss_value = 0.9231719970703125
step = 1110
value_mean = 0.0
