entropy_mean = 0.0
loss_policy = 5.892055511474609
loss_total = 13.369576454162598
loss_value = 0.6674955487251282
step = 52
value_mean = 0.0
