entropy_mean = 0.0
loss_policy = 6.293453693389893
loss_total = 13.973572731018066
loss_value = 1.0234375
step = 286
value_mean = 0.0
