entropy_mean = 0.0
loss_policy = 2.5670578479766846
loss_total = 8.565821647644043
loss_value = 1.0234375
step = 1403
value_mean = 0.0
