entropy_mean = 0.0
loss_policy = 5.363452434539795
loss_total = 12.616798400878906
loss_value = 1.0
step = 496
value_mean = 0.0
