entropy_mean = 0.0
loss_policy = 2.8619418144226074
loss_total = 8.851848602294922
loss_value = 1.015625
step = 1404
value_mean = 0.0
