entropy_mean = 0.0
loss_policy = 4.919403553009033
loss_total = 11.6108980178833
loss_value = 1.0
step = 788
value_mean = 0.0
