entropy_mean = 0.0
loss_policy = 4.691532135009766
loss_total = 11.215485572814941
loss_value = 1.023437261581421
step = 912
value_mean = 0.0
