entropy_mean = 0.0
loss_policy = 5.227304458618164
loss_total = 12.485383987426758
loss_value = 1.0
step = 494
value_mean = 0.0
