entropy_mean = 0.0
loss_policy = 4.794013977050781
loss_total = 11.786368370056152
loss_value = 0.9921875
step = 613
value_mean = 0.0
