entropy_mean = 0.0
loss_policy = 5.707244396209717
loss_total = 13.110519409179688
loss_value = 0.9921875
step = 428
value_mean = 0.0
