entropy_mean = 0.0
loss_policy = 3.3893446922302246
loss_total = 9.600130081176758
loss_value = 1.0234375
step = 1201
value_mean = 0.0
