entropy_mean = 0.0
loss_policy = 5.2802839279174805
loss_total = 12.572434425354004
loss_value = 1.0
step = 480
value_mean = 0.0
