entropy_mean = 0.0
loss_policy = 4.445064544677734
loss_total = 10.901819229125977
loss_value = 1.0228793621063232
step = 971
value_mean = 0.0
