entropy_mean = 0.0
loss_policy = 4.913486480712891
loss_total = 11.638933181762695
loss_value = 1.0
step = 768
value_mean = 0.0
