entropy_mean = 0.0
loss_policy = 3.570525646209717
loss_total = 9.800097465515137
loss_value = 1.0390597581863403
step = 1198
value_mean = 0.0
