entropy_mean = 0.0
loss_policy = 2.896251678466797
loss_total = 8.899927139282227
loss_value = 0.9921875
step = 1369
value_mean = 0.0
