entropy_mean = 0.0
loss_policy = 6.9978508949279785
loss_total = 14.81110954284668
loss_value = 1.0468707084655762
step = 189
value_mean = 0.0
