entropy_mean = 0.0
loss_policy = 2.643042802810669
loss_total = 8.635032653808594
loss_value = 1.015625
step = 1402
value_mean = 0.0
