entropy_mean = 0.0
loss_policy = 2.9361815452575684
loss_total = 9.018414497375488
loss_value = 0.9999943971633911
step = 1297
value_mean = 0.0
