entropy_mean = 0.0
loss_policy = 4.271094799041748
loss_total = 10.635637283325195
loss_value = 0.9921169281005859
step = 1025
value_mean = 0.0
