entropy_mean = 0.0
loss_policy = 5.214629650115967
loss_total = 12.21868896484375
loss_value = 1.0
step = 610
value_mean = 0.0
