entropy_mean = 0.0
loss_policy = 5.44028902053833
loss_total = 12.991626739501953
loss_value = 0.9921875
step = 351
value_mean = 0.0
