entropy_mean = 0.0
loss_policy = 4.629158020019531
loss_total = 11.376911163330078
loss_value = 1.0
step = 754
value_mean = 0.0
