entropy_mean = 0.0
loss_policy = 5.21082878112793
loss_total = 12.093098640441895
loss_value = 0.9921875
step = 673
value_mean = 0.0
