entropy_mean = 0.0
loss_policy = 6.258406639099121
loss_total = 13.923524856567383
loss_value = 0.9921875
step = 277
value_mean = 0.0
