entropy_mean = 0.0
loss_policy = 6.207659721374512
loss_total = 13.968894958496094
loss_value = 1.046875
step = 246
value_mean = 0.0
