entropy_mean = 0.0
loss_policy = 4.713529586791992
loss_total = 11.278221130371094
loss_value = 0.9999999403953552
step = 869
value_mean = 0.0
