entropy_mean = 0.0
loss_policy = 6.104674339294434
loss_total = 13.7374906539917
loss_value = 1.0234375
step = 318
value_mean = 0.0
