entropy_mean = 0.0
loss_policy = 3.202531576156616
loss_total = 9.22775650024414
loss_value = 1.015625
step = 1371
value_mean = 0.0
