entropy_mean = 0.0
loss_policy = 4.774431228637695
loss_total = 11.344364166259766
loss_value = 0.9921875
step = 861
value_mean = 0.0
