entropy_mean = 0.0
loss_policy = 2.913365364074707
loss_total = 8.886564254760742
loss_value = 1.0
step = 1405
value_mean = 0.0
