entropy_mean = 0.0
loss_policy = 3.355767250061035
loss_total = 9.515504837036133
loss_value = 1.0
step = 1228
value_mean = 0.0
