entropy_mean = 0.0
loss_policy = 5.788699150085449
loss_total = 12.641741752624512
loss_value = 0.05790480226278305
step = 117
value_mean = 0.0
