entropy_mean = 0.0
loss_policy = 4.8702778816223145
loss_total = 11.47594165802002
loss_value = 1.0
step = 844
value_mean = 0.0
