entropy_mean = 0.0
loss_policy = 5.234213352203369
loss_total = 12.387611389160156
loss_value = 1.0
step = 536
value_mean = 0.0
