entropy_mean = 0.0
loss_policy = 6.050509452819824
loss_total = 13.636181831359863
loss_value = 1.0
step = 334
value_mean = 0.0
