entropy_mean = 0.0
loss_policy = 5.994536399841309
loss_total = 13.593572616577148
loss_value = 1.0
step = 325
value_mean = 0.0
