entropy_mean = 0.0
loss_policy = 3.5623345375061035
loss_total = 9.650642395019531
loss_value = 0.8709703683853149
step = 1168
value_mean = 0.0
