entropy_mean = 0.0
loss_policy = 5.565021514892578
loss_total = 12.995074272155762
loss_value = 1.0390625
step = 439
value_mean = 0.0
