entropy_mean = 0.0
loss_policy = 5.089123725891113
loss_total = 12.071473121643066
loss_value = 1.0078125
step = 628
value_mean = 0.0
