entropy_mean = 0.0
loss_policy = 5.828457832336426
loss_total = 13.576400756835938
loss_value = 0.9353375434875488
step = 42
value_mean = 0.0
