entropy_mean = 0.0
loss_policy = 5.537894248962402
loss_total = 12.807109832763672
loss_value = 1.0
step = 489
value_mean = 0.0
