entropy_mean = 0.0
loss_policy = 6.059140205383301
loss_total = 13.75184440612793
loss_value = 1.0
step = 264
value_mean = 0.0
