entropy_mean = 0.0
loss_policy = 6.02048397064209
loss_total = 13.733772277832031
loss_value = 0.9999922513961792
step = 247
value_mean = 0.0
