entropy_mean = 0.0
loss_policy = 5.267176628112793
loss_total = 12.163918495178223
loss_value = 1.0
step = 669
value_mean = 0.0
