entropy_mean = 0.0
loss_policy = 2.812852382659912
loss_total = 8.82761001586914
loss_value = 0.9921875
step = 1357
value_mean = 0.0
