entropy_mean = 0.0
loss_policy = 5.145092010498047
loss_total = 12.318719863891602
loss_value = 1.015625
step = 534
value_mean = 0.0
