entropy_mean = 0.0
loss_policy = 4.3047709465026855
loss_total = 10.65243148803711
loss_value = 1.0
step = 1045
value_mean = 0.0
