entropy_mean = 0.0
loss_policy = 4.747366905212402
loss_total = 11.361692428588867
loss_value = 1.0
step = 839
value_mean = 0.0
