entropy_mean = 0.0
loss_policy = 6.006978511810303
loss_total = 13.637076377868652
loss_value = 0.8179865479469299
step = 44
value_mean = 0.0
