entropy_mean = 0.0
loss_policy = 3.801978588104248
loss_total = 9.99770736694336
loss_value = 0.9856486916542053
step = 1176
value_mean = 0.0
