entropy_mean = 0.0
loss_policy = 5.703044891357422
loss_total = 13.043725967407227
loss_value = 0.5351482629776001
step = 70
value_mean = 0.0
