entropy_mean = 0.0
loss_policy = 5.874523162841797
loss_total = 12.886919021606445
loss_value = 0.9921875
step = 598
value_mean = 0.0
