entropy_mean = 0.0
loss_policy = 2.9027833938598633
loss_total = 8.968856811523438
loss_value = 0.9999862909317017
step = 1314
value_mean = 0.0
