entropy_mean = 0.0
loss_policy = 4.905494689941406
loss_total = 11.775362014770508
loss_value = 1.03125
step = 705
value_mean = 0.0
