entropy_mean = 0.0
loss_policy = 5.31547212600708
loss_total = 12.848899841308594
loss_value = 1.0234375
step = 375
value_mean = 0.0
