entropy_mean = 0.0
loss_policy = 3.0307230949401855
loss_total = 9.140501976013184
loss_value = 1.0234333276748657
step = 1293
value_mean = 0.0
