entropy_mean = 0.0
loss_policy = 4.077305316925049
loss_total = 10.451051712036133
loss_value = 1.0234363079071045
step = 1043
value_mean = 0.0
