entropy_mean = 0.0
loss_policy = 2.9748096466064453
loss_total = 9.012005805969238
loss_value = 1.0
step = 1342
value_mean = 0.0
