entropy_mean = 0.0
loss_policy = 5.264273643493652
loss_total = 12.141900062561035
loss_value = 1.0
step = 681
value_mean = 0.0
