entropy_mean = 0.0
loss_policy = 3.194056272506714
loss_total = 9.346925735473633
loss_value = 0.9921852350234985
step = 1227
value_mean = 0.0
