entropy_mean = 0.0
loss_policy = 2.9538941383361816
loss_total = 9.067798614501953
loss_value = 1.023433804512024
step = 1289
value_mean = 0.0
