entropy_mean = 0.0
loss_policy = 5.49038028717041
loss_total = 12.678033828735352
loss_value = 1.0
step = 521
value_mean = 0.0
