entropy_mean = 0.0
loss_policy = 4.960667610168457
loss_total = 11.693710327148438
loss_value = 1.0234375
step = 778
value_mean = 0.0
