entropy_mean = 0.0
loss_policy = 3.847419261932373
loss_total = 10.1217679977417
loss_value = 0.9899947047233582
step = 1101
value_mean = 0.0
