entropy_mean = 0.0
loss_policy = 4.914096832275391
loss_total = 11.547798156738281
loss_value = 1.0
step = 827
value_mean = 0.0
