entropy_mean = 0.0
loss_policy = 5.127427101135254
loss_total = 12.248964309692383
loss_value = 1.0
step = 549
value_mean = 0.0
