entropy_mean = 0.0
loss_policy = 5.979860305786133
loss_total = 13.087520599365234
loss_value = 0.3025612533092499
step = 72
value_mean = 0.0
