entropy_mean = 0.0
loss_policy = 5.684603691101074
loss_total = 12.718137741088867
loss_value = 1.0
step = 590
value_mean = 0.0
