entropy_mean = 0.0
loss_policy = 5.416655540466309
loss_total = 12.318780899047852
loss_value = 1.0
step = 666
value_mean = 0.0
