entropy_mean = 0.0
loss_policy = 3.0882771015167236
loss_total = 9.186527252197266
loss_value = 0.9999974370002747
step = 1282
value_mean = 0.0
