entropy_mean = 0.0
loss_policy = 3.7676198482513428
loss_total = 10.014615058898926
loss_value = 1.0160273313522339
step = 1152
value_mean = 0.0
