entropy_mean = 0.0
loss_policy = 4.478391170501709
loss_total = 11.043317794799805
loss_value = 0.9921875
step = 864
value_mean = 0.0
