entropy_mean = 0.0
loss_policy = 6.081070423126221
loss_total = 13.553361892700195
loss_value = 1.0
step = 392
value_mean = 0.0
