entropy_mean = 0.0
loss_policy = 2.693801164627075
loss_total = 8.695158958435059
loss_value = 1.03125
step = 1408
value_mean = 0.0
