entropy_mean = 0.0
loss_policy = 4.665085792541504
loss_total = 11.199441909790039
loss_value = 1.0234373807907104
step = 905
value_mean = 0.0
