entropy_mean = 0.0
loss_policy = 5.0906291007995605
loss_total = 12.226045608520508
loss_value = 0.9921875
step = 540
value_mean = 0.0
