entropy_mean = 0.0
loss_policy = 6.134532928466797
loss_total = 13.772432327270508
loss_value = 1.0
step = 299
value_mean = 0.0
