entropy_mean = 0.0
loss_policy = 4.251100063323975
loss_total = 10.656784057617188
loss_value = 1.0
step = 997
value_mean = 0.0
