entropy_mean = 0.0
loss_policy = 5.828666687011719
loss_total = 12.906009674072266
loss_value = 0.27648651599884033
step = 91
value_mean = 0.0
