entropy_mean = 0.0
loss_policy = 4.102832794189453
loss_total = 10.40422534942627
loss_value = 0.9765563011169434
step = 1066
value_mean = 0.0
