entropy_mean = 0.0
loss_policy = 3.0960445404052734
loss_total = 9.201284408569336
loss_value = 0.9999985694885254
step = 1276
value_mean = 0.0
