entropy_mean = 0.0
loss_policy = 5.725887298583984
loss_total = 13.214268684387207
loss_value = 0.7135003805160522
step = 174
value_mean = 0.0
