entropy_mean = 0.0
loss_policy = 2.7955470085144043
loss_total = 8.852287292480469
loss_value = 1.0234375
step = 1346
value_mean = 0.0
