entropy_mean = 0.0
loss_policy = 3.3558268547058105
loss_total = 9.497518539428711
loss_value = 1.0
step = 1244
value_mean = 0.0
