entropy_mean = 0.0
loss_policy = 6.047895431518555
loss_total = 13.80021858215332
loss_value = 1.0
step = 208
value_mean = 0.0
