entropy_mean = 0.0
loss_policy = 3.456352472305298
loss_total = 9.52029037475586
loss_value = 0.8387468457221985
step = 1159
value_mean = 0.0
