entropy_mean = 0.0
loss_policy = 4.567305564880371
loss_total = 11.069263458251953
loss_value = 1.015624761581421
step = 924
value_mean = 0.0
