entropy_mean = 0.0
loss_policy = 5.391509056091309
loss_total = 12.911046028137207
loss_value = 0.9921875
step = 367
value_mean = 0.0
