entropy_mean = 0.0
loss_policy = 5.989187240600586
loss_total = 13.698434829711914
loss_value = 0.8954380750656128
step = 37
value_mean = 0.0
