entropy_mean = 0.0
loss_policy = 4.963919162750244
loss_total = 11.454333305358887
loss_value = 0.9999999403953552
step = 920
value_mean = 0.0
