entropy_mean = 0.0
loss_policy = 3.3614156246185303
loss_total = 9.499004364013672
loss_value = 0.9921873211860657
step = 1241
value_mean = 0.0
