entropy_mean = 0.0
loss_policy = 4.773568630218506
loss_total = 11.703071594238281
loss_value = 1.0234375
step = 664
value_mean = 0.0
