entropy_mean = 0.0
loss_policy = 5.305352210998535
loss_total = 12.223772048950195
loss_value = 1.0234375
step = 670
value_mean = 0.0
