entropy_mean = 0.0
loss_policy = 5.239474296569824
loss_total = 12.091845512390137
loss_value = 1.0
step = 697
value_mean = 0.0
