entropy_mean = 0.0
loss_policy = 3.283864974975586
loss_total = 9.469788551330566
loss_value = 0.9902760982513428
step = 1193
value_mean = 0.0
