entropy_mean = 0.0
loss_policy = 5.010613441467285
loss_total = 12.28506088256836
loss_value = 1.0234375
step = 497
value_mean = 0.0
