entropy_mean = 0.0
loss_policy = 4.695652484893799
loss_total = 11.210866928100586
loss_value = 0.9999995827674866
step = 902
value_mean = 0.0
