entropy_mean = 0.0
loss_policy = 4.225177764892578
loss_total = 10.654293060302734
loss_value = 0.9920990467071533
step = 968
value_mean = 0.0
