entropy_mean = 0.0
loss_policy = 4.737129211425781
loss_total = 11.584818840026855
loss_value = 1.0
step = 700
value_mean = 0.0
