entropy_mean = 0.0
loss_policy = 5.888842582702637
loss_total = 13.340827941894531
loss_value = 0.9921875
step = 399
value_mean = 0.0
