entropy_mean = 0.0
loss_policy = 5.8753886222839355
loss_total = 13.136892318725586
loss_value = 0.4540932774543762
step = 62
value_mean = 0.0
