entropy_mean = 0.0
loss_policy = 4.074326515197754
loss_total = 10.40791130065918
loss_value = 0.9999818205833435
step = 1058
value_mean = 0.0
