entropy_mean = 0.0
loss_policy = 6.123600006103516
loss_total = 13.962095260620117
loss_value = 1.0231209993362427
step = 30
value_mean = 0.0
