entropy_mean = 0.0
loss_policy = 3.2363338470458984
loss_total = 9.416536331176758
loss_value = 1.0234375
step = 1231
value_mean = 0.0
