entropy_mean = 0.0
loss_policy = 6.3113203048706055
loss_total = 14.057327270507812
loss_value = 1.0234375
step = 238
value_mean = 0.0
