entropy_mean = 0.0
loss_policy = 3.047581911087036
loss_total = 9.106322288513184
loss_value = 1.0234375
step = 1344
value_mean = 0.0
