entropy_mean = 0.0
loss_policy = 6.016695976257324
loss_total = 13.598831176757812
loss_value = 0.9921875
step = 331
value_mean = 0.0
