entropy_mean = 0.0
loss_policy = 5.848700523376465
loss_total = 13.0757474899292
loss_value = 0.4246651530265808
step = 84
value_mean = 0.0
