entropy_mean = 0.0
loss_policy = 7.145149230957031
loss_total = 14.892232894897461
loss_value = 1.0234375
step = 237
value_mean = 0.0
