entropy_mean = 0.0
loss_policy = 5.026052474975586
loss_total = 11.662176132202148
loss_value = 1.046875
step = 854
value_mean = 0.0
