entropy_mean = 0.0
loss_policy = 8.124253273010254
loss_total = 15.934800148010254
loss_value = 0.9928673505783081
step = 5
value_mean = 0.0
