entropy_mean = 0.0
loss_policy = 2.8004417419433594
loss_total = 8.877923011779785
loss_value = 0.9921859502792358
step = 1294
value_mean = 0.0
