entropy_mean = 0.0
loss_policy = 4.8824872970581055
loss_total = 11.860590934753418
loss_value = 1.0
step = 626
value_mean = 0.0
