entropy_mean = 0.0
loss_policy = 5.359395980834961
loss_total = 12.424858093261719
loss_value = 1.0234375
step = 586
value_mean = 0.0
