entropy_mean = 0.0
loss_policy = 2.940232992172241
loss_total = 9.0364990234375
loss_value = 0.9921867251396179
step = 1277
value_mean = 0.0
