entropy_mean = 0.0
loss_policy = 5.081309795379639
loss_total = 12.286813735961914
loss_value = 0.984375
step = 508
value_mean = 0.0
