entropy_mean = 0.0
loss_policy = 5.129058837890625
loss_total = 12.28039836883545
loss_value = 1.046875
step = 556
value_mean = 0.0
