entropy_mean = 0.0
loss_policy = 5.829741954803467
loss_total = 13.226178169250488
loss_value = 1.0
step = 436
value_mean = 0.0
