entropy_mean = 0.0
loss_policy = 6.276701927185059
loss_total = 14.081822395324707
loss_value = 0.9884533882141113
step = 22
value_mean = 0.0
