entropy_mean = 0.0
loss_policy = 2.7882866859436035
loss_total = 8.7699556350708
loss_value = 1.0
step = 1397
value_mean = 0.0
