entropy_mean = 0.0
loss_policy = 4.4458231925964355
loss_total = 11.00265121459961
loss_value = 1.0234375
step = 890
value_mean = 0.0
