entropy_mean = 0.0
loss_policy = 4.911989212036133
loss_total = 11.748749732971191
loss_value = 1.0
step = 706
value_mean = 0.0
