entropy_mean = 0.0
loss_policy = 5.713014602661133
loss_total = 13.203365325927734
loss_value = 0.7058020830154419
step = 151
value_mean = 0.0
