entropy_mean = 0.0
loss_policy = 5.080264091491699
loss_total = 12.367372512817383
loss_value = 0.9921875
step = 479
value_mean = 0.0
