entropy_mean = 0.0
loss_policy = 4.900844573974609
loss_total = 11.700282096862793
loss_value = 1.015625
step = 734
value_mean = 0.0
