entropy_mean = 0.0
loss_policy = 4.722354412078857
loss_total = 11.741350173950195
loss_value = 1.0234375
step = 616
value_mean = 0.0
