entropy_mean = 0.0
loss_policy = 2.8488430976867676
loss_total = 8.610393524169922
loss_value = 0.7167614698410034
step = 1334
value_mean = 0.0
