entropy_mean = 0.0
loss_policy = 5.110048770904541
loss_total = 12.343512535095215
loss_value = 1.0234375
step = 512
value_mean = 0.0
