entropy_mean = 0.0
loss_policy = 3.5755774974823
loss_total = 9.642041206359863
loss_value = 0.8628965616226196
step = 1184
value_mean = 0.0
