entropy_mean = 0.0
loss_policy = 3.07816219329834
loss_total = 9.154205322265625
loss_value = 1.0077972412109375
step = 1312
value_mean = 0.0
