entropy_mean = 0.0
loss_policy = 4.737011432647705
loss_total = 11.276934623718262
loss_value = 1.015624761581421
step = 896
value_mean = 0.0
