entropy_mean = 0.0
loss_policy = 4.340858459472656
loss_total = 10.719476699829102
loss_value = 1.0
step = 1020
value_mean = 0.0
