entropy_mean = 0.0
loss_policy = 5.839347839355469
loss_total = 12.912880897521973
loss_value = 0.26886263489723206
step = 74
value_mean = 0.0
