entropy_mean = 0.0
loss_policy = 5.269174575805664
loss_total = 12.190092086791992
loss_value = 1.0
step = 657
value_mean = 0.0
