entropy_mean = 0.0
loss_policy = 2.84248685836792
loss_total = 8.926530838012695
loss_value = 1.0223350524902344
step = 1318
value_mean = 0.0
