entropy_mean = 0.0
loss_policy = 6.607944488525391
loss_total = 14.194494247436523
loss_value = 0.9921875
step = 328
value_mean = 0.0
