entropy_mean = 0.0
loss_policy = 4.1212053298950195
loss_total = 10.336118698120117
loss_value = 0.9053731560707092
step = 1079
value_mean = 0.0
