entropy_mean = 0.0
loss_policy = 4.433932304382324
loss_total = 10.910334587097168
loss_value = 0.9999997615814209
step = 934
value_mean = 0.0
