entropy_mean = 0.0
loss_policy = 5.506743431091309
loss_total = 12.523797988891602
loss_value = 0.9921875
step = 595
value_mean = 0.0
