entropy_mean = 0.0
loss_policy = 6.069034576416016
loss_total = 13.56867790222168
loss_value = 1.0
step = 380
value_mean = 0.0
