entropy_mean = 0.0
loss_policy = 5.358173847198486
loss_total = 12.258472442626953
loss_value = 1.0
step = 667
value_mean = 0.0
