entropy_mean = 0.0
loss_policy = 3.624662399291992
loss_total = 9.732589721679688
loss_value = 0.8549165725708008
step = 1130
value_mean = 0.0
