entropy_mean = 0.0
loss_policy = 2.7471060752868652
loss_total = 8.478606224060059
loss_value = 0.6857281923294067
step = 1333
value_mean = 0.0
