entropy_mean = 0.0
loss_policy = 4.702968597412109
loss_total = 11.484668731689453
loss_value = 1.0703125
step = 777
value_mean = 0.0
