entropy_mean = 0.0
loss_policy = 5.18228006362915
loss_total = 12.369596481323242
loss_value = 0.9921875
step = 518
value_mean = 0.0
