entropy_mean = 0.0
loss_policy = 4.705182075500488
loss_total = 11.374140739440918
loss_value = 0.9921875
step = 797
value_mean = 0.0
