entropy_mean = 0.0
loss_policy = 5.0982346534729
loss_total = 12.330986022949219
loss_value = 1.0
step = 504
value_mean = 0.0
