entropy_mean = 0.0
loss_policy = 3.053067922592163
loss_total = 9.192339897155762
loss_value = 0.9999991655349731
step = 1246
value_mean = 0.0
