entropy_mean = 0.0
loss_policy = 4.86165714263916
loss_total = 11.545414924621582
loss_value = 1.015625
step = 802
value_mean = 0.0
