entropy_mean = 0.0
loss_policy = 4.689949035644531
loss_total = 11.402975082397461
loss_value = 1.0
step = 776
value_mean = 0.0
