entropy_mean = 0.0
loss_policy = 4.892488479614258
loss_total = 11.720918655395508
loss_value = 0.984375
step = 702
value_mean = 0.0
