entropy_mean = 0.0
loss_policy = 3.26396107673645
loss_total = 9.383805274963379
loss_value = 0.9921854734420776
step = 1256
value_mean = 0.0
