entropy_mean = 0.0
loss_policy = 5.349067211151123
loss_total = 12.513243675231934
loss_value = 1.0234375
step = 541
value_mean = 0.0
