entropy_mean = 0.0
loss_policy = 4.764299392700195
loss_total = 11.499249458312988
loss_value = 0.9921875
step = 757
value_mean = 0.0
