entropy_mean = 0.0
loss_policy = 4.997910976409912
loss_total = 12.109809875488281
loss_value = 1.0
step = 553
value_mean = 0.0
