entropy_mean = 0.0
loss_policy = 5.245891571044922
loss_total = 12.393795013427734
loss_value = 0.9921875
step = 535
value_mean = 0.0
