entropy_mean = 0.0
loss_policy = 4.499569892883301
loss_total = 10.911796569824219
loss_value = 0.9921875
step = 983
value_mean = 0.0
