entropy_mean = 0.0
loss_policy = 5.437460899353027
loss_total = 12.846588134765625
loss_value = 1.0234375
step = 442
value_mean = 0.0
