entropy_mean = 0.0
loss_policy = 6.937046527862549
loss_total = 14.656473159790039
loss_value = 1.0
step = 241
value_mean = 0.0
