entropy_mean = 0.0
loss_policy = 3.524707078933716
loss_total = 9.667620658874512
loss_value = 0.9185710549354553
step = 1160
value_mean = 0.0
