entropy_mean = 0.0
loss_policy = 3.0084104537963867
loss_total = 9.144054412841797
loss_value = 0.9999998807907104
step = 1249
value_mean = 0.0
