entropy_mean = 0.0
loss_policy = 4.738656997680664
loss_total = 11.282794952392578
loss_value = 0.9999999403953552
step = 882
value_mean = 0.0
