entropy_mean = 0.0
loss_policy = 5.313361644744873
loss_total = 12.740975379943848
loss_value = 1.0
step = 419
value_mean = 0.0
