entropy_mean = 0.0
loss_policy = 3.222785472869873
loss_total = 9.273847579956055
loss_value = 0.8525305986404419
step = 1190
value_mean = 0.0
