entropy_mean = 0.0
loss_policy = 3.6038331985473633
loss_total = 9.278501510620117
loss_value = 0.43906688690185547
step = 1147
value_mean = 0.0
