entropy_mean = 0.0
loss_policy = 5.696013927459717
loss_total = 12.701333999633789
loss_value = 0.21322046220302582
step = 127
value_mean = 0.0
