entropy_mean = 0.0
loss_policy = 4.743682384490967
loss_total = 11.449552536010742
loss_value = 1.0
step = 780
value_mean = 0.0
