entropy_mean = 0.0
loss_policy = 4.69558572769165
loss_total = 11.24087142944336
loss_value = 0.9921871423721313
step = 876
value_mean = 0.0
