entropy_mean = 0.0
loss_policy = 5.244670391082764
loss_total = 11.963579177856445
loss_value = 1.0
step = 772
value_mean = 0.0
