entropy_mean = 0.0
loss_policy = 4.885924339294434
loss_total = 12.124194145202637
loss_value = 0.9921875
step = 499
value_mean = 0.0
