entropy_mean = 0.0
loss_policy = 4.142935752868652
loss_total = 10.535032272338867
loss_value = 1.0
step = 1009
value_mean = 0.0
