entropy_mean = 0.0
loss_policy = 6.29124641418457
loss_total = 13.954051971435547
loss_value = 0.984375
step = 274
value_mean = 0.0
