entropy_mean = 0.0
loss_policy = 5.067103385925293
loss_total = 11.888168334960938
loss_value = 1.0
step = 714
value_mean = 0.0
