entropy_mean = 0.0
loss_policy = 4.720948219299316
loss_total = 11.382771492004395
loss_value = 1.0390625
step = 834
value_mean = 0.0
