entropy_mean = 0.0
loss_policy = 3.3766207695007324
loss_total = 9.546634674072266
loss_value = 0.9921875
step = 1210
value_mean = 0.0
