entropy_mean = 0.0
loss_policy = 4.93698787689209
loss_total = 11.529374122619629
loss_value = 1.0
step = 852
value_mean = 0.0
