entropy_mean = 0.0
loss_policy = 5.039004802703857
loss_total = 12.090620040893555
loss_value = 1.0
step = 582
value_mean = 0.0
