entropy_mean = 0.0
loss_policy = 3.1402945518493652
loss_total = 9.262935638427734
loss_value = 0.9999994039535522
step = 1261
value_mean = 0.0
