entropy_mean = 0.0
loss_policy = 3.979799747467041
loss_total = 10.379006385803223
loss_value = 1.015625
step = 1016
value_mean = 0.0
