entropy_mean = 0.0
loss_policy = 5.74832820892334
loss_total = 13.391580581665039
loss_value = 1.015625
step = 306
value_mean = 0.0
