entropy_mean = 0.0
loss_policy = 4.495673179626465
loss_total = 10.941614151000977
loss_value = 0.9921871423721313
step = 953
value_mean = 0.0
