entropy_mean = 0.0
loss_policy = 3.101860523223877
loss_total = 9.270769119262695
loss_value = 0.9921875
step = 1211
value_mean = 0.0
