entropy_mean = 0.0
loss_policy = 4.791597843170166
loss_total = 11.574056625366211
loss_value = 0.9921875
step = 731
value_mean = 0.0
