entropy_mean = 0.0
loss_policy = 3.446706771850586
loss_total = 9.61069107055664
loss_value = 0.8978353142738342
step = 1118
value_mean = 0.0
