entropy_mean = 0.0
loss_policy = 3.659977674484253
loss_total = 9.735426902770996
loss_value = 0.825674295425415
step = 1133
value_mean = 0.0
