entropy_mean = 0.0
loss_policy = 6.002870559692383
loss_total = 13.09552001953125
loss_value = 0.30850550532341003
step = 152
value_mean = 0.0
