entropy_mean = 0.0
loss_policy = 5.325506687164307
loss_total = 12.690914154052734
loss_value = 1.015625
step = 458
value_mean = 0.0
