entropy_mean = 0.0
loss_policy = 4.995095252990723
loss_total = 11.959367752075195
loss_value = 0.984375
step = 625
value_mean = 0.0
