entropy_mean = 0.0
loss_policy = 4.331300258636475
loss_total = 10.714266777038574
loss_value = 0.9572179317474365
step = 978
value_mean = 0.0
