entropy_mean = 0.0
loss_policy = 4.864246368408203
loss_total = 11.484923362731934
loss_value = 0.984375
step = 825
value_mean = 0.0
