entropy_mean = 0.0
loss_policy = 3.3576602935791016
loss_total = 9.502370834350586
loss_value = 0.9354815483093262
step = 1177
value_mean = 0.0
