entropy_mean = 0.0
loss_policy = 4.92225980758667
loss_total = 11.465003967285156
loss_value = 1.0
step = 883
value_mean = 0.0
