entropy_mean = 0.0
loss_policy = 5.022359848022461
loss_total = 12.116120338439941
loss_value = 1.015625
step = 569
value_mean = 0.0
