entropy_mean = 0.0
loss_policy = 4.234750747680664
loss_total = 10.543196678161621
loss_value = 0.9921875
step = 1073
value_mean = 0.0
