entropy_mean = 0.0
loss_policy = 3.0189640522003174
loss_total = 9.081684112548828
loss_value = 0.9999831914901733
step = 1317
value_mean = 0.0
