entropy_mean = 0.0
loss_policy = 4.4863972663879395
loss_total = 10.856220245361328
loss_value = 1.0234375
step = 1046
value_mean = 0.0
