entropy_mean = 0.0
loss_policy = 4.865168571472168
loss_total = 11.588885307312012
loss_value = 1.0
step = 769
value_mean = 0.0
