entropy_mean = 0.0
loss_policy = 5.26453161239624
loss_total = 12.507180213928223
loss_value = 1.015625
step = 506
value_mean = 0.0
