entropy_mean = 0.0
loss_policy = 4.472988128662109
loss_total = 11.032812118530273
loss_value = 0.9999998807907104
step = 872
value_mean = 0.0
