entropy_mean = 0.0
loss_policy = 3.5394911766052246
loss_total = 9.598602294921875
loss_value = 0.8115026950836182
step = 1135
value_mean = 0.0
