entropy_mean = 0.0
loss_policy = 5.181135177612305
loss_total = 11.825813293457031
loss_value = 0.9921873807907104
step = 812
value_mean = 0.0
