entropy_mean = 0.0
loss_policy = 4.151885032653809
loss_total = 10.500057220458984
loss_value = 1.0155692100524902
step = 1059
value_mean = 0.0
