entropy_mean = 0.0
loss_policy = 3.724597215652466
loss_total = 9.96719741821289
loss_value = 1.0107569694519043
step = 1151
value_mean = 0.0
