entropy_mean = 0.0
loss_policy = 4.964005470275879
loss_total = 12.056634902954102
loss_value = 1.0234375
step = 574
value_mean = 0.0
