entropy_mean = 0.0
loss_policy = 4.104863166809082
loss_total = 10.473123550415039
loss_value = 0.9921875
step = 1022
value_mean = 0.0
