entropy_mean = 0.0
loss_policy = 3.105914354324341
loss_total = 9.257253646850586
loss_value = 0.9999995231628418
step = 1236
value_mean = 0.0
