entropy_mean = 0.0
loss_policy = 3.4916210174560547
loss_total = 9.669811248779297
loss_value = 1.015625
step = 1225
value_mean = 0.0
