entropy_mean = 0.0
loss_policy = 4.417725563049316
loss_total = 10.843660354614258
loss_value = 1.0234375
step = 1000
value_mean = 0.0
