entropy_mean = 0.0
loss_policy = 4.615180969238281
loss_total = 11.215753555297852
loss_value = 1.0
step = 847
value_mean = 0.0
