entropy_mean = 0.0
loss_policy = 3.2862656116485596
loss_total = 9.451885223388672
loss_value = 0.9999999403953552
step = 1222
value_mean = 0.0
