entropy_mean = 0.0
loss_policy = 3.402722120285034
loss_total = 9.557233810424805
loss_value = 1.0234315395355225
step = 1253
value_mean = 0.0
