entropy_mean = 0.0
loss_policy = 5.025756359100342
loss_total = 12.017889022827148
loss_value = 1.0
step = 618
value_mean = 0.0
