entropy_mean = 0.0
loss_policy = 5.229753494262695
loss_total = 12.216398239135742
loss_value = 1.015625
step = 630
value_mean = 0.0
