entropy_mean = 0.0
loss_policy = 4.803462982177734
loss_total = 11.272781372070312
loss_value = 0.9999979734420776
step = 940
value_mean = 0.0
