entropy_mean = 0.0
loss_policy = 4.632064342498779
loss_total = 11.359155654907227
loss_value = 1.046875
step = 795
value_mean = 0.0
