entropy_mean = 0.0
loss_policy = 3.9981260299682617
loss_total = 10.359962463378906
loss_value = 0.9997961521148682
step = 1034
value_mean = 0.0
