entropy_mean = 0.0
loss_policy = 4.8116912841796875
loss_total = 11.563882827758789
loss_value = 1.0234375
step = 766
value_mean = 0.0
