entropy_mean = 0.0
loss_policy = 3.038665771484375
loss_total = 9.160283088684082
loss_value = 0.9999954700469971
step = 1262
value_mean = 0.0
