entropy_mean = 0.0
loss_policy = 3.626882553100586
loss_total = 9.871565818786621
loss_value = 1.015387773513794
step = 1154
value_mean = 0.0
