entropy_mean = 0.0
loss_policy = 5.21201753616333
loss_total = 12.235301971435547
loss_value = 1.0
step = 596
value_mean = 0.0
