entropy_mean = 0.0
loss_policy = 3.946383476257324
loss_total = 10.198477745056152
loss_value = 0.9549543261528015
step = 1090
value_mean = 0.0
