entropy_mean = 0.0
loss_policy = 5.760688304901123
loss_total = 13.262539863586426
loss_value = 1.0234375
step = 389
value_mean = 0.0
