entropy_mean = 0.0
loss_policy = 5.395425796508789
loss_total = 12.488992691040039
loss_value = 1.0
step = 561
value_mean = 0.0
