entropy_mean = 0.0
loss_policy = 5.005816459655762
loss_total = 12.087966918945312
loss_value = 0.984375
step = 559
value_mean = 0.0
