entropy_mean = 0.0
loss_policy = 5.912837028503418
loss_total = 13.19373607635498
loss_value = 0.48702472448349
step = 121
value_mean = 0.0
