entropy_mean = 0.0
loss_policy = 5.0688347816467285
loss_total = 11.971109390258789
loss_value = 0.9921875
step = 662
value_mean = 0.0
