entropy_mean = 0.0
loss_policy = 3.2831544876098633
loss_total = 9.304971694946289
loss_value = 0.8224016427993774
step = 1189
value_mean = 0.0
