entropy_mean = 0.0
loss_policy = 4.854144096374512
loss_total = 11.841289520263672
loss_value = 1.0
step = 621
value_mean = 0.0
