entropy_mean = 0.0
loss_policy = 4.666614532470703
loss_total = 11.208066940307617
loss_value = 1.0156245231628418
step = 895
value_mean = 0.0
