entropy_mean = 0.0
loss_policy = 4.9920148849487305
loss_total = 11.636595726013184
loss_value = 0.9999995827674866
step = 818
value_mean = 0.0
