entropy_mean = 0.0
loss_policy = 4.057690143585205
loss_total = 10.286670684814453
loss_value = 0.920520007610321
step = 1080
value_mean = 0.0
