entropy_mean = 0.0
loss_policy = 5.643374919891357
loss_total = 13.317455291748047
loss_value = 0.9921875
step = 272
value_mean = 0.0
