entropy_mean = 0.0
loss_policy = 5.976306438446045
loss_total = 13.69276237487793
loss_value = 1.0
step = 244
value_mean = 0.0
