entropy_mean = 0.0
loss_policy = 5.7021942138671875
loss_total = 12.77196216583252
loss_value = 0.2734534740447998
step = 112
value_mean = 0.0
