entropy_mean = 0.0
loss_policy = 5.728181838989258
loss_total = 13.494609832763672
loss_value = 1.0234375
step = 219
value_mean = 0.0
