entropy_mean = 0.0
loss_policy = 5.060484886169434
loss_total = 11.906332015991211
loss_value = 1.0
step = 701
value_mean = 0.0
