entropy_mean = 0.0
loss_policy = 5.1702165603637695
loss_total = 12.513896942138672
loss_value = 0.984375
step = 454
value_mean = 0.0
