entropy_mean = 0.0
loss_policy = 5.358307838439941
loss_total = 12.460479736328125
loss_value = 1.0
step = 557
value_mean = 0.0
