entropy_mean = 0.0
loss_policy = 5.148919582366943
loss_total = 12.103448867797852
loss_value = 1.0
step = 640
value_mean = 0.0
