entropy_mean = 0.0
loss_policy = 4.845312118530273
loss_total = 11.68752670288086
loss_value = 1.0
step = 703
value_mean = 0.0
