entropy_mean = 0.0
loss_policy = 4.839817047119141
loss_total = 11.628009796142578
loss_value = 1.0
step = 732
value_mean = 0.0
