entropy_mean = 0.0
loss_policy = 4.425071716308594
loss_total = 10.86418342590332
loss_value = 0.9999510049819946
step = 966
value_mean = 0.0
