entropy_mean = 0.0
loss_policy = 5.8365912437438965
loss_total = 13.151159286499023
loss_value = 0.5166191458702087
step = 105
value_mean = 0.0
