entropy_mean = 0.0
loss_policy = 5.86920166015625
loss_total = 13.27531623840332
loss_value = 0.5963525772094727
step = 53
value_mean = 0.0
