entropy_mean = 0.0
loss_policy = 5.153399467468262
loss_total = 12.474586486816406
loss_value = 1.0234375
step = 478
value_mean = 0.0
