entropy_mean = 0.0
loss_policy = 5.870578289031982
loss_total = 13.621992111206055
loss_value = 0.9368875622749329
step = 34
value_mean = 0.0
