entropy_mean = 0.0
loss_policy = 5.372966766357422
loss_total = 12.379573822021484
loss_value = 1.0
step = 608
value_mean = 0.0
