entropy_mean = 0.0
loss_policy = 4.382584571838379
loss_total = 10.936296463012695
loss_value = 0.9921871423721313
step = 871
value_mean = 0.0
