entropy_mean = 0.0
loss_policy = 6.6008620262146
loss_total = 14.246463775634766
loss_value = 0.9921875
step = 288
value_mean = 0.0
