entropy_mean = 0.0
loss_policy = 6.11424446105957
loss_total = 13.64670181274414
loss_value = 0.984375
step = 357
value_mean = 0.0
