entropy_mean = 0.0
loss_policy = 5.879768371582031
loss_total = 12.863900184631348
loss_value = 1.0234375
step = 636
value_mean = 0.0
