entropy_mean = 0.0
loss_policy = 4.620733737945557
loss_total = 11.35200023651123
loss_value = 1.0234375
step = 779
value_mean = 0.0
