entropy_mean = 0.0
loss_policy = 3.575462818145752
loss_total = 9.739021301269531
loss_value = 1.0
step = 1224
value_mean = 0.0
