entropy_mean = 0.0
loss_policy = 5.19341516494751
loss_total = 12.512931823730469
loss_value = 1.0
step = 470
value_mean = 0.0
