entropy_mean = 0.0
loss_policy = 6.34348201751709
loss_total = 14.092291831970215
loss_value = 1.0
step = 212
value_mean = 0.0
