entropy_mean = 0.0
loss_policy = 5.1445417404174805
loss_total = 12.261306762695312
loss_value = 1.0
step = 551
value_mean = 0.0
