entropy_mean = 0.0
loss_policy = 6.352388381958008
loss_total = 14.070815086364746
loss_value = 1.0
step = 242
value_mean = 0.0
