entropy_mean = 0.0
loss_policy = 6.113823890686035
loss_total = 13.898958206176758
loss_value = 1.0234375
step = 196
value_mean = 0.0
