entropy_mean = 0.0
loss_policy = 2.5467710494995117
loss_total = 8.53775405883789
loss_value = 0.9921875
step = 1382
value_mean = 0.0
