entropy_mean = 0.0
loss_policy = 5.463039875030518
loss_total = 12.90067195892334
loss_value = 0.9921875
step = 408
value_mean = 0.0
