entropy_mean = 0.0
loss_policy = 4.772712230682373
loss_total = 11.442646026611328
loss_value = 1.0
step = 801
value_mean = 0.0
