entropy_mean = 0.0
loss_policy = 5.689651012420654
loss_total = 13.186805725097656
loss_value = 0.722734808921814
step = 175
value_mean = 0.0
