entropy_mean = 0.0
loss_policy = 4.875030994415283
loss_total = 11.916354179382324
loss_value = 0.9921875
step = 583
value_mean = 0.0
