entropy_mean = 0.0
loss_policy = 5.9695844650268555
loss_total = 13.444700241088867
loss_value = 0.9921875
step = 387
value_mean = 0.0
