entropy_mean = 0.0
loss_policy = 4.912977695465088
loss_total = 11.722265243530273
loss_value = 0.9921875
step = 716
value_mean = 0.0
