entropy_mean = 0.0
loss_policy = 4.18132209777832
loss_total = 10.548851013183594
loss_value = 0.9998737573623657
step = 1029
value_mean = 0.0
