entropy_mean = 0.0
loss_policy = 2.919687032699585
loss_total = 8.955843925476074
loss_value = 0.9952553510665894
step = 1338
value_mean = 0.0
