entropy_mean = 0.0
loss_policy = 5.872895240783691
loss_total = 13.303823471069336
loss_value = 0.6543092727661133
step = 170
value_mean = 0.0
