entropy_mean = 0.0
loss_policy = 2.5708212852478027
loss_total = 8.617785453796387
loss_value = 1.0234375
step = 1356
value_mean = 0.0
