entropy_mean = 0.0
loss_policy = 4.799652576446533
loss_total = 11.341022491455078
loss_value = 0.9999999403953552
step = 884
value_mean = 0.0
