entropy_mean = 0.0
loss_policy = 6.4749956130981445
loss_total = 14.176021575927734
loss_value = 1.0
step = 257
value_mean = 0.0
