entropy_mean = 0.0
loss_policy = 5.3092498779296875
loss_total = 12.585427284240723
loss_value = 1.0
step = 486
value_mean = 0.0
