entropy_mean = 0.0
loss_policy = 5.447394371032715
loss_total = 13.03710651397705
loss_value = 0.9921875
step = 326
value_mean = 0.0
