entropy_mean = 0.0
loss_policy = 3.463196277618408
loss_total = 9.552494049072266
loss_value = 0.9921815991401672
step = 1283
value_mean = 0.0
