entropy_mean = 0.0
loss_policy = 2.945115089416504
loss_total = 8.99614143371582
loss_value = 0.9989026784896851
step = 1327
value_mean = 0.0
