entropy_mean = 0.0
loss_policy = 5.62993049621582
loss_total = 13.114143371582031
loss_value = 1.015625
step = 394
value_mean = 0.0
