entropy_mean = 0.0
loss_policy = 2.944164514541626
loss_total = 9.013440132141113
loss_value = 0.9999852776527405
step = 1311
value_mean = 0.0
