entropy_mean = 0.0
loss_policy = 4.77213191986084
loss_total = 11.376033782958984
loss_value = 0.9999998807907104
step = 845
value_mean = 0.0
