entropy_mean = 0.0
loss_policy = 4.894112586975098
loss_total = 11.616596221923828
loss_value = 0.9921875
step = 765
value_mean = 0.0
