entropy_mean = 0.0
loss_policy = 5.744370460510254
loss_total = 13.403002738952637
loss_value = 1.0234375
step = 301
value_mean = 0.0
