entropy_mean = 0.0
loss_policy = 4.924170017242432
loss_total = 11.620757102966309
loss_value = 1.0
step = 785
value_mean = 0.0
