entropy_mean = 0.0
loss_policy = 7.518362045288086
loss_total = 15.335189819335938
loss_value = 0.9991689920425415
step = 7
value_mean = 0.0
