entropy_mean = 0.0
loss_policy = 6.02641487121582
loss_total = 13.651040077209473
loss_value = 1.0
step = 308
value_mean = 0.0
