entropy_mean = 0.0
loss_policy = 2.8551807403564453
loss_total = 8.918560028076172
loss_value = 1.0234335660934448
step = 1339
value_mean = 0.0
