entropy_mean = 0.0
loss_policy = 5.203705787658691
loss_total = 12.447315216064453
loss_value = 1.0
step = 500
value_mean = 0.0
