entropy_mean = 0.0
loss_policy = 2.704415798187256
loss_total = 8.697779655456543
loss_value = 1.0
step = 1387
value_mean = 0.0
