entropy_mean = 0.0
loss_policy = 4.873534679412842
loss_total = 11.811177253723145
loss_value = 1.0
step = 649
value_mean = 0.0
