entropy_mean = 0.0
loss_policy = 4.612543106079102
loss_total = 11.255025863647461
loss_value = 1.046875
step = 850
value_mean = 0.0
