entropy_mean = 0.0
loss_policy = 5.948976993560791
loss_total = 13.710098266601562
loss_value = 1.015625
step = 216
value_mean = 0.0
