entropy_mean = 0.0
loss_policy = 5.017742156982422
loss_total = 11.992515563964844
loss_value = 1.0234375
step = 642
value_mean = 0.0
