entropy_mean = 0.0
loss_policy = 5.851579189300537
loss_total = 13.284306526184082
loss_value = 1.0234375
step = 429
value_mean = 0.0
