entropy_mean = 0.0
loss_policy = 3.643890380859375
loss_total = 9.683161735534668
loss_value = 0.7957613468170166
step = 1139
value_mean = 0.0
