entropy_mean = 0.0
loss_policy = 2.6934640407562256
loss_total = 8.692569732666016
loss_value = 0.9921875
step = 1374
value_mean = 0.0
