entropy_mean = 0.0
loss_policy = 2.669090509414673
loss_total = 8.656891822814941
loss_value = 0.9921875
step = 1385
value_mean = 0.0
