entropy_mean = 0.0
loss_policy = 5.086836814880371
loss_total = 12.036479949951172
loss_value = 1.0
step = 643
value_mean = 0.0
