entropy_mean = 0.0
loss_policy = 6.1580915451049805
loss_total = 13.550386428833008
loss_value = 0.9921875
step = 434
value_mean = 0.0
