entropy_mean = 0.0
loss_policy = 5.683906078338623
loss_total = 13.00103759765625
loss_value = 0.535754382610321
step = 159
value_mean = 0.0
