entropy_mean = 0.0
loss_policy = 5.968721389770508
loss_total = 13.520528793334961
loss_value = 1.0
step = 355
value_mean = 0.0
