entropy_mean = 0.0
loss_policy = 3.0691163539886475
loss_total = 9.254274368286133
loss_value = 1.015625
step = 1218
value_mean = 0.0
