entropy_mean = 0.0
loss_policy = 3.9680023193359375
loss_total = 10.18195915222168
loss_value = 0.9377484321594238
step = 1108
value_mean = 0.0
