entropy_mean = 0.0
loss_policy = 5.652978897094727
loss_total = 13.098508834838867
loss_value = 0.9921875
step = 403
value_mean = 0.0
