entropy_mean = 0.0
loss_policy = 3.1775124073028564
loss_total = 9.229244232177734
loss_value = 0.9964332580566406
step = 1324
value_mean = 0.0
