entropy_mean = 0.0
loss_policy = 4.095065593719482
loss_total = 10.444925308227539
loss_value = 0.9902551174163818
step = 1036
value_mean = 0.0
