entropy_mean = 0.0
loss_policy = 3.1889309883117676
loss_total = 9.304983139038086
loss_value = 1.0234318971633911
step = 1287
value_mean = 0.0
