entropy_mean = 0.0
loss_policy = 3.8036727905273438
loss_total = 10.115926742553711
loss_value = 0.9910130500793457
step = 1069
value_mean = 0.0
