entropy_mean = 0.0
loss_policy = 5.212315082550049
loss_total = 12.118163108825684
loss_value = 1.0234375
step = 678
value_mean = 0.0
