entropy_mean = 0.0
loss_policy = 4.554090976715088
loss_total = 10.988292694091797
loss_value = 1.0234349966049194
step = 992
value_mean = 0.0
