entropy_mean = 0.0
loss_policy = 4.2477335929870605
loss_total = 10.678096771240234
loss_value = 0.9986885786056519
step = 973
value_mean = 0.0
