entropy_mean = 0.0
loss_policy = 2.9111149311065674
loss_total = 8.907822608947754
loss_value = 1.0
step = 1384
value_mean = 0.0
