entropy_mean = 0.0
loss_policy = 6.392971038818359
loss_total = 14.155550956726074
loss_value = 1.0234375
step = 223
value_mean = 0.0
