entropy_mean = 0.0
loss_policy = 3.5195727348327637
loss_total = 9.720498085021973
loss_value = 0.979969322681427
step = 1164
value_mean = 0.0
