entropy_mean = 0.0
loss_policy = 5.98499870300293
loss_total = 13.441509246826172
loss_value = 1.0
step = 401
value_mean = 0.0
