entropy_mean = 0.0
loss_policy = 5.565031051635742
loss_total = 13.05320930480957
loss_value = 0.984375
step = 378
value_mean = 0.0
