entropy_mean = 0.0
loss_policy = 4.8189802169799805
loss_total = 11.335123062133789
loss_value = 1.0234373807907104
step = 918
value_mean = 0.0
