entropy_mean = 0.0
loss_policy = 4.569156646728516
loss_total = 11.144405364990234
loss_value = 0.984375
step = 853
value_mean = 0.0
