entropy_mean = 0.0
loss_policy = 4.854607582092285
loss_total = 11.511534690856934
loss_value = 0.9921875
step = 804
value_mean = 0.0
