entropy_mean = 0.0
loss_policy = 6.398174285888672
loss_total = 14.161191940307617
loss_value = 1.0
step = 194
value_mean = 0.0
