entropy_mean = 0.0
loss_policy = 5.915894031524658
loss_total = 13.723947525024414
loss_value = 0.9924850463867188
step = 29
value_mean = 0.0
