entropy_mean = 0.0
loss_policy = 5.934348106384277
loss_total = 13.601385116577148
loss_value = 0.9921875
step = 276
value_mean = 0.0
