entropy_mean = 0.0
loss_policy = 6.399371147155762
loss_total = 14.066720008850098
loss_value = 1.0
step = 280
value_mean = 0.0
