entropy_mean = 0.0
loss_policy = 5.755633354187012
loss_total = 12.646461486816406
loss_value = 0.11947448551654816
step = 181
value_mean = 0.0
