entropy_mean = 0.0
loss_policy = 4.718390464782715
loss_total = 11.170998573303223
loss_value = 0.9999995231628418
step = 954
value_mean = 0.0
