entropy_mean = 0.0
loss_policy = 6.110312461853027
loss_total = 13.22749137878418
loss_value = 0.3150289058685303
step = 85
value_mean = 0.0
