entropy_mean = 0.0
loss_policy = 4.1655778884887695
loss_total = 10.277709007263184
loss_value = 0.6875923275947571
step = 979
value_mean = 0.0
