entropy_mean = 0.0
loss_policy = 6.393528461456299
loss_total = 14.148340225219727
loss_value = 1.0
step = 205
value_mean = 0.0
