entropy_mean = 0.0
loss_policy = 6.271230697631836
loss_total = 14.020610809326172
loss_value = 1.0234375
step = 235
value_mean = 0.0
