entropy_mean = 0.0
loss_policy = 2.9742283821105957
loss_total = 9.073625564575195
loss_value = 0.999998927116394
step = 1281
value_mean = 0.0
