entropy_mean = 0.0
loss_policy = 5.099255561828613
loss_total = 12.541634559631348
loss_value = 0.9921875
step = 405
value_mean = 0.0
