entropy_mean = 0.0
loss_policy = 4.028191566467285
loss_total = 10.186400413513184
loss_value = 0.8530703783035278
step = 1083
value_mean = 0.0
