entropy_mean = 0.0
loss_policy = 3.5824496746063232
loss_total = 9.702837944030762
loss_value = 0.8695302605628967
step = 1132
value_mean = 0.0
