entropy_mean = 0.0
loss_policy = 6.50153923034668
loss_total = 14.258255004882812
loss_value = 1.015625
step = 221
value_mean = 0.0
