entropy_mean = 0.0
loss_policy = 3.8880813121795654
loss_total = 10.210559844970703
loss_value = 1.0
step = 1068
value_mean = 0.0
