entropy_mean = 0.0
loss_policy = 2.7556581497192383
loss_total = 8.836091995239258
loss_value = 1.021890640258789
step = 1321
value_mean = 0.0
