entropy_mean = 0.0
loss_policy = 4.3806962966918945
loss_total = 10.852029800415039
loss_value = 1.023237943649292
step = 958
value_mean = 0.0
