entropy_mean = 0.0
loss_policy = 3.576331615447998
loss_total = 9.72403335571289
loss_value = 0.8785319328308105
step = 1115
value_mean = 0.0
