entropy_mean = 0.0
loss_policy = 5.591377258300781
loss_total = 12.460740089416504
loss_value = 0.9999998807907104
step = 686
value_mean = 0.0
