entropy_mean = 0.0
loss_policy = 5.929646015167236
loss_total = 13.465136528015137
loss_value = 1.0234375
step = 374
value_mean = 0.0
