entropy_mean = 0.0
loss_policy = 5.814537048339844
loss_total = 13.024492263793945
loss_value = 0.4080353379249573
step = 86
value_mean = 0.0
