entropy_mean = 0.0
loss_policy = 5.402798175811768
loss_total = 12.966113090515137
loss_value = 0.9921875
step = 344
value_mean = 0.0
