entropy_mean = 0.0
loss_policy = 4.719915390014648
loss_total = 11.332547187805176
loss_value = 1.0
step = 840
value_mean = 0.0
