entropy_mean = 0.0
loss_policy = 3.8668646812438965
loss_total = 9.690292358398438
loss_value = 0.5858300924301147
step = 1145
value_mean = 0.0
