entropy_mean = 0.0
loss_policy = 5.341829776763916
loss_total = 12.68992805480957
loss_value = 1.0234375
step = 468
value_mean = 0.0
