entropy_mean = 0.0
loss_policy = 5.100186824798584
loss_total = 12.335914611816406
loss_value = 1.0
step = 503
value_mean = 0.0
