entropy_mean = 0.0
loss_policy = 3.621530055999756
loss_total = 9.727422714233398
loss_value = 0.892282247543335
step = 1172
value_mean = 0.0
