entropy_mean = 0.0
loss_policy = 4.074728012084961
loss_total = 10.438777923583984
loss_value = 1.0234375
step = 1051
value_mean = 0.0
