entropy_mean = 0.0
loss_policy = 5.313323497772217
loss_total = 12.171775817871094
loss_value = 1.0
step = 693
value_mean = 0.0
