entropy_mean = 0.0
loss_policy = 6.262398719787598
loss_total = 13.944231033325195
loss_value = 1.0234375
step = 285
value_mean = 0.0
