entropy_mean = 0.0
loss_policy = 2.799203872680664
loss_total = 8.76499080657959
loss_value = 1.0
step = 1412
value_mean = 0.0
