entropy_mean = 0.0
loss_policy = 6.256134510040283
loss_total = 13.994982719421387
loss_value = 1.0234375
step = 245
value_mean = 0.0
