entropy_mean = 0.0
loss_policy = 5.8594207763671875
loss_total = 12.865518569946289
loss_value = 0.20207735896110535
step = 77
value_mean = 0.0
