entropy_mean = 0.0
loss_policy = 2.845942974090576
loss_total = 8.3485107421875
loss_value = 0.46072566509246826
step = 1337
value_mean = 0.0
