entropy_mean = 0.0
loss_policy = 5.753208160400391
loss_total = 12.683489799499512
loss_value = 0.15684054791927338
step = 177
value_mean = 0.0
