entropy_mean = 0.0
loss_policy = 5.839177131652832
loss_total = 13.220409393310547
loss_value = 0.6011110544204712
step = 162
value_mean = 0.0
