entropy_mean = 0.0
loss_policy = 5.026710510253906
loss_total = 12.159563064575195
loss_value = 1.0234375
step = 554
value_mean = 0.0
