entropy_mean = 0.0
loss_policy = 5.972439765930176
loss_total = 13.79098892211914
loss_value = 1.0026389360427856
step = 27
value_mean = 0.0
