entropy_mean = 0.0
loss_policy = 6.322351455688477
loss_total = 14.178184509277344
loss_value = 1.0393035411834717
step = 23
value_mean = 0.0
