entropy_mean = 0.0
loss_policy = 5.266002178192139
loss_total = 12.418540000915527
loss_value = 0.9921875
step = 533
value_mean = 0.0
