entropy_mean = 0.0
loss_policy = 5.8202691078186035
loss_total = 13.257743835449219
loss_value = 1.015625
step = 422
value_mean = 0.0
