entropy_mean = 0.0
loss_policy = 3.3969292640686035
loss_total = 9.619427680969238
loss_value = 1.0468511581420898
step = 1212
value_mean = 0.0
