entropy_mean = 0.0
loss_policy = 5.791209697723389
loss_total = 13.506465911865234
loss_value = 0.984375
step = 231
value_mean = 0.0
