entropy_mean = 0.0
loss_policy = 5.332180976867676
loss_total = 12.76485824584961
loss_value = 1.0
step = 416
value_mean = 0.0
