entropy_mean = 0.0
loss_policy = 4.798791885375977
loss_total = 11.643390655517578
loss_value = 1.015625
step = 710
value_mean = 0.0
