entropy_mean = 0.0
loss_policy = 2.790858268737793
loss_total = 8.82406997680664
loss_value = 1.046875
step = 1393
value_mean = 0.0
