entropy_mean = 0.0
loss_policy = 4.792032718658447
loss_total = 11.31894302368164
loss_value = 0.9921875
step = 889
value_mean = 0.0
