entropy_mean = 0.0
loss_policy = 5.8647613525390625
loss_total = 13.065031051635742
loss_value = 0.399815171957016
step = 93
value_mean = 0.0
