entropy_mean = 0.0
loss_policy = 6.015063285827637
loss_total = 13.629892349243164
loss_value = 1.0234375
step = 330
value_mean = 0.0
