entropy_mean = 0.0
loss_policy = 3.2706212997436523
loss_total = 9.469966888427734
loss_value = 1.046875
step = 1235
value_mean = 0.0
