entropy_mean = 0.0
loss_policy = 3.1172635555267334
loss_total = 9.30302906036377
loss_value = 0.9921708703041077
step = 1195
value_mean = 0.0
