entropy_mean = 0.0
loss_policy = 6.066739082336426
loss_total = 13.86369514465332
loss_value = 0.980887770652771
step = 26
value_mean = 0.0
