entropy_mean = 0.0
loss_policy = 4.5958452224731445
loss_total = 11.103832244873047
loss_value = 1.0
step = 907
value_mean = 0.0
