entropy_mean = 0.0
loss_policy = 6.305231094360352
loss_total = 13.974414825439453
loss_value = 1.0
step = 279
value_mean = 0.0
