entropy_mean = 0.0
loss_policy = 5.990915298461914
loss_total = 13.63018798828125
loss_value = 1.0
step = 298
value_mean = 0.0
