entropy_mean = 0.0
loss_policy = 4.758075714111328
loss_total = 11.74341106414795
loss_value = 1.0
step = 622
value_mean = 0.0
