entropy_mean = 0.0
loss_policy = 3.023327350616455
loss_total = 9.174266815185547
loss_value = 0.9921875
step = 1229
value_mean = 0.0
