entropy_mean = 0.0
loss_policy = 6.121221542358398
loss_total = 13.767330169677734
loss_value = 1.0
step = 293
value_mean = 0.0
