entropy_mean = 0.0
loss_policy = 4.8914666175842285
loss_total = 11.742321014404297
loss_value = 1.0
step = 698
value_mean = 0.0
