entropy_mean = 0.0
loss_policy = 5.745485782623291
loss_total = 13.044968605041504
loss_value = 0.5092212557792664
step = 133
value_mean = 0.0
