entropy_mean = 0.0
loss_policy = 5.039894104003906
loss_total = 12.15286636352539
loss_value = 1.0234375
step = 563
value_mean = 0.0
