entropy_mean = 0.0
loss_policy = 6.1622514724731445
loss_total = 13.827852249145508
loss_value = 1.0
step = 281
value_mean = 0.0
