entropy_mean = 0.0
loss_policy = 4.0088043212890625
loss_total = 10.220380783081055
loss_value = 0.9053205251693726
step = 1082
value_mean = 0.0
