entropy_mean = 0.0
loss_policy = 5.975614547729492
loss_total = 13.454706192016602
loss_value = 0.6723959445953369
step = 65
value_mean = 0.0
