entropy_mean = 0.0
loss_policy = 5.8666534423828125
loss_total = 12.96227741241455
loss_value = 0.2943543493747711
step = 89
value_mean = 0.0
