entropy_mean = 0.0
loss_policy = 3.1416702270507812
loss_total = 9.31412124633789
loss_value = 1.0234375
step = 1238
value_mean = 0.0
