entropy_mean = 0.0
loss_policy = 2.8497750759124756
loss_total = 8.864786148071289
loss_value = 1.0
step = 1365
value_mean = 0.0
