entropy_mean = 0.0
loss_policy = 5.912972450256348
loss_total = 13.072797775268555
loss_value = 0.35876521468162537
step = 90
value_mean = 0.0
