entropy_mean = 0.0
loss_policy = 5.320146083831787
loss_total = 12.677399635314941
loss_value = 0.984375
step = 448
value_mean = 0.0
