entropy_mean = 0.0
loss_policy = 5.28515625
loss_total = 12.170512199401855
loss_value = 1.0
step = 676
value_mean = 0.0
