entropy_mean = 0.0
loss_policy = 5.954135894775391
loss_total = 13.321767807006836
loss_value = 0.5758465528488159
step = 128
value_mean = 0.0
