entropy_mean = 0.0
loss_policy = 5.7539262771606445
loss_total = 12.918837547302246
loss_value = 0.3600277006626129
step = 73
value_mean = 0.0
