entropy_mean = 0.0
loss_policy = 4.619068145751953
loss_total = 11.086051940917969
loss_value = 0.9999986886978149
step = 942
value_mean = 0.0
