entropy_mean = 0.0
loss_policy = 5.174749851226807
loss_total = 12.308122634887695
loss_value = 1.0
step = 544
value_mean = 0.0
