entropy_mean = 0.0
loss_policy = 3.6541569232940674
loss_total = 9.642358779907227
loss_value = 0.7545675039291382
step = 1149
value_mean = 0.0
