entropy_mean = 0.0
loss_policy = 3.570162296295166
loss_total = 9.748279571533203
loss_value = 0.9580373167991638
step = 1165
value_mean = 0.0
