entropy_mean = 0.0
loss_policy = 5.9828691482543945
loss_total = 13.179397583007812
loss_value = 0.4074437916278839
step = 137
value_mean = 0.0
