entropy_mean = 0.0
loss_policy = 5.4286394119262695
loss_total = 12.632869720458984
loss_value = 1.0234375
step = 524
value_mean = 0.0
