entropy_mean = 0.0
loss_policy = 3.345231056213379
loss_total = 9.314933776855469
loss_value = 0.7209876179695129
step = 1134
value_mean = 0.0
