entropy_mean = 0.0
loss_policy = 5.607078552246094
loss_total = 13.132264137268066
loss_value = 1.0
step = 368
value_mean = 0.0
