entropy_mean = 0.0
loss_policy = 5.738367080688477
loss_total = 12.801549911499023
loss_value = 1.0234375
step = 587
value_mean = 0.0
