entropy_mean = 0.0
loss_policy = 4.021085262298584
loss_total = 10.416698455810547
loss_value = 1.0
step = 1006
value_mean = 0.0
