entropy_mean = 0.0
loss_policy = 5.036358833312988
loss_total = 12.21062183380127
loss_value = 1.0
step = 527
value_mean = 0.0
