entropy_mean = 0.0
loss_policy = 5.893587112426758
loss_total = 13.146867752075195
loss_value = 0.47360655665397644
step = 163
value_mean = 0.0
