entropy_mean = 0.0
loss_policy = 5.617326736450195
loss_total = 13.091590881347656
loss_value = 1.0
step = 391
value_mean = 0.0
