entropy_mean = 0.0
loss_policy = 4.963113784790039
loss_total = 12.187196731567383
loss_value = 1.0
step = 507
value_mean = 0.0
