entropy_mean = 0.0
loss_policy = 4.690840721130371
loss_total = 11.308635711669922
loss_value = 0.9999998807907104
step = 837
value_mean = 0.0
