entropy_mean = 0.0
loss_policy = 5.700039863586426
loss_total = 12.623983383178711
loss_value = 0.1386074274778366
step = 149
value_mean = 0.0
