entropy_mean = 0.0
loss_policy = 6.013655662536621
loss_total = 13.668691635131836
loss_value = 1.0
step = 287
value_mean = 0.0
