entropy_mean = 0.0
loss_policy = 3.073964834213257
loss_total = 9.143815994262695
loss_value = 0.9921858310699463
step = 1302
value_mean = 0.0
