entropy_mean = 0.0
loss_policy = 4.831363677978516
loss_total = 11.418985366821289
loss_value = 1.0
step = 855
value_mean = 0.0
