entropy_mean = 0.0
loss_policy = 5.0164899826049805
loss_total = 12.121857643127441
loss_value = 1.046875
step = 579
value_mean = 0.0
