entropy_mean = 0.0
loss_policy = 3.0283827781677246
loss_total = 9.220349311828613
loss_value = 1.0234375
step = 1219
value_mean = 0.0
