entropy_mean = 0.0
loss_policy = 5.838873386383057
loss_total = 13.227638244628906
loss_value = 0.5929099321365356
step = 114
value_mean = 0.0
