entropy_mean = 0.0
loss_policy = 4.187279224395752
loss_total = 10.578634262084961
loss_value = 0.9921875
step = 1003
value_mean = 0.0
