entropy_mean = 0.0
loss_policy = 5.8614501953125
loss_total = 12.924103736877441
loss_value = 0.2591012716293335
step = 79
value_mean = 0.0
