entropy_mean = 0.0
loss_policy = 2.771313190460205
loss_total = 8.762432098388672
loss_value = 1.0
step = 1389
value_mean = 0.0
