entropy_mean = 0.0
loss_policy = 6.177795886993408
loss_total = 13.874204635620117
loss_value = 0.984375
step = 248
value_mean = 0.0
