entropy_mean = 0.0
loss_policy = 5.871847152709961
loss_total = 13.555383682250977
loss_value = 1.0
step = 271
value_mean = 0.0
