entropy_mean = 0.0
loss_policy = 4.40009880065918
loss_total = 10.845380783081055
loss_value = 1.0171273946762085
step = 976
value_mean = 0.0
