entropy_mean = 0.0
loss_policy = 4.387096405029297
loss_total = 10.953421592712402
loss_value = 1.0
step = 868
value_mean = 0.0
