entropy_mean = 0.0
loss_policy = 5.77693510055542
loss_total = 13.356224060058594
loss_value = 0.9921875
step = 333
value_mean = 0.0
