entropy_mean = 0.0
loss_policy = 6.0977373123168945
loss_total = 13.791694641113281
loss_value = 1.0
step = 263
value_mean = 0.0
