entropy_mean = 0.0
loss_policy = 5.874773025512695
loss_total = 13.042875289916992
loss_value = 0.389314740896225
step = 165
value_mean = 0.0
