entropy_mean = 0.0
loss_policy = 4.522885799407959
loss_total = 10.963062286376953
loss_value = 0.9999511241912842
step = 965
value_mean = 0.0
