entropy_mean = 0.0
loss_policy = 6.079676151275635
loss_total = 13.654764175415039
loss_value = 0.7615204453468323
step = 38
value_mean = 0.0
