entropy_mean = 0.0
loss_policy = 5.054941654205322
loss_total = 12.197528839111328
loss_value = 1.0234375
step = 550
value_mean = 0.0
