entropy_mean = 0.0
loss_policy = 5.745519638061523
loss_total = 13.030921936035156
loss_value = 0.4909130930900574
step = 119
value_mean = 0.0
