entropy_mean = 0.0
loss_policy = 5.563936233520508
loss_total = 13.18944263458252
loss_value = 1.0234375
step = 323
value_mean = 0.0
