entropy_mean = 0.0
loss_policy = 2.574612617492676
loss_total = 8.563966751098633
loss_value = 0.984375
step = 1376
value_mean = 0.0
