entropy_mean = 0.0
loss_policy = 2.9407362937927246
loss_total = 9.04718017578125
loss_value = 0.9999997019767761
step = 1275
value_mean = 0.0
