entropy_mean = 0.0
loss_policy = 5.659345626831055
loss_total = 13.244536399841309
loss_value = 1.015625
step = 345
value_mean = 0.0
