entropy_mean = 0.0
loss_policy = 4.506355285644531
loss_total = 10.96126937866211
loss_value = 0.999997615814209
step = 952
value_mean = 0.0
