entropy_mean = 0.0
loss_policy = 3.6038615703582764
loss_total = 9.679027557373047
loss_value = 0.8100517988204956
step = 1119
value_mean = 0.0
