entropy_mean = 0.0
loss_policy = 7.093295574188232
loss_total = 14.806966781616211
loss_value = 0.9921875
step = 239
value_mean = 0.0
