entropy_mean = 0.0
loss_policy = 4.8653974533081055
loss_total = 11.471614837646484
loss_value = 1.0234375
step = 858
value_mean = 0.0
