entropy_mean = 0.0
loss_policy = 3.330228328704834
loss_total = 9.50916862487793
loss_value = 0.9980887770652771
step = 1207
value_mean = 0.0
