entropy_mean = 0.0
loss_policy = 5.843171119689941
loss_total = 13.347230911254883
loss_value = 1.0234375
step = 388
value_mean = 0.0
