entropy_mean = 0.0
loss_policy = 5.179958343505859
loss_total = 12.366108894348145
loss_value = 1.0234375
step = 532
value_mean = 0.0
