entropy_mean = 0.0
loss_policy = 5.768465995788574
loss_total = 12.73898696899414
loss_value = 0.18345245718955994
step = 144
value_mean = 0.0
