entropy_mean = 0.0
loss_policy = 6.0590081214904785
loss_total = 13.868654251098633
loss_value = 0.9932659864425659
step = 24
value_mean = 0.0
