entropy_mean = 0.0
loss_policy = 5.110394477844238
loss_total = 11.874141693115234
loss_value = 1.0
step = 744
value_mean = 0.0
