entropy_mean = 0.0
loss_policy = 3.9902796745300293
loss_total = 10.378704071044922
loss_value = 1.0
step = 1012
value_mean = 0.0
