entropy_mean = 0.0
loss_policy = 5.909987449645996
loss_total = 13.579764366149902
loss_value = 1.0078125
step = 283
value_mean = 0.0
