entropy_mean = 0.0
loss_policy = 5.288618087768555
loss_total = 12.368492126464844
loss_value = 1.0
step = 568
value_mean = 0.0
