entropy_mean = 0.0
loss_policy = 4.371679306030273
loss_total = 10.929817199707031
loss_value = 0.9999998211860657
step = 873
value_mean = 0.0
