entropy_mean = 0.0
loss_policy = 6.159152030944824
loss_total = 13.913119316101074
loss_value = 1.0
step = 206
value_mean = 0.0
