entropy_mean = 0.0
loss_policy = 5.501374244689941
loss_total = 12.983861923217773
loss_value = 0.9921875
step = 384
value_mean = 0.0
