entropy_mean = 0.0
loss_policy = 6.642041206359863
loss_total = 14.407735824584961
loss_value = 0.9999989867210388
step = 190
value_mean = 0.0
