entropy_mean = 0.0
loss_policy = 4.214968681335449
loss_total = 10.580331802368164
loss_value = 0.9999727010726929
step = 1031
value_mean = 0.0
