entropy_mean = 0.0
loss_policy = 2.5756611824035645
loss_total = 8.59536075592041
loss_value = 1.0
step = 1360
value_mean = 0.0
