entropy_mean = 0.0
loss_policy = 4.744083881378174
loss_total = 11.580886840820312
loss_value = 1.0234375
step = 718
value_mean = 0.0
