entropy_mean = 0.0
loss_policy = 2.7020037174224854
loss_total = 8.70798397064209
loss_value = 1.0
step = 1375
value_mean = 0.0
