entropy_mean = 0.0
loss_policy = 3.448719024658203
loss_total = 9.602645874023438
loss_value = 0.931290328502655
step = 1162
value_mean = 0.0
