entropy_mean = 0.0
loss_policy = 5.140603065490723
loss_total = 12.055730819702148
loss_value = 1.0234375
step = 672
value_mean = 0.0
