entropy_mean = 0.0
loss_policy = 5.632177352905273
loss_total = 13.217422485351562
loss_value = 1.046875
step = 362
value_mean = 0.0
