entropy_mean = 0.0
loss_policy = 5.959200382232666
loss_total = 13.669986724853516
loss_value = 1.0
step = 249
value_mean = 0.0
