entropy_mean = 0.0
loss_policy = 6.247128963470459
loss_total = 14.030080795288086
loss_value = 1.0234375
step = 199
value_mean = 0.0
