entropy_mean = 0.0
loss_policy = 3.1544909477233887
loss_total = 9.170560836791992
loss_value = 0.8015161752700806
step = 1171
value_mean = 0.0
