entropy_mean = 0.0
loss_policy = 3.41032075881958
loss_total = 9.515034675598145
loss_value = 1.023425579071045
step = 1298
value_mean = 0.0
