entropy_mean = 0.0
loss_policy = 6.0610504150390625
loss_total = 13.319650650024414
loss_value = 0.452134370803833
step = 66
value_mean = 0.0
