entropy_mean = 0.0
loss_policy = 5.85447883605957
loss_total = 13.420730590820312
loss_value = 0.9921875
step = 342
value_mean = 0.0
