entropy_mean = 0.0
loss_policy = 6.625264644622803
loss_total = 14.290620803833008
loss_value = 1.0234375
step = 296
value_mean = 0.0
