entropy_mean = 0.0
loss_policy = 3.689619541168213
loss_total = 9.876579284667969
loss_value = 0.9229143857955933
step = 1120
value_mean = 0.0
