entropy_mean = 0.0
loss_policy = 5.144500732421875
loss_total = 11.90180778503418
loss_value = 1.0
step = 748
value_mean = 0.0
