entropy_mean = 0.0
loss_policy = 2.862597942352295
loss_total = 8.841028213500977
loss_value = 1.0
step = 1400
value_mean = 0.0
