entropy_mean = 0.0
loss_policy = 4.799102306365967
loss_total = 11.24034309387207
loss_value = 0.9999576807022095
step = 964
value_mean = 0.0
