entropy_mean = 0.0
loss_policy = 4.297635555267334
loss_total = 10.675790786743164
loss_value = 0.9921875
step = 1014
value_mean = 0.0
