entropy_mean = 0.0
loss_policy = 2.7095932960510254
loss_total = 8.86800479888916
loss_value = 1.0390604734420776
step = 1264
value_mean = 0.0
