entropy_mean = 0.0
loss_policy = 5.876943588256836
loss_total = 13.628421783447266
loss_value = 1.0
step = 209
value_mean = 0.0
