entropy_mean = 0.0
loss_policy = 6.042732238769531
loss_total = 13.856813430786133
loss_value = 0.9989051818847656
step = 31
value_mean = 0.0
