entropy_mean = 0.0
loss_policy = 5.591015815734863
loss_total = 13.114060401916504
loss_value = 1.0
step = 369
value_mean = 0.0
