entropy_mean = 0.0
loss_policy = 5.19903564453125
loss_total = 12.040305137634277
loss_value = 0.984375
step = 694
value_mean = 0.0
