entropy_mean = 0.0
loss_policy = 2.551304340362549
loss_total = 8.552141189575195
loss_value = 1.0234375
step = 1401
value_mean = 0.0
