entropy_mean = 0.0
loss_policy = 4.973785400390625
loss_total = 11.644911766052246
loss_value = 1.015625
step = 810
value_mean = 0.0
