entropy_mean = 0.0
loss_policy = 5.04666805267334
loss_total = 12.179342269897461
loss_value = 0.984375
step = 538
value_mean = 0.0
