entropy_mean = 0.0
loss_policy = 6.102361679077148
loss_total = 13.808148384094238
loss_value = 1.0
step = 253
value_mean = 0.0
