entropy_mean = 0.0
loss_policy = 5.798600196838379
loss_total = 12.909682273864746
loss_value = 0.32111918926239014
step = 134
value_mean = 0.0
