entropy_mean = 0.0
loss_policy = 2.929471731185913
loss_total = 9.071598052978516
loss_value = 0.984375
step = 1230
value_mean = 0.0
