entropy_mean = 0.0
loss_policy = 5.118120193481445
loss_total = 12.485908508300781
loss_value = 1.015625
step = 457
value_mean = 0.0
