entropy_mean = 0.0
loss_policy = 3.269486427307129
loss_total = 9.443023681640625
loss_value = 0.9999996423721313
step = 1214
value_mean = 0.0
