entropy_mean = 0.0
loss_policy = 5.857122421264648
loss_total = 13.629316329956055
loss_value = 1.015625
step = 203
value_mean = 0.0
