entropy_mean = 0.0
loss_policy = 4.864219665527344
loss_total = 11.687176704406738
loss_value = 1.0
step = 713
value_mean = 0.0
