entropy_mean = 0.0
loss_policy = 5.154261589050293
loss_total = 12.492020606994629
loss_value = 1.015625
step = 469
value_mean = 0.0
