entropy_mean = 0.0
loss_policy = 3.284904956817627
loss_total = 9.361989974975586
loss_value = 1.0228447914123535
step = 1325
value_mean = 0.0
