entropy_mean = 0.0
loss_policy = 5.370713233947754
loss_total = 12.137899398803711
loss_value = 1.0
step = 742
value_mean = 0.0
