entropy_mean = 0.0
loss_policy = 4.7579569816589355
loss_total = 11.644728660583496
loss_value = 1.0234375
step = 690
value_mean = 0.0
