entropy_mean = 0.0
loss_policy = 2.637610912322998
loss_total = 8.608749389648438
loss_value = 1.0
step = 1407
value_mean = 0.0
