entropy_mean = 0.0
loss_policy = 5.056684970855713
loss_total = 12.127671241760254
loss_value = 1.0
step = 573
value_mean = 0.0
