entropy_mean = 0.0
loss_policy = 5.930607795715332
loss_total = 13.341172218322754
loss_value = 0.5972369909286499
step = 39
value_mean = 0.0
