entropy_mean = 0.0
loss_policy = 5.8836493492126465
loss_total = 12.77786922454834
loss_value = 0.12026999890804291
step = 176
value_mean = 0.0
