entropy_mean = 0.0
loss_policy = 4.7734832763671875
loss_total = 11.453975677490234
loss_value = 1.0234375
step = 809
value_mean = 0.0
