entropy_mean = 0.0
loss_policy = 3.045789957046509
loss_total = 9.144291877746582
loss_value = 1.023429036140442
step = 1305
value_mean = 0.0
