entropy_mean = 0.0
loss_policy = 3.523810625076294
loss_total = 9.655316352844238
loss_value = 0.8773991465568542
step = 1129
value_mean = 0.0
