entropy_mean = 0.0
loss_policy = 2.8542263507843018
loss_total = 8.940046310424805
loss_value = 0.9920840859413147
step = 1286
value_mean = 0.0
