entropy_mean = 0.0
loss_policy = 5.623714447021484
loss_total = 12.994434356689453
loss_value = 1.0
step = 449
value_mean = 0.0
