entropy_mean = 0.0
loss_policy = 6.50084924697876
loss_total = 14.093700408935547
loss_value = 1.0
step = 329
value_mean = 0.0
