entropy_mean = 0.0
loss_policy = 4.598118305206299
loss_total = 11.084972381591797
loss_value = 1.0234318971633911
step = 945
value_mean = 0.0
