entropy_mean = 0.0
loss_policy = 5.534518718719482
loss_total = 12.800488471984863
loss_value = 0.9921875
step = 487
value_mean = 0.0
