entropy_mean = 0.0
loss_policy = 5.923288345336914
loss_total = 13.715362548828125
loss_value = 0.9771090149879456
step = 32
value_mean = 0.0
