entropy_mean = 0.0
loss_policy = 5.210540771484375
loss_total = 12.451608657836914
loss_value = 1.0
step = 501
value_mean = 0.0
