entropy_mean = 0.0
loss_policy = 5.615565776824951
loss_total = 12.609696388244629
loss_value = 0.2188090682029724
step = 173
value_mean = 0.0
