entropy_mean = 0.0
loss_policy = 4.612178802490234
loss_total = 11.13283920288086
loss_value = 1.0702993869781494
step = 956
value_mean = 0.0
