entropy_mean = 0.0
loss_policy = 3.2199981212615967
loss_total = 9.263877868652344
loss_value = 0.9843199253082275
step = 1320
value_mean = 0.0
