entropy_mean = 0.0
loss_policy = 5.173171043395996
loss_total = 11.979695320129395
loss_value = 1.0
step = 722
value_mean = 0.0
