entropy_mean = 0.0
loss_policy = 5.975106716156006
loss_total = 12.975323677062988
loss_value = 0.19735823571681976
step = 82
value_mean = 0.0
