entropy_mean = 0.0
loss_policy = 2.840728759765625
loss_total = 8.86501693725586
loss_value = 1.0234375
step = 1380
value_mean = 0.0
