entropy_mean = 0.0
loss_policy = 3.998061418533325
loss_total = 9.959492683410645
loss_value = 0.7169264554977417
step = 1138
value_mean = 0.0
