entropy_mean = 0.0
loss_policy = 6.743207931518555
loss_total = 14.393582344055176
loss_value = 1.0
step = 290
value_mean = 0.0
