entropy_mean = 0.0
loss_policy = 2.745882511138916
loss_total = 8.791804313659668
loss_value = 1.015625
step = 1349
value_mean = 0.0
