entropy_mean = 0.0
loss_policy = 3.577829599380493
loss_total = 9.80124282836914
loss_value = 0.9966433048248291
step = 1157
value_mean = 0.0
