entropy_mean = 0.0
loss_policy = 2.955491542816162
loss_total = 9.126029014587402
loss_value = 0.9999999403953552
step = 1217
value_mean = 0.0
