entropy_mean = 0.0
loss_policy = 6.388145446777344
loss_total = 14.12901496887207
loss_value = 1.0234375
step = 243
value_mean = 0.0
