entropy_mean = 0.0
loss_policy = 3.9838709831237793
loss_total = 10.249494552612305
loss_value = 0.9824772477149963
step = 1102
value_mean = 0.0
