entropy_mean = 0.0
loss_policy = 3.360109806060791
loss_total = 9.524003982543945
loss_value = 1.0234375
step = 1245
value_mean = 0.0
