entropy_mean = 0.0
loss_policy = 5.804749488830566
loss_total = 13.514915466308594
loss_value = 1.0390625
step = 278
value_mean = 0.0
