entropy_mean = 0.0
loss_policy = 3.0070960521698
loss_total = 9.13266372680664
loss_value = 0.9999798536300659
step = 1258
value_mean = 0.0
