entropy_mean = 0.0
loss_policy = 4.474514961242676
loss_total = 10.914955139160156
loss_value = 0.9843742847442627
step = 951
value_mean = 0.0
