entropy_mean = 0.0
loss_policy = 4.800841331481934
loss_total = 11.490707397460938
loss_value = 1.0
step = 789
value_mean = 0.0
