entropy_mean = 0.0
loss_policy = 6.399904727935791
loss_total = 14.13742446899414
loss_value = 0.984375
step = 207
value_mean = 0.0
