entropy_mean = 0.0
loss_policy = 5.444106101989746
loss_total = 12.621606826782227
loss_value = 0.9921875
step = 522
value_mean = 0.0
