entropy_mean = 0.0
loss_policy = 4.90950345993042
loss_total = 11.582130432128906
loss_value = 0.9843749403953552
step = 790
value_mean = 0.0
