entropy_mean = 0.0
loss_policy = 6.282901763916016
loss_total = 14.054275512695312
loss_value = 0.9556319713592529
step = 28
value_mean = 0.0
