entropy_mean = 0.0
loss_policy = 5.2873334884643555
loss_total = 12.64179801940918
loss_value = 1.0
step = 456
value_mean = 0.0
