entropy_mean = 0.0
loss_policy = 7.855483531951904
loss_total = 15.687786102294922
loss_value = 1.0146321058273315
step = 6
value_mean = 0.0
