entropy_mean = 0.0
loss_policy = 5.22182035446167
loss_total = 12.250601768493652
loss_value = 1.0234375
step = 609
value_mean = 0.0
