entropy_mean = 0.0
loss_policy = 4.520951271057129
loss_total = 10.980052947998047
loss_value = 1.0156097412109375
step = 962
value_mean = 0.0
