entropy_mean = 0.0
loss_policy = 4.0938568115234375
loss_total = 10.515314102172852
loss_value = 1.0390625
step = 1017
value_mean = 0.0
