entropy_mean = 0.0
loss_policy = 4.690760612487793
loss_total = 11.318578720092773
loss_value = 1.0
step = 831
value_mean = 0.0
