entropy_mean = 0.0
loss_policy = 6.6982808113098145
loss_total = 14.415243148803711
loss_value = 0.9921875
step = 236
value_mean = 0.0
