entropy_mean = 0.0
loss_policy = 6.40789794921875
loss_total = 14.003091812133789
loss_value = 0.984375
step = 317
value_mean = 0.0
