entropy_mean = 0.0
loss_policy = 6.070003986358643
loss_total = 13.759821891784668
loss_value = 0.9921875
step = 260
value_mean = 0.0
