entropy_mean = 0.0
loss_policy = 5.773276329040527
loss_total = 13.187889099121094
loss_value = 1.0
step = 426
value_mean = 0.0
