entropy_mean = 0.0
loss_policy = 2.965463399887085
loss_total = 9.073118209838867
loss_value = 0.9999992251396179
step = 1274
value_mean = 0.0
