entropy_mean = 0.0
loss_policy = 5.770536422729492
loss_total = 13.358652114868164
loss_value = 0.8178732395172119
step = 183
value_mean = 0.0
