entropy_mean = 0.0
loss_policy = 3.6782281398773193
loss_total = 9.965570449829102
loss_value = 0.9947842955589294
step = 1094
value_mean = 0.0
