entropy_mean = 0.0
loss_policy = 4.213428497314453
loss_total = 10.360294342041016
loss_value = 0.9053632020950317
step = 1141
value_mean = 0.0
