entropy_mean = 0.0
loss_policy = 5.494823455810547
loss_total = 12.452746391296387
loss_value = 0.9921875
step = 633
value_mean = 0.0
