entropy_mean = 0.0
loss_policy = 4.475893020629883
loss_total = 10.951238632202148
loss_value = 0.9999956488609314
step = 935
value_mean = 0.0
