entropy_mean = 0.0
loss_policy = 3.1470184326171875
loss_total = 9.187297821044922
loss_value = 1.0234375
step = 1363
value_mean = 0.0
