entropy_mean = 0.0
loss_policy = 5.884146690368652
loss_total = 13.515978813171387
loss_value = 0.8239185810089111
step = 60
value_mean = 0.0
