entropy_mean = 0.0
loss_policy = 4.7462263107299805
loss_total = 11.359116554260254
loss_value = 1.015625
step = 849
value_mean = 0.0
