entropy_mean = 0.0
loss_policy = 5.651247024536133
loss_total = 13.044031143188477
loss_value = 1.0
step = 438
value_mean = 0.0
