entropy_mean = 0.0
loss_policy = 4.132112503051758
loss_total = 10.326282501220703
loss_value = 0.8835409879684448
step = 1078
value_mean = 0.0
