entropy_mean = 0.0
loss_policy = 3.3575735092163086
loss_total = 9.400365829467773
loss_value = 0.8263692855834961
step = 1169
value_mean = 0.0
