entropy_mean = 0.0
loss_policy = 5.172112941741943
loss_total = 12.162554740905762
loss_value = 1.0
step = 619
value_mean = 0.0
