entropy_mean = 0.0
loss_policy = 3.999279499053955
loss_total = 10.299188613891602
loss_value = 1.0106858015060425
step = 1097
value_mean = 0.0
