entropy_mean = 0.0
loss_policy = 4.900813102722168
loss_total = 11.980615615844727
loss_value = 1.0234375
step = 580
value_mean = 0.0
