entropy_mean = 0.0
loss_policy = 6.09161901473999
loss_total = 13.717521667480469
loss_value = 0.9921875
step = 302
value_mean = 0.0
