entropy_mean = 0.0
loss_policy = 6.8254241943359375
loss_total = 14.627225875854492
loss_value = 0.9842360019683838
step = 11
value_mean = 0.0
