entropy_mean = 0.0
loss_policy = 4.73714017868042
loss_total = 11.901268005371094
loss_value = 0.9921875
step = 528
value_mean = 0.0
