entropy_mean = 0.0
loss_policy = 5.574520587921143
loss_total = 12.968629837036133
loss_value = 0.6091575622558594
step = 150
value_mean = 0.0
