entropy_mean = 0.0
loss_policy = 5.135134696960449
loss_total = 11.876311302185059
loss_value = 1.0
step = 758
value_mean = 0.0
