entropy_mean = 0.0
loss_policy = 4.784421920776367
loss_total = 11.260923385620117
loss_value = 0.9921875
step = 926
value_mean = 0.0
