entropy_mean = 0.0
loss_policy = 2.6307334899902344
loss_total = 8.695178985595703
loss_value = 0.9921722412109375
step = 1308
value_mean = 0.0
