entropy_mean = 0.0
loss_policy = 2.915173292160034
loss_total = 8.943513870239258
loss_value = 1.0
step = 1351
value_mean = 0.0
