entropy_mean = 0.0
loss_policy = 4.856840133666992
loss_total = 11.560754776000977
loss_value = 1.0
step = 781
value_mean = 0.0
