entropy_mean = 0.0
loss_policy = 5.3871169090271
loss_total = 12.951820373535156
loss_value = 1.0
step = 348
value_mean = 0.0
