entropy_mean = 0.0
loss_policy = 5.840167045593262
loss_total = 13.543540954589844
loss_value = 1.0
step = 255
value_mean = 0.0
