entropy_mean = 0.0
loss_policy = 4.359768867492676
loss_total = 10.817591667175293
loss_value = 1.0229305028915405
step = 970
value_mean = 0.0
