entropy_mean = 0.0
loss_policy = 5.024367332458496
loss_total = 11.87823486328125
loss_value = 0.9921875
step = 691
value_mean = 0.0
