entropy_mean = 0.0
loss_policy = 5.892460346221924
loss_total = 13.591238021850586
loss_value = 1.0
step = 259
value_mean = 0.0
