entropy_mean = 0.0
loss_policy = 5.635109901428223
loss_total = 12.695022583007812
loss_value = 0.25965407490730286
step = 94
value_mean = 0.0
