entropy_mean = 0.0
loss_policy = 5.794449329376221
loss_total = 13.423612594604492
loss_value = 1.0
step = 305
value_mean = 0.0
