entropy_mean = 0.0
loss_policy = 5.05982780456543
loss_total = 12.195613861083984
loss_value = 1.0
step = 543
value_mean = 0.0
