entropy_mean = 0.0
loss_policy = 3.5776169300079346
loss_total = 9.726945877075195
loss_value = 0.936631441116333
step = 1173
value_mean = 0.0
