entropy_mean = 0.0
loss_policy = 5.666650772094727
loss_total = 12.84988021850586
loss_value = 0.40575098991394043
step = 168
value_mean = 0.0
