entropy_mean = 0.0
loss_policy = 5.810733795166016
loss_total = 13.261062622070312
loss_value = 0.9921875
step = 400
value_mean = 0.0
