entropy_mean = 0.0
loss_policy = 2.6211962699890137
loss_total = 8.589214324951172
loss_value = 1.0
step = 1410
value_mean = 0.0
