entropy_mean = 0.0
loss_policy = 4.976718902587891
loss_total = 11.749571800231934
loss_value = 1.0234375
step = 753
value_mean = 0.0
