entropy_mean = 0.0
loss_policy = 5.7287187576293945
loss_total = 13.069681167602539
loss_value = 0.5494851469993591
step = 129
value_mean = 0.0
