entropy_mean = 0.0
loss_policy = 4.612087249755859
loss_total = 11.09512710571289
loss_value = 1.0234360694885254
step = 948
value_mean = 0.0
