entropy_mean = 0.0
loss_policy = 5.8763933181762695
loss_total = 12.859037399291992
loss_value = 0.17931710183620453
step = 80
value_mean = 0.0
