entropy_mean = 0.0
loss_policy = 5.216517925262451
loss_total = 12.406618118286133
loss_value = 1.0
step = 520
value_mean = 0.0
