entropy_mean = 0.0
loss_policy = 5.322703838348389
loss_total = 12.721040725708008
loss_value = 1.0
step = 435
value_mean = 0.0
