entropy_mean = 0.0
loss_policy = 2.559635639190674
loss_total = 8.567018508911133
loss_value = 1.0234375
step = 1395
value_mean = 0.0
