entropy_mean = 0.0
loss_policy = 4.886615753173828
loss_total = 11.840319633483887
loss_value = 1.0078125
step = 645
value_mean = 0.0
