entropy_mean = 0.0
loss_policy = 6.301826477050781
loss_total = 13.972561836242676
loss_value = 0.984375
step = 269
value_mean = 0.0
