entropy_mean = 0.0
loss_policy = 3.331312894821167
loss_total = 9.46041488647461
loss_value = 0.9231582283973694
step = 1181
value_mean = 0.0
