entropy_mean = 0.0
loss_policy = 5.502175331115723
loss_total = 12.941587448120117
loss_value = 1.015625
step = 421
value_mean = 0.0
