entropy_mean = 0.0
loss_policy = 3.6668829917907715
loss_total = 9.683420181274414
loss_value = 0.7760169506072998
step = 1142
value_mean = 0.0
