entropy_mean = 0.0
loss_policy = 5.560571670532227
loss_total = 12.996879577636719
loss_value = 1.0234375
step = 427
value_mean = 0.0
