entropy_mean = 0.0
loss_policy = 6.057953357696533
loss_total = 13.682361602783203
loss_value = 0.9921875
step = 303
value_mean = 0.0
