entropy_mean = 0.0
loss_policy = 6.887907028198242
loss_total = 14.629755020141602
loss_value = 0.9921875
step = 211
value_mean = 0.0
