entropy_mean = 0.0
loss_policy = 5.93844747543335
loss_total = 13.050077438354492
loss_value = 0.30587148666381836
step = 69
value_mean = 0.0
