entropy_mean = 0.0
loss_policy = 5.4416399002075195
loss_total = 12.641646385192871
loss_value = 1.0
step = 516
value_mean = 0.0
