entropy_mean = 0.0
loss_policy = 3.1008944511413574
loss_total = 9.20785903930664
loss_value = 0.9921871423721313
step = 1268
value_mean = 0.0
