entropy_mean = 0.0
loss_policy = 2.9123291969299316
loss_total = 9.038313865661621
loss_value = 1.007812261581421
step = 1265
value_mean = 0.0
