entropy_mean = 0.0
loss_policy = 5.309309959411621
loss_total = 12.211991310119629
loss_value = 1.0234373807907104
step = 680
value_mean = 0.0
