entropy_mean = 0.0
loss_policy = 6.112624168395996
loss_total = 13.817195892333984
loss_value = 1.0
step = 254
value_mean = 0.0
