entropy_mean = 0.0
loss_policy = 5.388021469116211
loss_total = 12.808438301086426
loss_value = 0.984375
step = 414
value_mean = 0.0
