entropy_mean = 0.0
loss_policy = 4.5496907234191895
loss_total = 11.008955001831055
loss_value = 1.0077979564666748
step = 955
value_mean = 0.0
