entropy_mean = 0.0
loss_policy = 3.91611909866333
loss_total = 10.298551559448242
loss_value = 1.046875
step = 1056
value_mean = 0.0
