entropy_mean = 0.0
loss_policy = 4.441506862640381
loss_total = 10.922174453735352
loss_value = 1.0234365463256836
step = 950
value_mean = 0.0
