entropy_mean = 0.0
loss_policy = 5.2867536544799805
loss_total = 12.288200378417969
loss_value = 1.0
step = 612
value_mean = 0.0
