entropy_mean = 0.0
loss_policy = 5.878718376159668
loss_total = 13.251611709594727
loss_value = 0.5852412581443787
step = 142
value_mean = 0.0
