entropy_mean = 0.0
loss_policy = 2.686203956604004
loss_total = 8.672898292541504
loss_value = 0.9921875
step = 1386
value_mean = 0.0
