entropy_mean = 0.0
loss_policy = 6.667661666870117
loss_total = 14.461288452148438
loss_value = 0.9760035872459412
step = 9
value_mean = 0.0
