entropy_mean = 0.0
loss_policy = 5.848990440368652
loss_total = 13.416990280151367
loss_value = 1.0
step = 346
value_mean = 0.0
