entropy_mean = 0.0
loss_policy = 2.7181854248046875
loss_total = 8.714303016662598
loss_value = 0.9921875
step = 1377
value_mean = 0.0
