entropy_mean = 0.0
loss_policy = 3.3736424446105957
loss_total = 9.534847259521484
loss_value = 0.9544301629066467
step = 1180
value_mean = 0.0
