entropy_mean = 0.0
loss_policy = 5.812511444091797
loss_total = 13.57055950164795
loss_value = 0.9432988166809082
step = 33
value_mean = 0.0
