entropy_mean = 0.0
loss_policy = 4.80238151550293
loss_total = 11.388343811035156
loss_value = 1.0
step = 856
value_mean = 0.0
