entropy_mean = 0.0
loss_policy = 5.559039115905762
loss_total = 12.640726089477539
loss_value = 1.0
step = 567
value_mean = 0.0
