entropy_mean = 0.0
loss_policy = 3.946800947189331
loss_total = 10.179718017578125
loss_value = 0.9509966373443604
step = 1103
value_mean = 0.0
