entropy_mean = 0.0
loss_policy = 5.285764217376709
loss_total = 12.404829025268555
loss_value = 1.0234375
step = 560
value_mean = 0.0
