entropy_mean = 0.0
loss_policy = 4.8855085372924805
loss_total = 11.647031784057617
loss_value = 1.0234375
step = 760
value_mean = 0.0
