entropy_mean = 0.0
loss_policy = 4.609371662139893
loss_total = 11.086862564086914
loss_value = 0.9921857118606567
step = 925
value_mean = 0.0
