entropy_mean = 0.0
loss_policy = 6.287825107574463
loss_total = 13.906122207641602
loss_value = 0.9921875
step = 307
value_mean = 0.0
