entropy_mean = 0.0
loss_policy = 5.3912458419799805
loss_total = 12.454212188720703
loss_value = 1.0
step = 577
value_mean = 0.0
