entropy_mean = 0.0
loss_policy = 4.063482761383057
loss_total = 10.435602188110352
loss_value = 0.9921875
step = 1019
value_mean = 0.0
