entropy_mean = 0.0
loss_policy = 5.836820125579834
loss_total = 12.754243850708008
loss_value = 0.12203287333250046
step = 116
value_mean = 0.0
