entropy_mean = 0.0
loss_policy = 2.913787364959717
loss_total = 8.946065902709961
loss_value = 1.0
step = 1347
value_mean = 0.0
