entropy_mean = 0.0
loss_policy = 3.2377543449401855
loss_total = 9.408781051635742
loss_value = 0.9921875
step = 1209
value_mean = 0.0
