entropy_mean = 0.0
loss_policy = 4.8127570152282715
loss_total = 11.52733039855957
loss_value = 1.0
step = 775
value_mean = 0.0
