entropy_mean = 0.0
loss_policy = 5.9969964027404785
loss_total = 13.684605598449707
loss_value = 1.0
step = 268
value_mean = 0.0
