entropy_mean = 0.0
loss_policy = 3.6926259994506836
loss_total = 10.027228355407715
loss_value = 1.0
step = 1057
value_mean = 0.0
