entropy_mean = 0.0
loss_policy = 5.942628860473633
loss_total = 13.145902633666992
loss_value = 0.4067310392856598
step = 111
value_mean = 0.0
