entropy_mean = 0.0
loss_policy = 3.0900611877441406
loss_total = 9.24468994140625
loss_value = 1.0
step = 1233
value_mean = 0.0
