entropy_mean = 0.0
loss_policy = 3.559643507003784
loss_total = 9.691283226013184
loss_value = 0.8970528841018677
step = 1148
value_mean = 0.0
