entropy_mean = 0.0
loss_policy = 3.144270181655884
loss_total = 9.223700523376465
loss_value = 0.9999955892562866
step = 1300
value_mean = 0.0
