entropy_mean = 0.0
loss_policy = 3.7869672775268555
loss_total = 10.123676300048828
loss_value = 0.9784145355224609
step = 1037
value_mean = 0.0
