entropy_mean = 0.0
loss_policy = 4.800293922424316
loss_total = 11.350250244140625
loss_value = 1.0
step = 878
value_mean = 0.0
