entropy_mean = 0.0
loss_policy = 3.712076187133789
loss_total = 9.937710762023926
loss_value = 0.9955165386199951
step = 1153
value_mean = 0.0
