entropy_mean = 0.0
loss_policy = 5.762683868408203
loss_total = 13.30849838256836
loss_value = 0.9921875
step = 354
value_mean = 0.0
