entropy_mean = 0.0
loss_policy = 4.69818115234375
loss_total = 11.193365097045898
loss_value = 1.0234276056289673
step = 938
value_mean = 0.0
