entropy_mean = 0.0
loss_policy = 6.2042951583862305
loss_total = 13.934734344482422
loss_value = 1.0234375
step = 252
value_mean = 0.0
