entropy_mean = 0.0
loss_policy = 3.20668888092041
loss_total = 9.380762100219727
loss_value = 0.9921776056289673
step = 1206
value_mean = 0.0
