entropy_mean = 0.0
loss_policy = 4.5090227127075195
loss_total = 11.008983612060547
loss_value = 1.039062261581421
step = 947
value_mean = 0.0
