entropy_mean = 0.0
loss_policy = 5.608887672424316
loss_total = 13.149242401123047
loss_value = 1.0
step = 361
value_mean = 0.0
