entropy_mean = 0.0
loss_policy = 3.9192264080047607
loss_total = 10.015237808227539
loss_value = 0.8535134792327881
step = 1140
value_mean = 0.0
