entropy_mean = 0.0
loss_policy = 5.5123209953308105
loss_total = 12.946869850158691
loss_value = 0.9921875
step = 410
value_mean = 0.0
