entropy_mean = 0.0
loss_policy = 2.71356201171875
loss_total = 8.724614143371582
loss_value = 1.0234375
step = 1392
value_mean = 0.0
