entropy_mean = 0.0
loss_policy = 4.318913459777832
loss_total = 10.724691390991211
loss_value = 0.9921875
step = 989
value_mean = 0.0
