entropy_mean = 0.0
loss_policy = 5.627219200134277
loss_total = 13.17723274230957
loss_value = 1.0
step = 356
value_mean = 0.0
