entropy_mean = 0.0
loss_policy = 5.6902008056640625
loss_total = 13.153417587280273
loss_value = 1.0
step = 397
value_mean = 0.0
