entropy_mean = 0.0
loss_policy = 4.64656925201416
loss_total = 11.190247535705566
loss_value = 0.992186963558197
step = 877
value_mean = 0.0
