entropy_mean = 0.0
loss_policy = 5.51120662689209
loss_total = 12.854120254516602
loss_value = 1.015625
step = 467
value_mean = 0.0
