entropy_mean = 0.0
loss_policy = 5.76568078994751
loss_total = 13.556867599487305
loss_value = 1.0233310461044312
step = 187
value_mean = 0.0
