entropy_mean = 0.0
loss_policy = 3.207792282104492
loss_total = 9.235559463500977
loss_value = 0.9789044857025146
step = 1330
value_mean = 0.0
