entropy_mean = 0.0
loss_policy = 6.523605823516846
loss_total = 14.302907943725586
loss_value = 1.015625
step = 193
value_mean = 0.0
