entropy_mean = 0.0
loss_policy = 5.029780387878418
loss_total = 12.068321228027344
loss_value = 0.984375
step = 581
value_mean = 0.0
