entropy_mean = 0.0
loss_policy = 3.325326681137085
loss_total = 9.469731330871582
loss_value = 1.0156240463256836
step = 1255
value_mean = 0.0
