entropy_mean = 0.0
loss_policy = 2.946931838989258
loss_total = 8.961050033569336
loss_value = 1.0
step = 1366
value_mean = 0.0
