entropy_mean = 0.0
loss_policy = 3.3109705448150635
loss_total = 9.51011848449707
loss_value = 1.019302487373352
step = 1208
value_mean = 0.0
