entropy_mean = 0.0
loss_policy = 3.1893911361694336
loss_total = 9.301813125610352
loss_value = 0.9999998807907104
step = 1270
value_mean = 0.0
