entropy_mean = 0.0
loss_policy = 6.202184677124023
loss_total = 13.928598403930664
loss_value = 0.9921875
step = 228
value_mean = 0.0
