entropy_mean = 0.0
loss_policy = 5.047582626342773
loss_total = 12.08641529083252
loss_value = 0.9921875
step = 584
value_mean = 0.0
