entropy_mean = 0.0
loss_policy = 4.921151161193848
loss_total = 11.660799026489258
loss_value = 1.0
step = 759
value_mean = 0.0
