entropy_mean = 0.0
loss_policy = 5.096397876739502
loss_total = 12.220354080200195
loss_value = 1.0
step = 548
value_mean = 0.0
