entropy_mean = 0.0
loss_policy = 2.9152350425720215
loss_total = 8.925787925720215
loss_value = 1.0
step = 1370
value_mean = 0.0
