entropy_mean = 0.0
loss_policy = 5.111064910888672
loss_total = 11.751653671264648
loss_value = 0.9921873807907104
step = 815
value_mean = 0.0
