entropy_mean = 0.0
loss_policy = 4.651263236999512
loss_total = 11.121809959411621
loss_value = 0.9999943971633911
step = 939
value_mean = 0.0
