entropy_mean = 0.0
loss_policy = 3.233877658843994
loss_total = 9.397339820861816
loss_value = 1.015625
step = 1239
value_mean = 0.0
