entropy_mean = 0.0
loss_policy = 4.608401298522949
loss_total = 10.947952270507812
loss_value = 1.0
step = 1052
value_mean = 0.0
