entropy_mean = 0.0
loss_policy = 4.23789644241333
loss_total = 10.626879692077637
loss_value = 0.9921875
step = 1005
value_mean = 0.0
