entropy_mean = 0.0
loss_policy = 2.9627366065979004
loss_total = 9.098884582519531
loss_value = 1.015624761581421
step = 1263
value_mean = 0.0
