entropy_mean = 0.0
loss_policy = 5.75664758682251
loss_total = 13.407081604003906
loss_value = 1.046875
step = 322
value_mean = 0.0
