entropy_mean = 0.0
loss_policy = 6.240869522094727
loss_total = 13.979019165039062
loss_value = 1.0
step = 224
value_mean = 0.0
