entropy_mean = 0.0
loss_policy = 4.353752613067627
loss_total = 10.77935791015625
loss_value = 1.0078125
step = 985
value_mean = 0.0
