entropy_mean = 0.0
loss_policy = 5.66693115234375
loss_total = 13.218490600585938
loss_value = 0.7404611110687256
step = 48
value_mean = 0.0
