entropy_mean = 0.0
loss_policy = 4.868409633636475
loss_total = 11.628387451171875
loss_value = 1.0234375
step = 761
value_mean = 0.0
