entropy_mean = 0.0
loss_policy = 4.4859514236450195
loss_total = 10.766860008239746
loss_value = 0.9780094623565674
step = 1085
value_mean = 0.0
