entropy_mean = 0.0
loss_policy = 5.186095714569092
loss_total = 12.26246452331543
loss_value = 1.0
step = 570
value_mean = 0.0
