entropy_mean = 0.0
loss_policy = 2.695172071456909
loss_total = 8.674667358398438
loss_value = 1.0
step = 1399
value_mean = 0.0
