entropy_mean = 0.0
loss_policy = 3.2591753005981445
loss_total = 9.36683464050293
loss_value = 1.0234246253967285
step = 1295
value_mean = 0.0
