entropy_mean = 0.0
loss_policy = 2.840902805328369
loss_total = 8.941462516784668
loss_value = 0.999998927116394
step = 1280
value_mean = 0.0
