entropy_mean = 0.0
loss_policy = 5.785917282104492
loss_total = 13.21884822845459
loss_value = 0.984375
step = 406
value_mean = 0.0
