entropy_mean = 0.0
loss_policy = 6.222067356109619
loss_total = 13.83900260925293
loss_value = 1.0
step = 313
value_mean = 0.0
