entropy_mean = 0.0
loss_policy = 3.1721768379211426
loss_total = 9.339506149291992
loss_value = 0.9843736290931702
step = 1205
value_mean = 0.0
