entropy_mean = 0.0
loss_policy = 4.49384069442749
loss_total = 10.78748893737793
loss_value = 0.9367016553878784
step = 1038
value_mean = 0.0
