entropy_mean = 0.0
loss_policy = 4.708674430847168
loss_total = 11.316174507141113
loss_value = 1.0
step = 843
value_mean = 0.0
