entropy_mean = 0.0
loss_policy = 5.583102226257324
loss_total = 12.953852653503418
loss_value = 1.0234375
step = 459
value_mean = 0.0
