entropy_mean = 0.0
loss_policy = 3.4011857509613037
loss_total = 9.587937355041504
loss_value = 0.9921251535415649
step = 1194
value_mean = 0.0
