entropy_mean = 0.0
loss_policy = 6.117829322814941
loss_total = 13.827333450317383
loss_value = 1.0
step = 250
value_mean = 0.0
