entropy_mean = 0.0
loss_policy = 3.355900287628174
loss_total = 9.522273063659668
loss_value = 1.0234371423721313
step = 1243
value_mean = 0.0
