entropy_mean = 0.0
loss_policy = 3.938368320465088
loss_total = 10.267066955566406
loss_value = 0.9992460012435913
step = 1062
value_mean = 0.0
