entropy_mean = 0.0
loss_policy = 5.196434497833252
loss_total = 12.257123947143555
loss_value = 1.0
step = 578
value_mean = 0.0
