entropy_mean = 0.0
loss_policy = 4.291241645812988
loss_total = 10.692564964294434
loss_value = 0.9707680940628052
step = 974
value_mean = 0.0
