entropy_mean = 0.0
loss_policy = 4.194024085998535
loss_total = 10.58907413482666
loss_value = 1.0078125
step = 1013
value_mean = 0.0
