entropy_mean = 0.0
loss_policy = 6.180477142333984
loss_total = 13.937788009643555
loss_value = 1.0
step = 202
value_mean = 0.0
