entropy_mean = 0.0
loss_policy = 4.853033065795898
loss_total = 11.776224136352539
loss_value = 1.0
step = 656
value_mean = 0.0
