entropy_mean = 0.0
loss_policy = 2.9824421405792236
loss_total = 9.112377166748047
loss_value = 0.9999996423721313
step = 1254
value_mean = 0.0
