entropy_mean = 0.0
loss_policy = 5.184191703796387
loss_total = 12.307324409484863
loss_value = 0.9921875
step = 545
value_mean = 0.0
