entropy_mean = 0.0
loss_policy = 4.53779411315918
loss_total = 11.055912971496582
loss_value = 0.9999995231628418
step = 900
value_mean = 0.0
