entropy_mean = 0.0
loss_policy = 4.8672685623168945
loss_total = 11.688719749450684
loss_value = 1.0234375
step = 727
value_mean = 0.0
