entropy_mean = 0.0
loss_policy = 5.780330657958984
loss_total = 13.188241958618164
loss_value = 0.5997418165206909
step = 59
value_mean = 0.0
