entropy_mean = 0.0
loss_policy = 4.779333114624023
loss_total = 11.319998741149902
loss_value = 0.9921873211860657
step = 879
value_mean = 0.0
