entropy_mean = 0.0
loss_policy = 4.984081268310547
loss_total = 11.85235595703125
loss_value = 0.9921873807907104
step = 682
value_mean = 0.0
