entropy_mean = 0.0
loss_policy = 4.904766082763672
loss_total = 11.655892372131348
loss_value = 0.9921875
step = 747
value_mean = 0.0
