entropy_mean = 0.0
loss_policy = 5.55497932434082
loss_total = 13.016511917114258
loss_value = 1.0
step = 398
value_mean = 0.0
