entropy_mean = 0.0
loss_policy = 4.191758155822754
loss_total = 10.534584045410156
loss_value = 1.0
step = 1049
value_mean = 0.0
