entropy_mean = 0.0
loss_policy = 3.231855630874634
loss_total = 9.410274505615234
loss_value = 0.9921687245368958
step = 1202
value_mean = 0.0
