entropy_mean = 0.0
loss_policy = 2.750227212905884
loss_total = 8.75878620147705
loss_value = 1.0234375
step = 1394
value_mean = 0.0
