entropy_mean = 0.0
loss_policy = 5.201206207275391
loss_total = 12.605039596557617
loss_value = 1.0
step = 432
value_mean = 0.0
