entropy_mean = 0.0
loss_policy = 4.4012346267700195
loss_total = 10.770367622375488
loss_value = 0.984375
step = 1015
value_mean = 0.0
