entropy_mean = 0.0
loss_policy = 5.795182228088379
loss_total = 13.15650463104248
loss_value = 0.5622503757476807
step = 100
value_mean = 0.0
