entropy_mean = 0.0
loss_policy = 3.0257411003112793
loss_total = 9.008760452270508
loss_value = 0.936250627040863
step = 1332
value_mean = 0.0
