entropy_mean = 0.0
loss_policy = 5.210551738739014
loss_total = 12.067582130432129
loss_value = 0.9921875
step = 689
value_mean = 0.0
