entropy_mean = 0.0
loss_policy = 3.445699453353882
loss_total = 9.507511138916016
loss_value = 0.8606685400009155
step = 1187
value_mean = 0.0
