entropy_mean = 0.0
loss_policy = 3.8377742767333984
loss_total = 9.900894165039062
loss_value = 0.8011775016784668
step = 1122
value_mean = 0.0
