entropy_mean = 0.0
loss_policy = 5.550601482391357
loss_total = 12.646476745605469
loss_value = 0.30793267488479614
step = 141
value_mean = 0.0
