entropy_mean = 0.0
loss_policy = 3.0043954849243164
loss_total = 9.040657997131348
loss_value = 1.0
step = 1343
value_mean = 0.0
