entropy_mean = 0.0
loss_policy = 4.807711601257324
loss_total = 11.43431282043457
loss_value = 1.015625
step = 841
value_mean = 0.0
