entropy_mean = 0.0
loss_policy = 3.2509543895721436
loss_total = 9.410449981689453
loss_value = 0.9510875344276428
step = 1178
value_mean = 0.0
