entropy_mean = 0.0
loss_policy = 2.9733848571777344
loss_total = 9.158502578735352
loss_value = 0.9999998211860657
step = 1203
value_mean = 0.0
