entropy_mean = 0.0
loss_policy = 5.260863304138184
loss_total = 12.29639720916748
loss_value = 1.0
step = 589
value_mean = 0.0
