entropy_mean = 0.0
loss_policy = 5.758980751037598
loss_total = 12.94680404663086
loss_value = 0.3861234784126282
step = 87
value_mean = 0.0
