entropy_mean = 0.0
loss_policy = 6.101941108703613
loss_total = 13.911176681518555
loss_value = 1.046874761581421
step = 195
value_mean = 0.0
