entropy_mean = 0.0
loss_policy = 5.661632537841797
loss_total = 13.282344818115234
loss_value = 1.015625
step = 321
value_mean = 0.0
