entropy_mean = 0.0
loss_policy = 4.554790496826172
loss_total = 11.081584930419922
loss_value = 1.0234373807907104
step = 910
value_mean = 0.0
