entropy_mean = 0.0
loss_policy = 5.913483619689941
loss_total = 13.436656951904297
loss_value = 0.7123444080352783
step = 49
value_mean = 0.0
