entropy_mean = 0.0
loss_policy = 3.8817152976989746
loss_total = 10.059489250183105
loss_value = 0.9214391708374023
step = 1127
value_mean = 0.0
