entropy_mean = 0.0
loss_policy = 3.8022708892822266
loss_total = 9.989540100097656
loss_value = 0.8316248059272766
step = 1039
value_mean = 0.0
