entropy_mean = 0.0
loss_policy = 2.8034067153930664
loss_total = 8.84063720703125
loss_value = 1.015625
step = 1358
value_mean = 0.0
