entropy_mean = 0.0
loss_policy = 4.013362884521484
loss_total = 10.386704444885254
loss_value = 0.9921874403953552
step = 1018
value_mean = 0.0
