entropy_mean = 0.0
loss_policy = 5.243106842041016
loss_total = 12.269596099853516
loss_value = 1.0
step = 594
value_mean = 0.0
