entropy_mean = 0.0
loss_policy = 4.278031349182129
loss_total = 10.611011505126953
loss_value = 1.0130176544189453
step = 1070
value_mean = 0.0
