entropy_mean = 0.0
loss_policy = 5.145954132080078
loss_total = 12.115276336669922
loss_value = 1.0
step = 631
value_mean = 0.0
