entropy_mean = 0.0
loss_policy = 4.624181270599365
loss_total = 11.194684982299805
loss_value = 1.0234363079071045
step = 880
value_mean = 0.0
