entropy_mean = 0.0
loss_policy = 5.1244072914123535
loss_total = 12.451759338378906
loss_value = 0.9921875
step = 464
value_mean = 0.0
