entropy_mean = 0.0
loss_policy = 2.686267852783203
loss_total = 8.684046745300293
loss_value = 1.0
step = 1383
value_mean = 0.0
