entropy_mean = 0.0
loss_policy = 3.2063634395599365
loss_total = 9.331878662109375
loss_value = 0.9921677708625793
step = 1251
value_mean = 0.0
