entropy_mean = 0.0
loss_policy = 7.833005905151367
loss_total = 8.043705940246582
loss_value = 0.0817219614982605
step = 1
value_mean = 0.0
