entropy_mean = 1.3736283779144287
loss_policy = 1.6228649616241455
loss_total = 6.457286834716797
loss_value = 0.9921875
step = 2470
value_mean = -1.0
