entropy_mean = 4.172826290130615
loss_policy = 6.723635673522949
loss_total = 14.147911071777344
loss_value = 1.0234375
step = 424
value_mean = -1.0
