entropy_mean = 5.615793228149414
loss_policy = 6.079477787017822
loss_total = 13.655252456665039
loss_value = 0.7622073888778687
step = 38
value_mean = -0.06659713387489319
