entropy_mean = 1.7628939151763916
loss_policy = 1.8205957412719727
loss_total = 7.063122749328613
loss_value = 1.0234375
step = 2155
value_mean = -1.0
