entropy_mean = 5.515769004821777
loss_policy = 5.541229248046875
loss_total = 13.039825439453125
loss_value = 1.0
step = 368
value_mean = -1.0
