entropy_mean = 1.4721072912216187
loss_policy = 1.617820143699646
loss_total = 6.861797332763672
loss_value = 1.046875
step = 2175
value_mean = -1.0
