entropy_mean = 1.5236947536468506
loss_policy = 1.7322007417678833
loss_total = 6.999948024749756
loss_value = 1.0
step = 2111
value_mean = -1.0
