entropy_mean = 1.3235859870910645
loss_policy = 1.4497517347335815
loss_total = 5.848231792449951
loss_value = 1.0
step = 2842
value_mean = -1.0
