entropy_mean = 1.7904243469238281
loss_policy = 2.146562099456787
loss_total = 7.729153633117676
loss_value = 0.9921811819076538
step = 1819
value_mean = 0.9999969005584717
