entropy_mean = 2.8175272941589355
loss_policy = 2.7470004558563232
loss_total = 8.769174575805664
loss_value = 0.999999463558197
step = 1407
value_mean = 0.9999997019767761
