entropy_mean = 2.936638116836548
loss_policy = 3.23380708694458
loss_total = 9.361978530883789
loss_value = 0.9636119604110718
step = 1228
value_mean = -0.8380441069602966
