entropy_mean = 1.8137352466583252
loss_policy = 1.9270029067993164
loss_total = 7.355715751647949
loss_value = 0.9985166192054749
step = 1966
value_mean = 0.9989277720451355
