entropy_mean = 2.900752067565918
loss_policy = 2.977797269821167
loss_total = 8.476069450378418
loss_value = 0.4330276548862457
step = 1343
value_mean = -0.1418648362159729
