entropy_mean = 2.2604970932006836
loss_policy = 2.668304204940796
loss_total = 8.548576354980469
loss_value = 1.015622854232788
step = 1561
value_mean = 0.9999989867210388
