entropy_mean = 1.5358707904815674
loss_policy = 1.8330937623977661
loss_total = 7.217818260192871
loss_value = 1.0
step = 2008
value_mean = -1.0
