entropy_mean = 3.943509101867676
loss_policy = 4.311563014984131
loss_total = 10.73054313659668
loss_value = 0.9999991655349731
step = 996
value_mean = -0.9999997019767761
