entropy_mean = 1.5854904651641846
loss_policy = 1.8418865203857422
loss_total = 7.128443717956543
loss_value = 1.0234375
step = 2115
value_mean = -1.0
