entropy_mean = 1.5738226175308228
loss_policy = 1.8454234600067139
loss_total = 6.899182319641113
loss_value = 0.9921875
step = 2295
value_mean = -1.0
