entropy_mean = 1.570661187171936
loss_policy = 1.5976066589355469
loss_total = 6.6971564292907715
loss_value = 0.9921875
step = 2256
value_mean = -1.0
