entropy_mean = 1.8404428958892822
loss_policy = 2.2066826820373535
loss_total = 8.013903617858887
loss_value = 1.0156230926513672
step = 1633
value_mean = 0.9999991059303284
