entropy_mean = 5.613863468170166
loss_policy = 5.902047157287598
loss_total = 13.649581909179688
loss_value = 0.9921873807907104
step = 177
value_mean = -0.9999998807907104
