entropy_mean = 1.5452241897583008
loss_policy = 1.9744632244110107
loss_total = 7.337130546569824
loss_value = 1.015625
step = 2042
value_mean = -1.0
