entropy_mean = 1.3442802429199219
loss_policy = 1.4169245958328247
loss_total = 5.75933837890625
loss_value = 1.0
step = 2890
value_mean = -1.0
