entropy_mean = 1.4042725563049316
loss_policy = 1.6365876197814941
loss_total = 6.67931604385376
loss_value = 1.0
step = 2312
value_mean = -1.0
