entropy_mean = 1.480526089668274
loss_policy = 1.6453020572662354
loss_total = 6.298630714416504
loss_value = 1.0
step = 2625
value_mean = -1.0
