entropy_mean = 1.4590855836868286
loss_policy = 1.6793079376220703
loss_total = 6.081537246704102
loss_value = 1.0234375
step = 2859
value_mean = -1.0
