entropy_mean = 4.499751091003418
loss_policy = 5.120711326599121
loss_total = 12.08795166015625
loss_value = 1.0624984502792358
step = 671
value_mean = -0.9999990463256836
