entropy_mean = 1.6467649936676025
loss_policy = 1.5493371486663818
loss_total = 6.189484596252441
loss_value = 1.0078125
step = 2645
value_mean = -1.0
