entropy_mean = 2.3717284202575684
loss_policy = 2.6160693168640137
loss_total = 8.558182716369629
loss_value = 0.9999986290931702
step = 1485
value_mean = 0.9999992847442627
