entropy_mean = 3.755751371383667
loss_policy = 3.963066577911377
loss_total = 10.285764694213867
loss_value = 0.992124617099762
step = 1064
value_mean = -0.9999752044677734
