entropy_mean = 1.323642611503601
loss_policy = 1.526624321937561
loss_total = 6.497624397277832
loss_value = 1.0
step = 2371
value_mean = -1.0
