entropy_mean = 1.7232872247695923
loss_policy = 1.8406898975372314
loss_total = 7.5709638595581055
loss_value = 1.0156195163726807
step = 1707
value_mean = 0.9999972581863403
