entropy_mean = 1.556064486503601
loss_policy = 1.6488196849822998
loss_total = 6.66416072845459
loss_value = 1.0234375
step = 2353
value_mean = -1.0
