entropy_mean = 2.518010139465332
loss_policy = 2.453179121017456
loss_total = 8.454845428466797
loss_value = 0.9921854734420776
step = 1420
value_mean = 0.9999990463256836
