entropy_mean = 4.6646013259887695
loss_policy = 5.094788074493408
loss_total = 12.369077682495117
loss_value = 0.9999999403953552
step = 490
value_mean = -1.0
