entropy_mean = 5.690147399902344
loss_policy = 6.06666898727417
loss_total = 13.808917999267578
loss_value = 0.9921872615814209
step = 184
value_mean = -0.9999998807907104
