entropy_mean = 1.6448755264282227
loss_policy = 1.6221377849578857
loss_total = 7.018815040588379
loss_value = 1.0
step = 1998
value_mean = -1.0
