entropy_mean = 4.504250526428223
loss_policy = 5.06897497177124
loss_total = 12.117849349975586
loss_value = 0.9999991655349731
step = 594
value_mean = -0.9999992847442627
