entropy_mean = 1.6615747213363647
loss_policy = 1.5936998128890991
loss_total = 6.350759029388428
loss_value = 1.0
step = 2536
value_mean = -1.0
