entropy_mean = 4.512438774108887
loss_policy = 4.610815048217773
loss_total = 11.152925491333008
loss_value = 1.0
step = 901
value_mean = -1.0
