entropy_mean = 2.472024917602539
loss_policy = 2.8528177738189697
loss_total = 8.701696395874023
loss_value = 1.0234359502792358
step = 1600
value_mean = 0.9999992847442627
