entropy_mean = 4.45556640625
loss_policy = 4.858145713806152
loss_total = 12.072528839111328
loss_value = 1.0234375
step = 528
value_mean = -1.0
