entropy_mean = 2.204909324645996
loss_policy = 2.3500568866729736
loss_total = 8.204275131225586
loss_value = 0.999994158744812
step = 1571
value_mean = 0.9999971389770508
