entropy_mean = 4.478090286254883
loss_policy = 5.09414005279541
loss_total = 11.94399642944336
loss_value = 1.0156211853027344
step = 710
value_mean = -0.9999973773956299
