entropy_mean = 1.5381827354431152
loss_policy = 1.6130266189575195
loss_total = 6.244213581085205
loss_value = 1.0
step = 2646
value_mean = -1.0
