entropy_mean = 2.9781272411346436
loss_policy = 3.1813578605651855
loss_total = 8.873393058776855
loss_value = 0.5448155999183655
step = 1245
value_mean = -0.9619140625
