entropy_mean = 5.549810886383057
loss_policy = 5.912260055541992
loss_total = 13.58648681640625
loss_value = 0.9999943971633911
step = 251
value_mean = -0.9999967217445374
