entropy_mean = 4.628548622131348
loss_policy = 4.8807196617126465
loss_total = 11.741731643676758
loss_value = 0.9999566078186035
step = 697
value_mean = -0.999969482421875
