entropy_mean = 4.105443954467773
loss_policy = 4.602481842041016
loss_total = 11.134355545043945
loss_value = 0.9999998807907104
step = 909
value_mean = -0.9999999403953552
