entropy_mean = 1.4700534343719482
loss_policy = 1.6824450492858887
loss_total = 7.0571136474609375
loss_value = 1.0
step = 2017
value_mean = -1.0
