entropy_mean = 5.7520551681518555
loss_policy = 5.893519878387451
loss_total = 13.550508499145508
loss_value = 0.9999916553497314
step = 264
value_mean = -0.9999944567680359
