entropy_mean = 4.2843475341796875
loss_policy = 5.039902687072754
loss_total = 12.095247268676758
loss_value = 0.9921848773956299
step = 587
value_mean = -0.9999996423721313
