entropy_mean = 1.3210976123809814
loss_policy = 1.595674991607666
loss_total = 6.741659641265869
loss_value = 1.0
step = 2223
value_mean = -1.0
