entropy_mean = 4.706426620483398
loss_policy = 5.559266090393066
loss_total = 13.132171630859375
loss_value = 0.992113471031189
step = 323
value_mean = -0.9999687671661377
