entropy_mean = 4.581803321838379
loss_policy = 4.869311332702637
loss_total = 11.738100051879883
loss_value = 0.9921844005584717
step = 688
value_mean = -0.9999983310699463
