entropy_mean = 1.4249440431594849
loss_policy = 1.4980249404907227
loss_total = 6.0621337890625
loss_value = 1.0234375
step = 2722
value_mean = -1.0
