entropy_mean = 2.897237777709961
loss_policy = 3.5426764488220215
loss_total = 9.842538833618164
loss_value = 0.9993489384651184
step = 1091
value_mean = -0.9990495443344116
