entropy_mean = 1.5023205280303955
loss_policy = 1.5269405841827393
loss_total = 6.179140090942383
loss_value = 1.0
step = 2626
value_mean = -1.0
