entropy_mean = 1.5225510597229004
loss_policy = 1.5793957710266113
loss_total = 6.249548435211182
loss_value = 1.0
step = 2612
value_mean = -1.0
