entropy_mean = 5.740412712097168
loss_policy = 6.007929801940918
loss_total = 13.73369026184082
loss_value = 0.9999994039535522
step = 212
value_mean = -0.9999997019767761
