entropy_mean = 1.3793177604675293
loss_policy = 1.5568907260894775
loss_total = 5.976287841796875
loss_value = 1.0234375
step = 2844
value_mean = -1.0
