entropy_mean = 1.8316081762313843
loss_policy = 1.8855184316635132
loss_total = 7.3461527824401855
loss_value = 0.9999217987060547
step = 1937
value_mean = 0.9999628663063049
