entropy_mean = 4.742706775665283
loss_policy = 5.345810890197754
loss_total = 12.237064361572266
loss_value = 0.9999794960021973
step = 679
value_mean = -0.9999905824661255
