entropy_mean = 1.4465447664260864
loss_policy = 1.4530115127563477
loss_total = 5.987030029296875
loss_value = 1.0234375
step = 2747
value_mean = -1.0
