entropy_mean = 1.5926406383514404
loss_policy = 1.560886263847351
loss_total = 6.3079633712768555
loss_value = 1.0234375
step = 2567
value_mean = -1.0
