entropy_mean = 4.536345958709717
loss_policy = 5.372846603393555
loss_total = 12.922847747802734
loss_value = 1.0153040885925293
step = 351
value_mean = -0.9748927354812622
