entropy_mean = 1.6692595481872559
loss_policy = 1.6791568994522095
loss_total = 6.995345115661621
loss_value = 1.0
step = 2069
value_mean = -1.0
