entropy_mean = 1.6838123798370361
loss_policy = 1.9275753498077393
loss_total = 7.464629650115967
loss_value = 1.023405909538269
step = 1888
value_mean = 0.999982476234436
