entropy_mean = 1.67661714553833
loss_policy = 1.6710989475250244
loss_total = 6.507716655731201
loss_value = 1.0
step = 2474
value_mean = -1.0
