entropy_mean = 1.622877836227417
loss_policy = 1.772516131401062
loss_total = 6.914051532745361
loss_value = 1.0
step = 2227
value_mean = -1.0
