entropy_mean = 1.6046292781829834
loss_policy = 1.7674789428710938
loss_total = 7.006134033203125
loss_value = 0.9921875
step = 2131
value_mean = -1.0
