entropy_mean = 3.324922561645508
loss_policy = 3.9914169311523438
loss_total = 10.401575088500977
loss_value = 1.0156164169311523
step = 1016
value_mean = -0.9999972581863403
