entropy_mean = 1.488587737083435
loss_policy = 1.681614637374878
loss_total = 6.338388919830322
loss_value = 1.015625
step = 2637
value_mean = -1.0
