entropy_mean = 3.2203962802886963
loss_policy = 3.935609817504883
loss_total = 10.268379211425781
loss_value = 0.9999628663063049
step = 1062
value_mean = -0.9999767541885376
