entropy_mean = 4.415770530700684
loss_policy = 4.883266448974609
loss_total = 11.97467041015625
loss_value = 1.0
step = 573
value_mean = -1.0
