entropy_mean = 1.31325101852417
loss_policy = 1.5871886014938354
loss_total = 6.45082950592041
loss_value = 1.0
step = 2454
value_mean = -1.0
