entropy_mean = 4.873544216156006
loss_policy = 5.26908016204834
loss_total = 12.562973976135254
loss_value = 0.9999998807907104
step = 483
value_mean = -0.9999999403953552
