entropy_mean = 2.3948988914489746
loss_policy = 2.358452558517456
loss_total = 8.24865436553955
loss_value = 0.9843742251396179
step = 1521
value_mean = 0.999999463558197
