entropy_mean = 2.259953022003174
loss_policy = 2.4611220359802246
loss_total = 8.336654663085938
loss_value = 1.0234349966049194
step = 1573
value_mean = 0.9999989867210388
