entropy_mean = 4.536802768707275
loss_policy = 5.990662574768066
loss_total = 13.311725616455078
loss_value = 0.9921875
step = 466
value_mean = -1.0
