entropy_mean = 2.276771306991577
loss_policy = 2.278917074203491
loss_total = 8.148221969604492
loss_value = 1.0234344005584717
step = 1579
value_mean = 0.999998927116394
