entropy_mean = 2.697486162185669
loss_policy = 2.7592508792877197
loss_total = 8.774517059326172
loss_value = 0.914852499961853
step = 1299
value_mean = 0.3609163761138916
