entropy_mean = 1.6917386054992676
loss_policy = 1.871370553970337
loss_total = 7.207624435424805
loss_value = 1.0
step = 2051
value_mean = -1.0
