entropy_mean = 1.552804708480835
loss_policy = 1.5458526611328125
loss_total = 6.465742111206055
loss_value = 1.046875
step = 2447
value_mean = -1.0
