entropy_mean = 1.3594114780426025
loss_policy = 1.5885320901870728
loss_total = 6.7425761222839355
loss_value = 0.9921875
step = 2209
value_mean = -1.0
