entropy_mean = 1.4456181526184082
loss_policy = 1.5011317729949951
loss_total = 6.192085266113281
loss_value = 0.9921875
step = 2589
value_mean = -1.0
