entropy_mean = 1.3799550533294678
loss_policy = 1.5591895580291748
loss_total = 5.922983169555664
loss_value = 1.0
step = 2871
value_mean = -1.0
