entropy_mean = 3.0960867404937744
loss_policy = 3.6571342945098877
loss_total = 9.920275688171387
loss_value = 0.9865975975990295
step = 1113
value_mean = 0.9842208623886108
