entropy_mean = 3.7526140213012695
loss_policy = 5.1439104080200195
loss_total = 12.565135955810547
loss_value = 1.015625
step = 421
value_mean = -1.0
