entropy_mean = 4.232902526855469
loss_policy = 5.165233612060547
loss_total = 12.226263046264648
loss_value = 0.9999993443489075
step = 588
value_mean = -0.9999998807907104
