entropy_mean = 4.692405700683594
loss_policy = 4.910279273986816
loss_total = 11.516255378723145
loss_value = 0.9999986886978149
step = 856
value_mean = -0.999998927116394
