entropy_mean = 4.307394981384277
loss_policy = 4.538296699523926
loss_total = 11.067397117614746
loss_value = 1.0390475988388062
step = 944
value_mean = -0.9999904632568359
