entropy_mean = 1.6218845844268799
loss_policy = 1.6900193691253662
loss_total = 6.736462593078613
loss_value = 1.0
step = 2309
value_mean = -1.0
