entropy_mean = 5.400752067565918
loss_policy = 5.717758655548096
loss_total = 13.464605331420898
loss_value = 1.0234366655349731
step = 214
value_mean = -0.9999992847442627
