entropy_mean = 1.6788561344146729
loss_policy = 1.8114843368530273
loss_total = 7.211569786071777
loss_value = 1.0
step = 1995
value_mean = -1.0
