entropy_mean = 1.5358326435089111
loss_policy = 1.726419448852539
loss_total = 6.667819023132324
loss_value = 1.0
step = 2396
value_mean = -1.0
