entropy_mean = 2.2800750732421875
loss_policy = 2.484931468963623
loss_total = 8.52078628540039
loss_value = 1.0156245231628418
step = 1409
value_mean = 0.9999997615814209
