entropy_mean = 1.8610377311706543
loss_policy = 1.9795832633972168
loss_total = 7.5182905197143555
loss_value = 0.9999518394470215
step = 1866
value_mean = 0.9999726414680481
