entropy_mean = 4.290258884429932
loss_policy = 4.524393081665039
loss_total = 11.04960823059082
loss_value = 1.0156182050704956
step = 927
value_mean = -0.9999926090240479
