entropy_mean = 5.33275842666626
loss_policy = 5.890059471130371
loss_total = 13.622913360595703
loss_value = 0.9999996423721313
step = 205
value_mean = -0.9999998211860657
