entropy_mean = 1.6020915508270264
loss_policy = 1.7064627408981323
loss_total = 6.515483856201172
loss_value = 1.0234375
step = 2515
value_mean = -1.0
