entropy_mean = 1.2889277935028076
loss_policy = 1.441633701324463
loss_total = 5.7759904861450195
loss_value = 1.0
step = 2897
value_mean = -1.0
