entropy_mean = 2.8817667961120605
loss_policy = 2.7854442596435547
loss_total = 8.233442306518555
loss_value = 0.39400243759155273
step = 1359
value_mean = 0.2869825065135956
