entropy_mean = 4.6629958152771
loss_policy = 4.9287614822387695
loss_total = 11.622063636779785
loss_value = 1.0468745231628418
step = 825
value_mean = -0.9999997615814209
