entropy_mean = 1.630311369895935
loss_policy = 1.955103874206543
loss_total = 6.9729108810424805
loss_value = 1.0234375
step = 2351
value_mean = -1.0
