entropy_mean = 2.912982225418091
loss_policy = 3.499850273132324
loss_total = 9.655229568481445
loss_value = 0.9267422556877136
step = 1163
value_mean = 0.8880769610404968
