entropy_mean = 1.5019774436950684
loss_policy = 1.6272189617156982
loss_total = 6.465043067932129
loss_value = 1.015625
step = 2485
value_mean = -1.0
