entropy_mean = 1.6409584283828735
loss_policy = 1.8040486574172974
loss_total = 6.827062606811523
loss_value = 0.9921875
step = 2321
value_mean = -1.0
