entropy_mean = 1.6799129247665405
loss_policy = 1.5776710510253906
loss_total = 6.077809810638428
loss_value = 1.0234375
step = 2776
value_mean = -1.0
