entropy_mean = 5.56998872756958
loss_policy = 6.073546409606934
loss_total = 13.687175750732422
loss_value = 1.0155903100967407
step = 310
value_mean = -0.9999802112579346
