entropy_mean = 1.3030034303665161
loss_policy = 1.7257513999938965
loss_total = 6.999216556549072
loss_value = 0.9921875
step = 2100
value_mean = -1.0
