entropy_mean = 4.657715797424316
loss_policy = 5.010544776916504
loss_total = 11.708521842956543
loss_value = 1.0
step = 791
value_mean = -1.0
