entropy_mean = 4.792140007019043
loss_policy = 5.28364372253418
loss_total = 12.665708541870117
loss_value = 1.0234367847442627
step = 450
value_mean = -0.9999996423721313
