entropy_mean = 1.5422766208648682
loss_policy = 1.7771812677383423
loss_total = 7.232171058654785
loss_value = 0.9998816251754761
step = 1943
value_mean = 0.9999511241912842
