entropy_mean = 1.8973735570907593
loss_policy = 1.8104517459869385
loss_total = 7.200823783874512
loss_value = 1.046875
step = 2045
value_mean = -1.0
