entropy_mean = 4.3807878494262695
loss_policy = 5.073789596557617
loss_total = 11.858333587646484
loss_value = 0.9820460081100464
step = 727
value_mean = -0.9822992086410522
