entropy_mean = 4.3142218589782715
loss_policy = 5.093267917633057
loss_total = 12.175031661987305
loss_value = 0.9921875
step = 574
value_mean = -1.0
