entropy_mean = 2.241854667663574
loss_policy = 2.1290688514709473
loss_total = 7.982227325439453
loss_value = 0.9999964833259583
step = 1572
value_mean = 0.999998152256012
