entropy_mean = 2.5533268451690674
loss_policy = 2.6585073471069336
loss_total = 8.603242874145508
loss_value = 0.897973895072937
step = 1372
value_mean = -0.9684115648269653
