entropy_mean = 5.299548149108887
loss_policy = 5.409049987792969
loss_total = 12.98669147491455
loss_value = 0.9998584389686584
step = 325
value_mean = -0.9998784065246582
