entropy_mean = 1.728723168373108
loss_policy = 2.0761663913726807
loss_total = 7.6112284660339355
loss_value = 1.0156080722808838
step = 1883
value_mean = 0.9999905824661255
