entropy_mean = 2.8136167526245117
loss_policy = 3.264317512512207
loss_total = 9.388664245605469
loss_value = 1.0207750797271729
step = 1295
value_mean = 0.9805798530578613
