entropy_mean = 1.4713577032089233
loss_policy = 1.6750603914260864
loss_total = 7.044058799743652
loss_value = 0.9921875
step = 2015
value_mean = -1.0
