entropy_mean = 1.4884130954742432
loss_policy = 1.6214511394500732
loss_total = 6.751646995544434
loss_value = 1.0
step = 2236
value_mean = -1.0
