entropy_mean = 4.084570407867432
loss_policy = 4.899518013000488
loss_total = 11.704086303710938
loss_value = 1.0234375
step = 739
value_mean = -1.0
