entropy_mean = 1.4562245607376099
loss_policy = 1.5812945365905762
loss_total = 6.4185614585876465
loss_value = 0.9921875
step = 2468
value_mean = -1.0
