entropy_mean = 2.5516984462738037
loss_policy = 2.6987287998199463
loss_total = 8.495466232299805
loss_value = 0.7389802932739258
step = 1354
value_mean = 0.33940616250038147
