entropy_mean = 4.468380928039551
loss_policy = 5.94358491897583
loss_total = 13.42544937133789
loss_value = 1.0
step = 376
value_mean = -1.0
