entropy_mean = 2.1834371089935303
loss_policy = 2.677823543548584
loss_total = 8.543524742126465
loss_value = 0.9999961853027344
step = 1560
value_mean = 0.9999982118606567
