entropy_mean = 1.438361406326294
loss_policy = 1.5766544342041016
loss_total = 6.063793659210205
loss_value = 0.9921875
step = 2760
value_mean = -1.0
