entropy_mean = 5.700356960296631
loss_policy = 6.006478786468506
loss_total = 13.437944412231445
loss_value = 0.6211891174316406
step = 51
value_mean = -0.6630445122718811
