entropy_mean = 1.5456104278564453
loss_policy = 1.5913565158843994
loss_total = 6.065777778625488
loss_value = 1.0
step = 2778
value_mean = -1.0
