entropy_mean = 1.7393990755081177
loss_policy = 1.9624557495117188
loss_total = 7.418387413024902
loss_value = 0.9998671412467957
step = 1942
value_mean = 0.999936580657959
