entropy_mean = 5.425364971160889
loss_policy = 5.87303352355957
loss_total = 13.523324012756348
loss_value = 0.9999927878379822
step = 268
value_mean = -0.9999957084655762
