entropy_mean = 1.52320396900177
loss_policy = 1.6135759353637695
loss_total = 5.98644495010376
loss_value = 1.0
step = 2864
value_mean = -1.0
