entropy_mean = 3.5414974689483643
loss_policy = 4.038809776306152
loss_total = 10.286077499389648
loss_value = 0.984375
step = 1127
value_mean = 1.0
