entropy_mean = 4.57723331451416
loss_policy = 4.905706882476807
loss_total = 11.744120597839355
loss_value = 0.999992847442627
step = 708
value_mean = -0.9999982714653015
