entropy_mean = 1.4198822975158691
loss_policy = 1.5605428218841553
loss_total = 6.038332939147949
loss_value = 1.0234375
step = 2795
value_mean = -1.0
