entropy_mean = 3.4940006732940674
loss_policy = 3.8765597343444824
loss_total = 10.308873176574707
loss_value = 1.0390561819076538
step = 1017
value_mean = -0.9999974966049194
