entropy_mean = 1.3515534400939941
loss_policy = 1.7163689136505127
loss_total = 6.911375045776367
loss_value = 1.0
step = 2177
value_mean = -1.0
