entropy_mean = 1.5772982835769653
loss_policy = 1.6577006578445435
loss_total = 6.345885276794434
loss_value = 1.0234375
step = 2616
value_mean = -1.0
