entropy_mean = 5.407273292541504
loss_policy = 6.210160255432129
loss_total = 13.612541198730469
loss_value = 0.6092923283576965
step = 120
value_mean = 0.8749323487281799
