entropy_mean = 3.157341480255127
loss_policy = 3.612861394882202
loss_total = 9.737349510192871
loss_value = 0.8864682912826538
step = 1153
value_mean = 0.2569264769554138
