entropy_mean = 1.392197608947754
loss_policy = 1.5384725332260132
loss_total = 6.103695869445801
loss_value = 1.0234375
step = 2721
value_mean = -1.0
