entropy_mean = 3.307097911834717
loss_policy = 3.485893726348877
loss_total = 9.746732711791992
loss_value = 1.0
step = 1129
value_mean = 1.0
