entropy_mean = 1.6531356573104858
loss_policy = 1.7913939952850342
loss_total = 6.7320556640625
loss_value = 0.984375
step = 2384
value_mean = -1.0
