entropy_mean = 1.556597352027893
loss_policy = 1.7211761474609375
loss_total = 7.019240379333496
loss_value = 1.046875
step = 2126
value_mean = -1.0
