entropy_mean = 2.626476287841797
loss_policy = 2.8002803325653076
loss_total = 8.741413116455078
loss_value = 0.9999932050704956
step = 1486
value_mean = 0.9999963045120239
