entropy_mean = 4.632752895355225
loss_policy = 5.043575286865234
loss_total = 11.776318550109863
loss_value = 1.0
step = 768
value_mean = -1.0
