entropy_mean = 4.511724948883057
loss_policy = 4.8790998458862305
loss_total = 11.625959396362305
loss_value = 1.0
step = 759
value_mean = -1.0
