entropy_mean = 1.6211813688278198
loss_policy = 1.821926474571228
loss_total = 7.12403678894043
loss_value = 1.0
step = 2082
value_mean = -1.0
