entropy_mean = 2.4466586112976074
loss_policy = 2.4730262756347656
loss_total = 8.427887916564941
loss_value = 1.0234366655349731
step = 1496
value_mean = 0.9999996423721313
