entropy_mean = 1.3917171955108643
loss_policy = 1.5041754245758057
loss_total = 6.019104480743408
loss_value = 1.0234375
step = 2763
value_mean = -1.0
