entropy_mean = 4.354743003845215
loss_policy = 5.183549880981445
loss_total = 12.278447151184082
loss_value = 1.0234370231628418
step = 583
value_mean = -0.9999997615814209
