entropy_mean = 1.5214263200759888
loss_policy = 1.919511318206787
loss_total = 7.239594459533691
loss_value = 1.0234375
step = 2087
value_mean = -1.0
