entropy_mean = 3.5237910747528076
loss_policy = 5.210570335388184
loss_total = 11.827693939208984
loss_value = 1.0
step = 846
value_mean = -1.0
