entropy_mean = 2.555138111114502
loss_policy = 2.940476894378662
loss_total = 8.335763931274414
loss_value = 0.34515416622161865
step = 1365
value_mean = 0.25303423404693604
