entropy_mean = 3.1830248832702637
loss_policy = 3.051753044128418
loss_total = 9.025449752807617
loss_value = 0.7932413220405579
step = 1211
value_mean = -0.9243705868721008
