entropy_mean = 4.144260406494141
loss_policy = 4.471638202667236
loss_total = 10.951757431030273
loss_value = 0.9999940395355225
step = 952
value_mean = -0.9999985694885254
