entropy_mean = 1.5278024673461914
loss_policy = 1.702925205230713
loss_total = 6.3955183029174805
loss_value = 1.015625
step = 2607
value_mean = -1.0
