entropy_mean = 1.5381494760513306
loss_policy = 1.5717244148254395
loss_total = 6.86307954788208
loss_value = 1.0
step = 2092
value_mean = -1.0
