entropy_mean = 4.227083206176758
loss_policy = 5.289698600769043
loss_total = 12.263288497924805
loss_value = 0.9999998807907104
step = 631
value_mean = -1.0
