entropy_mean = 4.0782060623168945
loss_policy = 5.147882461547852
loss_total = 12.062849044799805
loss_value = 1.0
step = 665
value_mean = -1.0
