entropy_mean = 3.655170440673828
loss_policy = 3.816917896270752
loss_total = 10.081950187683105
loss_value = 1.0
step = 1125
value_mean = 1.0
