entropy_mean = 5.800800323486328
loss_policy = 5.826119422912598
loss_total = 12.949729919433594
loss_value = 0.3265801668167114
step = 106
value_mean = -0.6773853302001953
