entropy_mean = 5.22742223739624
loss_policy = 5.635466575622559
loss_total = 12.847461700439453
loss_value = 1.0
step = 516
value_mean = -1.0
