entropy_mean = 5.763755798339844
loss_policy = 5.885749816894531
loss_total = 13.16553783416748
loss_value = 0.4724006652832031
step = 62
value_mean = 0.43190324306488037
