entropy_mean = 5.482365608215332
loss_policy = 5.802063941955566
loss_total = 13.560365676879883
loss_value = 0.9999998807907104
step = 173
value_mean = -0.9999998807907104
