entropy_mean = 3.698864221572876
loss_policy = 4.0304059982299805
loss_total = 10.313825607299805
loss_value = 1.0
step = 1105
value_mean = 1.0
