entropy_mean = 3.455631732940674
loss_policy = 3.809450626373291
loss_total = 10.124383926391602
loss_value = 0.9921107292175293
step = 1071
value_mean = -0.9999536275863647
