entropy_mean = 1.8155968189239502
loss_policy = 2.010176420211792
loss_total = 7.731687545776367
loss_value = 1.0624922513961792
step = 1759
value_mean = 0.9999961853027344
