entropy_mean = 4.94112491607666
loss_policy = 5.299452781677246
loss_total = 12.860886573791504
loss_value = 1.0152077674865723
step = 345
value_mean = -0.9997771382331848
