entropy_mean = 2.9117815494537354
loss_policy = 3.041715621948242
loss_total = 9.061927795410156
loss_value = 0.8974012136459351
step = 1272
value_mean = 0.6977633237838745
