entropy_mean = 1.694284439086914
loss_policy = 1.8582587242126465
loss_total = 7.224471092224121
loss_value = 1.015625
step = 2039
value_mean = -1.0
