entropy_mean = 1.7381021976470947
loss_policy = 1.775205373764038
loss_total = 7.0169854164123535
loss_value = 1.015625
step = 2149
value_mean = -1.0
