entropy_mean = 4.176529884338379
loss_policy = 4.751270294189453
loss_total = 11.647665977478027
loss_value = 0.9999999403953552
step = 676
value_mean = -0.9999999403953552
