entropy_mean = 4.827641487121582
loss_policy = 5.0621018409729
loss_total = 12.006009101867676
loss_value = 1.0234375
step = 662
value_mean = -1.0
