entropy_mean = 4.406316757202148
loss_policy = 4.8617353439331055
loss_total = 11.541849136352539
loss_value = 0.9999998807907104
step = 803
value_mean = -0.9999998807907104
