entropy_mean = 1.3928189277648926
loss_policy = 1.5728780031204224
loss_total = 6.2813262939453125
loss_value = 0.9921875
step = 2574
value_mean = -1.0
