entropy_mean = 4.547574043273926
loss_policy = 5.372566223144531
loss_total = 12.389923095703125
loss_value = 1.0390623807907104
step = 628
value_mean = -0.9999998807907104
