entropy_mean = 5.485330581665039
loss_policy = 6.038880825042725
loss_total = 13.826812744140625
loss_value = 0.9999245405197144
step = 135
value_mean = -0.9999855756759644
