entropy_mean = 5.40908145904541
loss_policy = 5.756499290466309
loss_total = 13.432056427001953
loss_value = 0.999995231628418
step = 250
value_mean = -0.9999967813491821
