entropy_mean = 3.0503907203674316
loss_policy = 3.9698715209960938
loss_total = 10.273918151855469
loss_value = 1.0234375
step = 1108
value_mean = 1.0
