entropy_mean = 1.3838510513305664
loss_policy = 1.6045981645584106
loss_total = 6.835568904876709
loss_value = 1.0
step = 2145
value_mean = -1.0
