entropy_mean = 2.1216869354248047
loss_policy = 2.2470626831054688
loss_total = 7.913113594055176
loss_value = 0.9999920129776001
step = 1752
value_mean = 0.9999961853027344
