entropy_mean = 3.041243553161621
loss_policy = 3.150033712387085
loss_total = 9.096118927001953
loss_value = 0.773390531539917
step = 1219
value_mean = -0.7688727378845215
