entropy_mean = 2.4105234146118164
loss_policy = 3.291471242904663
loss_total = 9.42659854888916
loss_value = 1.023435354232788
step = 1284
value_mean = 0.9999974966049194
