entropy_mean = 4.708981990814209
loss_policy = 5.1055827140808105
loss_total = 12.076817512512207
loss_value = 1.0234370231628418
step = 647
value_mean = -0.9999997615814209
