entropy_mean = 5.773169040679932
loss_policy = 6.113800525665283
loss_total = 13.431437492370605
loss_value = 0.5152654647827148
step = 85
value_mean = 0.742175817489624
