entropy_mean = 1.405555009841919
loss_policy = 1.596445083618164
loss_total = 5.94399356842041
loss_value = 1.0
step = 2885
value_mean = -1.0
