entropy_mean = 2.470851182937622
loss_policy = 2.351785898208618
loss_total = 8.2636137008667
loss_value = 0.9999991655349731
step = 1515
value_mean = 0.9999995827674866
