entropy_mean = 1.471855878829956
loss_policy = 1.7042111158370972
loss_total = 6.877646446228027
loss_value = 0.9921875
step = 2190
value_mean = -1.0
