entropy_mean = 1.7238085269927979
loss_policy = 1.9857728481292725
loss_total = 7.419548988342285
loss_value = 0.9992914199829102
step = 1962
value_mean = 0.9995695352554321
