entropy_mean = 1.3174371719360352
loss_policy = 1.3488467931747437
loss_total = 5.746049880981445
loss_value = 1.0
step = 2843
value_mean = -1.0
