entropy_mean = 1.2541007995605469
loss_policy = 1.604539155960083
loss_total = 6.357885360717773
loss_value = 0.9921875
step = 2533
value_mean = -1.0
