entropy_mean = 1.570091724395752
loss_policy = 1.6411731243133545
loss_total = 6.909786701202393
loss_value = 0.9921875
step = 2104
value_mean = -1.0
