entropy_mean = 1.4387423992156982
loss_policy = 1.5301213264465332
loss_total = 5.9655866622924805
loss_value = 1.0
step = 2812
value_mean = -1.0
