entropy_mean = 1.5172815322875977
loss_policy = 1.5841667652130127
loss_total = 6.164211750030518
loss_value = 1.0
step = 2690
value_mean = -1.0
