entropy_mean = 4.748039245605469
loss_policy = 5.848762035369873
loss_total = 13.447860717773438
loss_value = 0.9999831318855286
step = 309
value_mean = -0.9999887347221375
