entropy_mean = 4.720900535583496
loss_policy = 5.982885360717773
loss_total = 13.554145812988281
loss_value = 0.9999053478240967
step = 329
value_mean = -0.9999576807022095
