entropy_mean = 1.5401642322540283
loss_policy = 1.6069121360778809
loss_total = 6.166644096374512
loss_value = 1.015625
step = 2719
value_mean = -1.0
