entropy_mean = 1.6337785720825195
loss_policy = 1.7454334497451782
loss_total = 6.972109317779541
loss_value = 0.9921875
step = 2142
value_mean = -1.0
