entropy_mean = 5.614798069000244
loss_policy = 5.800323009490967
loss_total = 12.920323371887207
loss_value = 0.3146910071372986
step = 71
value_mean = -0.6307315230369568
