entropy_mean = 3.3496346473693848
loss_policy = 3.4661128520965576
loss_total = 9.588894844055176
loss_value = 0.8274599313735962
step = 1095
value_mean = 0.9996840953826904
