entropy_mean = 3.5551600456237793
loss_policy = 3.974609613418579
loss_total = 10.373916625976562
loss_value = 0.999987781047821
step = 1012
value_mean = -0.9999922513961792
