entropy_mean = 3.9440510272979736
loss_policy = 3.846970319747925
loss_total = 10.14987850189209
loss_value = 0.9999845027923584
step = 1089
value_mean = -0.9999814033508301
