entropy_mean = 1.7977867126464844
loss_policy = 1.9591313600540161
loss_total = 7.378810882568359
loss_value = 0.9960281848907471
step = 1972
value_mean = -0.9999955892562866
