entropy_mean = 4.150609016418457
loss_policy = 4.346256256103516
loss_total = 10.787351608276367
loss_value = 0.9999983310699463
step = 979
value_mean = -0.9999985694885254
