entropy_mean = 1.8398828506469727
loss_policy = 1.8712736368179321
loss_total = 7.405538558959961
loss_value = 0.9999483823776245
step = 1870
value_mean = 0.99997878074646
