entropy_mean = 1.9411652088165283
loss_policy = 2.3414363861083984
loss_total = 8.257007598876953
loss_value = 1.0078121423721313
step = 1519
value_mean = 0.9999998807907104
