entropy_mean = 1.4443359375
loss_policy = 1.5011703968048096
loss_total = 6.306628227233887
loss_value = 1.0234375
step = 2518
value_mean = -1.0
