entropy_mean = 5.46639347076416
loss_policy = 5.674272537231445
loss_total = 13.457964897155762
loss_value = 0.9999985694885254
step = 141
value_mean = -0.9999995827674866
