entropy_mean = 3.315389633178711
loss_policy = 4.132772922515869
loss_total = 10.41939926147461
loss_value = 1.0
step = 1102
value_mean = 1.0
