entropy_mean = 5.769146919250488
loss_policy = 6.308384418487549
loss_total = 14.086183547973633
loss_value = 1.0468741655349731
step = 207
value_mean = -0.9999996423721313
