entropy_mean = 1.6372610330581665
loss_policy = 1.7684435844421387
loss_total = 7.053646087646484
loss_value = 1.0
step = 2097
value_mean = -1.0
