entropy_mean = 5.8834123611450195
loss_policy = 6.996817111968994
loss_total = 14.786611557006836
loss_value = 1.0234375
step = 161
value_mean = -1.0
