entropy_mean = 1.5304570198059082
loss_policy = 1.5781199932098389
loss_total = 6.633604049682617
loss_value = 1.0
step = 2301
value_mean = -1.0
