entropy_mean = 1.400045394897461
loss_policy = 1.5541021823883057
loss_total = 6.386648654937744
loss_value = 1.0
step = 2477
value_mean = -1.0
