entropy_mean = 3.2970192432403564
loss_policy = 3.310304641723633
loss_total = 9.52783203125
loss_value = 0.945229709148407
step = 1118
value_mean = 0.9529522061347961
