entropy_mean = 1.4553790092468262
loss_policy = 1.517423391342163
loss_total = 6.314107418060303
loss_value = 0.9921875
step = 2499
value_mean = -1.0
