entropy_mean = 1.7477282285690308
loss_policy = 1.651490569114685
loss_total = 7.007992267608643
loss_value = 1.0
step = 2034
value_mean = -1.0
