entropy_mean = 1.4897921085357666
loss_policy = 1.6613028049468994
loss_total = 6.626811981201172
loss_value = 1.0
step = 2376
value_mean = -1.0
