entropy_mean = 1.5348765850067139
loss_policy = 1.634820580482483
loss_total = 6.759921550750732
loss_value = 1.0390625
step = 2273
value_mean = -1.0
