entropy_mean = 4.465938568115234
loss_policy = 5.803772926330566
loss_total = 12.794709205627441
loss_value = 1.0
step = 621
value_mean = -1.0
