entropy_mean = 1.512904405593872
loss_policy = 1.6682071685791016
loss_total = 6.579689979553223
loss_value = 0.9921875
step = 2413
value_mean = -1.0
