entropy_mean = 3.097395658493042
loss_policy = 3.520169258117676
loss_total = 9.701618194580078
loss_value = 0.9753594398498535
step = 1185
value_mean = -0.9793115854263306
