entropy_mean = 3.113067150115967
loss_policy = 3.6052677631378174
loss_total = 9.790488243103027
loss_value = 0.96751868724823
step = 1174
value_mean = 0.7792060375213623
