entropy_mean = 3.143528699874878
loss_policy = 3.691776990890503
loss_total = 9.944986343383789
loss_value = 0.9999990463256836
step = 1137
value_mean = 0.9997919797897339
