entropy_mean = 1.5486719608306885
loss_policy = 1.7383043766021729
loss_total = 7.1301164627075195
loss_value = 1.0
step = 2002
value_mean = -1.0
