entropy_mean = 1.6791925430297852
loss_policy = 1.7052078247070312
loss_total = 6.4180216789245605
loss_value = 1.0
step = 2577
value_mean = -1.0
