entropy_mean = 2.1203527450561523
loss_policy = 2.2336630821228027
loss_total = 8.052178382873535
loss_value = 0.9999986290931702
step = 1607
value_mean = 0.9999993443489075
