entropy_mean = 4.289500713348389
loss_policy = 4.678142547607422
loss_total = 11.241302490234375
loss_value = 1.0234375
step = 903
value_mean = -1.0
