entropy_mean = 1.4359872341156006
loss_policy = 1.4676930904388428
loss_total = 5.798577308654785
loss_value = 1.0
step = 2900
value_mean = -1.0
