entropy_mean = 1.676927089691162
loss_policy = 1.573103666305542
loss_total = 6.6911821365356445
loss_value = 1.0
step = 2247
value_mean = -1.0
