entropy_mean = 4.6370415687561035
loss_policy = 5.151469707489014
loss_total = 12.460766792297363
loss_value = 0.9921873807907104
step = 473
value_mean = -0.9999999403953552
