entropy_mean = 1.4657719135284424
loss_policy = 1.6996554136276245
loss_total = 6.433751106262207
loss_value = 0.984375
step = 2542
value_mean = -1.0
