entropy_mean = 1.5951497554779053
loss_policy = 1.6262253522872925
loss_total = 6.781089782714844
loss_value = 1.0234375
step = 2235
value_mean = -1.0
