entropy_mean = 2.084124803543091
loss_policy = 2.7804887294769287
loss_total = 8.67835807800293
loss_value = 0.9999995827674866
step = 1529
value_mean = 0.9999997615814209
