entropy_mean = 1.5802339315414429
loss_policy = 1.716359257698059
loss_total = 6.714843273162842
loss_value = 0.9921875
step = 2341
value_mean = -1.0
