entropy_mean = 2.2776055335998535
loss_policy = 2.589449882507324
loss_total = 8.560808181762695
loss_value = 0.9921870231628418
step = 1449
value_mean = 0.9999998211860657
