entropy_mean = 1.6846309900283813
loss_policy = 2.102663040161133
loss_total = 7.896085262298584
loss_value = 0.9921832084655762
step = 1623
value_mean = 0.9999977946281433
