entropy_mean = 4.93294095993042
loss_policy = 5.507420063018799
loss_total = 12.587335586547852
loss_value = 0.9921875
step = 575
value_mean = -1.0
