entropy_mean = 3.1388931274414062
loss_policy = 3.1832962036132812
loss_total = 9.242076873779297
loss_value = 0.9163743257522583
step = 1250
value_mean = 0.05580739676952362
