entropy_mean = 1.8921725749969482
loss_policy = 2.2754359245300293
loss_total = 7.928455829620361
loss_value = 0.9999865889549255
step = 1765
value_mean = 0.9999935626983643
