entropy_mean = 1.5513932704925537
loss_policy = 1.50559401512146
loss_total = 5.964893341064453
loss_value = 1.0
step = 2791
value_mean = -1.0
