entropy_mean = 1.6226365566253662
loss_policy = 1.9045982360839844
loss_total = 6.919124126434326
loss_value = 1.046875
step = 2374
value_mean = -1.0
