entropy_mean = 5.487180709838867
loss_policy = 5.807343482971191
loss_total = 13.425139427185059
loss_value = 1.0155924558639526
step = 306
value_mean = -0.9999873042106628
