entropy_mean = 4.829246520996094
loss_policy = 5.68248176574707
loss_total = 12.709197998046875
loss_value = 0.4998893439769745
step = 355
value_mean = -0.997826337814331
