entropy_mean = 3.9396142959594727
loss_policy = 5.4626593589782715
loss_total = 12.678201675415039
loss_value = 1.0
step = 514
value_mean = -1.0
