entropy_mean = 4.152285575866699
loss_policy = 4.92149543762207
loss_total = 11.528584480285645
loss_value = 0.9999995231628418
step = 855
value_mean = -0.9999995827674866
