entropy_mean = 1.596573829650879
loss_policy = 1.8484688997268677
loss_total = 6.900793075561523
loss_value = 1.0
step = 2304
value_mean = -1.0
