entropy_mean = 4.241017818450928
loss_policy = 4.908580780029297
loss_total = 11.565783500671387
loss_value = 0.9999975562095642
step = 817
value_mean = -0.9999989867210388
