entropy_mean = 1.866526484489441
loss_policy = 1.9150309562683105
loss_total = 7.565554141998291
loss_value = 1.023421049118042
step = 1788
value_mean = 0.9999921321868896
