entropy_mean = 2.41605806350708
loss_policy = 2.715921401977539
loss_total = 8.691411972045898
loss_value = 0.9843730926513672
step = 1438
value_mean = 0.9999990463256836
