entropy_mean = 1.3521233797073364
loss_policy = 1.5103520154953003
loss_total = 5.90324592590332
loss_value = 0.984375
step = 2834
value_mean = -1.0
