entropy_mean = 1.9262094497680664
loss_policy = 2.1283299922943115
loss_total = 7.756515026092529
loss_value = 0.9999886751174927
step = 1787
value_mean = 0.9999942183494568
