entropy_mean = 1.8924925327301025
loss_policy = 1.9514330625534058
loss_total = 7.446270942687988
loss_value = 0.9999620318412781
step = 1904
value_mean = 0.9999796748161316
