entropy_mean = 3.2705209255218506
loss_policy = 3.5286948680877686
loss_total = 9.645638465881348
loss_value = 0.8873604536056519
step = 1162
value_mean = 0.4086891710758209
