entropy_mean = 1.5466406345367432
loss_policy = 1.745954990386963
loss_total = 6.560362815856934
loss_value = 1.0
step = 2491
value_mean = -1.0
