entropy_mean = 5.254249095916748
loss_policy = 5.505159378051758
loss_total = 12.820779800415039
loss_value = 0.7869334816932678
step = 354
value_mean = 0.2691197693347931
