entropy_mean = 5.805068016052246
loss_policy = 6.1743645668029785
loss_total = 13.597429275512695
loss_value = 0.6310856938362122
step = 124
value_mean = -0.44975125789642334
