entropy_mean = 4.507927417755127
loss_policy = 4.744328022003174
loss_total = 11.308591842651367
loss_value = 1.0
step = 884
value_mean = -1.0
