entropy_mean = 1.4292123317718506
loss_policy = 1.5748910903930664
loss_total = 6.284238815307617
loss_value = 1.0
step = 2580
value_mean = -1.0
