entropy_mean = 1.616105318069458
loss_policy = 1.7152988910675049
loss_total = 7.360705375671387
loss_value = 0.9999887943267822
step = 1772
value_mean = 0.9999947547912598
