entropy_mean = 4.113419532775879
loss_policy = 4.659564971923828
loss_total = 11.20288372039795
loss_value = 1.0
step = 900
value_mean = -1.0
