entropy_mean = 3.2545502185821533
loss_policy = 3.407325267791748
loss_total = 9.263200759887695
loss_value = 0.7065751552581787
step = 1243
value_mean = 0.5163387656211853
