entropy_mean = 5.587272644042969
loss_policy = 5.898669242858887
loss_total = 13.300355911254883
loss_value = 0.5990841388702393
step = 84
value_mean = 0.45928603410720825
