entropy_mean = 2.968648910522461
loss_policy = 2.8863964080810547
loss_total = 8.895458221435547
loss_value = 0.9151813387870789
step = 1307
value_mean = -0.7339771389961243
