entropy_mean = 1.568204641342163
loss_policy = 1.5573348999023438
loss_total = 6.781172752380371
loss_value = 1.0
step = 2151
value_mean = -1.0
