entropy_mean = 3.4129538536071777
loss_policy = 3.7193431854248047
loss_total = 10.020997047424316
loss_value = 0.9999132752418518
step = 1090
value_mean = -0.9999164938926697
