entropy_mean = 2.9606308937072754
loss_policy = 3.1439054012298584
loss_total = 9.272319793701172
loss_value = 0.991417407989502
step = 1256
value_mean = -0.9992575645446777
