entropy_mean = 2.0010647773742676
loss_policy = 2.247741222381592
loss_total = 8.022905349731445
loss_value = 0.9999954104423523
step = 1649
value_mean = 0.9999979734420776
