entropy_mean = 1.5214717388153076
loss_policy = 2.0122334957122803
loss_total = 7.588147163391113
loss_value = 0.9921766519546509
step = 1825
value_mean = 0.9999946355819702
