entropy_mean = 4.130762577056885
loss_policy = 4.488321781158447
loss_total = 10.892289161682129
loss_value = 0.9999958276748657
step = 1008
value_mean = -0.9999986290931702
