entropy_mean = 4.102993011474609
loss_policy = 5.742015838623047
loss_total = 13.190678596496582
loss_value = 1.0234375
step = 408
value_mean = -1.0
