entropy_mean = 1.5349702835083008
loss_policy = 1.5345067977905273
loss_total = 6.009241104125977
loss_value = 0.984375
step = 2764
value_mean = -1.0
