entropy_mean = 2.860008716583252
loss_policy = 3.273890256881714
loss_total = 9.35663890838623
loss_value = 0.8967155814170837
step = 1205
value_mean = -0.05174010246992111
