entropy_mean = 1.4549744129180908
loss_policy = 1.4447864294052124
loss_total = 6.546905040740967
loss_value = 0.9921875
step = 2254
value_mean = -1.0
