entropy_mean = 4.080755233764648
loss_policy = 4.353181838989258
loss_total = 10.801501274108887
loss_value = 0.9999998807907104
step = 974
value_mean = -0.9999999403953552
