entropy_mean = 5.399322986602783
loss_policy = 6.248416423797607
loss_total = 13.995806694030762
loss_value = 0.984375
step = 166
value_mean = -1.0
