entropy_mean = 1.5205317735671997
loss_policy = 1.6385449171066284
loss_total = 6.8284735679626465
loss_value = 1.0
step = 2182
value_mean = -1.0
