entropy_mean = 4.571101665496826
loss_policy = 5.1048173904418945
loss_total = 12.330764770507812
loss_value = 1.015625
step = 517
value_mean = -1.0
