entropy_mean = 1.705806016921997
loss_policy = 2.014141321182251
loss_total = 7.675156593322754
loss_value = 0.9999834895133972
step = 1757
value_mean = 0.9999935626983643
