entropy_mean = 4.5662689208984375
loss_policy = 4.62371826171875
loss_total = 11.222198486328125
loss_value = 1.0234375
step = 877
value_mean = -1.0
