entropy_mean = 1.3999252319335938
loss_policy = 1.483794093132019
loss_total = 6.692835330963135
loss_value = 1.0234375
step = 2186
value_mean = -1.0
