entropy_mean = 3.10588002204895
loss_policy = 3.3948559761047363
loss_total = 9.322366714477539
loss_value = 0.7792191505432129
step = 1244
value_mean = 0.2375199794769287
