entropy_mean = 2.627295970916748
loss_policy = 2.9901905059814453
loss_total = 9.127023696899414
loss_value = 1.007790207862854
step = 1265
value_mean = -0.9999770522117615
