entropy_mean = 1.5768353939056396
loss_policy = 1.7103972434997559
loss_total = 7.091618537902832
loss_value = 1.0
step = 2011
value_mean = -1.0
