entropy_mean = 3.9494340419769287
loss_policy = 4.610984802246094
loss_total = 11.348384857177734
loss_value = 0.9921875
step = 760
value_mean = -1.0
