entropy_mean = 1.8128982782363892
loss_policy = 1.911368727684021
loss_total = 7.530658721923828
loss_value = 0.9999805688858032
step = 1795
value_mean = 0.9999900460243225
