entropy_mean = 4.1003618240356445
loss_policy = 4.640154838562012
loss_total = 11.13591194152832
loss_value = 0.9999974966049194
step = 939
value_mean = -0.9999991655349731
