entropy_mean = 2.2878737449645996
loss_policy = 2.3146255016326904
loss_total = 8.103130340576172
loss_value = 0.9999958276748657
step = 1636
value_mean = 0.999997615814209
