entropy_mean = 5.854475975036621
loss_policy = 5.773257255554199
loss_total = 13.093704223632812
loss_value = 0.5202856063842773
step = 94
value_mean = -0.39522498846054077
