entropy_mean = 4.3925323486328125
loss_policy = 5.331558704376221
loss_total = 12.310856819152832
loss_value = 0.9921875
step = 623
value_mean = -1.0
