entropy_mean = 3.3560256958007812
loss_policy = 3.6712546348571777
loss_total = 9.872316360473633
loss_value = 0.9813368320465088
step = 1172
value_mean = 0.9160894155502319
