entropy_mean = 4.697278022766113
loss_policy = 5.079039573669434
loss_total = 11.989908218383789
loss_value = 0.9921873807907104
step = 663
value_mean = -0.9999998807907104
