entropy_mean = 5.40199089050293
loss_policy = 5.839856147766113
loss_total = 13.570527076721191
loss_value = 0.9843746423721313
step = 189
value_mean = -0.9999997615814209
