entropy_mean = 3.134575605392456
loss_policy = 3.114529609680176
loss_total = 9.142745018005371
loss_value = 0.9383483529090881
step = 1312
value_mean = -0.4002951979637146
