entropy_mean = 1.9692211151123047
loss_policy = 2.2200584411621094
loss_total = 7.959786415100098
loss_value = 0.992185115814209
step = 1677
value_mean = 0.9999990463256836
