entropy_mean = 4.471147060394287
loss_policy = 5.337960243225098
loss_total = 12.41617202758789
loss_value = 1.023437261581421
step = 591
value_mean = -0.9999998807907104
