entropy_mean = 3.054155111312866
loss_policy = 3.2510993480682373
loss_total = 9.365327835083008
loss_value = 0.9999942779541016
step = 1281
value_mean = 0.9999979138374329
