entropy_mean = 1.7295265197753906
loss_policy = 1.8287121057510376
loss_total = 7.194085121154785
loss_value = 1.0
step = 2026
value_mean = -1.0
