entropy_mean = 1.5290263891220093
loss_policy = 1.6219637393951416
loss_total = 6.6659345626831055
loss_value = 1.0
step = 2311
value_mean = -1.0
