entropy_mean = 1.4682797193527222
loss_policy = 1.7303575277328491
loss_total = 6.891048908233643
loss_value = 1.0
step = 2210
value_mean = -1.0
