entropy_mean = 1.3650257587432861
loss_policy = 1.7447454929351807
loss_total = 6.747005939483643
loss_value = 1.0234375
step = 2364
value_mean = -1.0
