entropy_mean = 4.173245906829834
loss_policy = 5.083020210266113
loss_total = 11.84746265411377
loss_value = 1.0625
step = 788
value_mean = -1.0
