entropy_mean = 4.17258358001709
loss_policy = 4.563843727111816
loss_total = 11.057912826538086
loss_value = 1.0078012943267822
step = 947
value_mean = -0.9999926686286926
