entropy_mean = 1.4110324382781982
loss_policy = 1.816907525062561
loss_total = 6.996874809265137
loss_value = 0.9921875
step = 2184
value_mean = -1.0
