entropy_mean = 3.362135410308838
loss_policy = 3.4389543533325195
loss_total = 9.585966110229492
loss_value = 0.956039547920227
step = 1200
value_mean = 0.8659340143203735
