entropy_mean = 2.499986171722412
loss_policy = 2.683518171310425
loss_total = 8.637022972106934
loss_value = 0.9921870231628418
step = 1466
value_mean = 0.9999996423721313
