entropy_mean = 2.237562656402588
loss_policy = 2.4990241527557373
loss_total = 8.426379203796387
loss_value = 0.999998152256012
step = 1500
value_mean = 0.9999992251396179
