entropy_mean = 4.635341644287109
loss_policy = 6.074227333068848
loss_total = 13.715723037719727
loss_value = 1.0234205722808838
step = 291
value_mean = -0.9999873638153076
