entropy_mean = 1.4053618907928467
loss_policy = 1.584922432899475
loss_total = 6.490199089050293
loss_value = 1.0390625
step = 2452
value_mean = -1.0
