entropy_mean = 1.579227089881897
loss_policy = 1.76642644405365
loss_total = 6.787049770355225
loss_value = 1.0
step = 2329
value_mean = -1.0
