entropy_mean = 1.655617117881775
loss_policy = 1.7091946601867676
loss_total = 7.097907543182373
loss_value = 0.984375
step = 1991
value_mean = -1.0
