entropy_mean = 4.699176788330078
loss_policy = 5.52830696105957
loss_total = 13.102825164794922
loss_value = 1.0232322216033936
step = 342
value_mean = -0.9999094009399414
