entropy_mean = 5.89649772644043
loss_policy = 5.813591957092285
loss_total = 13.59360122680664
loss_value = 0.999999463558197
step = 145
value_mean = -0.9999998211860657
