entropy_mean = 1.4188992977142334
loss_policy = 1.562570571899414
loss_total = 6.690546035766602
loss_value = 1.015625
step = 2252
value_mean = -1.0
