entropy_mean = 3.9708800315856934
loss_policy = 4.004680633544922
loss_total = 10.387510299682617
loss_value = 0.9921823740005493
step = 1019
value_mean = -0.9999974966049194
