entropy_mean = 1.7224254608154297
loss_policy = 1.8897156715393066
loss_total = 7.5155839920043945
loss_value = 1.0234264135360718
step = 1809
value_mean = 0.9999949336051941
