entropy_mean = 2.0835518836975098
loss_policy = 2.281527519226074
loss_total = 8.048599243164062
loss_value = 1.0234358310699463
step = 1681
value_mean = 0.9999991655349731
