entropy_mean = 5.76540470123291
loss_policy = 5.981104373931885
loss_total = 13.700677871704102
loss_value = 0.9052821397781372
step = 35
value_mean = 0.6753417253494263
