entropy_mean = 5.240115165710449
loss_policy = 5.807703018188477
loss_total = 13.471860885620117
loss_value = 0.9999951720237732
step = 259
value_mean = -0.9999975562095642
