entropy_mean = 5.694538116455078
loss_policy = 5.895699501037598
loss_total = 13.283308982849121
loss_value = 0.5781384110450745
step = 54
value_mean = 0.24835903942584991
