entropy_mean = 1.4068269729614258
loss_policy = 1.523781418800354
loss_total = 6.089139938354492
loss_value = 1.0
step = 2702
value_mean = -1.0
