entropy_mean = 1.3448350429534912
loss_policy = 1.5217970609664917
loss_total = 6.071776390075684
loss_value = 1.0
step = 2714
value_mean = -1.0
