entropy_mean = 2.884077310562134
loss_policy = 2.9181301593780518
loss_total = 8.700057029724121
loss_value = 0.6997602581977844
step = 1321
value_mean = -0.7415772080421448
