entropy_mean = 1.7491326332092285
loss_policy = 1.907006859779358
loss_total = 7.40073299407959
loss_value = 0.999972939491272
step = 1905
value_mean = 0.9999854564666748
