entropy_mean = 4.47343635559082
loss_policy = 5.319644451141357
loss_total = 12.36431884765625
loss_value = 1.0234360694885254
step = 607
value_mean = -0.9999995827674866
