entropy_mean = 4.210747241973877
loss_policy = 4.570584297180176
loss_total = 11.121484756469727
loss_value = 0.9921875
step = 888
value_mean = -1.0
