entropy_mean = 4.274313926696777
loss_policy = 4.96256160736084
loss_total = 12.199472427368164
loss_value = 0.9999994039535522
step = 504
value_mean = -0.9999997615814209
