entropy_mean = 2.1213324069976807
loss_policy = 2.2602343559265137
loss_total = 8.044482231140137
loss_value = 0.9999945163726807
step = 1640
value_mean = 0.9999974370002747
