entropy_mean = 1.7085998058319092
loss_policy = 1.7043049335479736
loss_total = 7.083584308624268
loss_value = 0.9921875
step = 2006
value_mean = -1.0
