entropy_mean = 1.3090267181396484
loss_policy = 1.6204500198364258
loss_total = 6.136726379394531
loss_value = 0.9921875
step = 2736
value_mean = -1.0
