entropy_mean = 4.167163372039795
loss_policy = 4.988476276397705
loss_total = 11.643552780151367
loss_value = 0.9921866655349731
step = 813
value_mean = -0.9999995231628418
