entropy_mean = 4.929304122924805
loss_policy = 5.784536361694336
loss_total = 13.160117149353027
loss_value = 0.583051323890686
step = 122
value_mean = -0.5029921531677246
