entropy_mean = 3.9197864532470703
loss_policy = 4.5957489013671875
loss_total = 11.033245086669922
loss_value = 0.9921872615814209
step = 976
value_mean = -0.9999998807907104
