entropy_mean = 1.8674142360687256
loss_policy = 2.192502498626709
loss_total = 7.746395111083984
loss_value = 0.9843559861183167
step = 1838
value_mean = 0.9999910593032837
