entropy_mean = 1.9176592826843262
loss_policy = 2.414187431335449
loss_total = 8.146646499633789
loss_value = 1.0234289169311523
step = 1712
value_mean = 0.9999959468841553
