entropy_mean = 4.893436431884766
loss_policy = 5.402740955352783
loss_total = 12.933631896972656
loss_value = 0.9763817191123962
step = 340
value_mean = -0.9999211430549622
