entropy_mean = 1.6060642004013062
loss_policy = 1.718384027481079
loss_total = 7.048527717590332
loss_value = 1.0
step = 2056
value_mean = -1.0
