entropy_mean = 2.2966346740722656
loss_policy = 2.402289867401123
loss_total = 8.256610870361328
loss_value = 0.9843742847442627
step = 1556
value_mean = 0.9999995827674866
