entropy_mean = 1.9756814241409302
loss_policy = 2.268362283706665
loss_total = 7.919276714324951
loss_value = 0.9999912977218628
step = 1767
value_mean = 0.9999961256980896
