entropy_mean = 4.798742294311523
loss_policy = 5.753883361816406
loss_total = 13.388870239257812
loss_value = 1.0234184265136719
step = 297
value_mean = -0.9999858140945435
