entropy_mean = 1.445802927017212
loss_policy = 1.5254051685333252
loss_total = 6.257870674133301
loss_value = 0.9921875
step = 2551
value_mean = -1.0
