entropy_mean = 5.694897651672363
loss_policy = 5.787775039672852
loss_total = 12.834918975830078
loss_value = 0.2436811327934265
step = 80
value_mean = -0.861168622970581
