entropy_mean = 3.0193142890930176
loss_policy = 3.163372039794922
loss_total = 9.072680473327637
loss_value = 0.8280466794967651
step = 1322
value_mean = -0.4322075843811035
