entropy_mean = 4.734106540679932
loss_policy = 5.273380279541016
loss_total = 12.649415016174316
loss_value = 1.0234344005584717
step = 453
value_mean = -0.9999980926513672
