entropy_mean = 2.360666513442993
loss_policy = 2.8122546672821045
loss_total = 8.769865036010742
loss_value = 1.0234349966049194
step = 1493
value_mean = 0.9999988079071045
