entropy_mean = 3.638050079345703
loss_policy = 4.028820514678955
loss_total = 10.42745304107666
loss_value = 1.0702818632125854
step = 1066
value_mean = -0.9999864101409912
