entropy_mean = 1.4163849353790283
loss_policy = 1.7003686428070068
loss_total = 6.874768257141113
loss_value = 1.0
step = 2197
value_mean = -1.0
