entropy_mean = 1.4957354068756104
loss_policy = 1.5121989250183105
loss_total = 6.563973426818848
loss_value = 1.015625
step = 2317
value_mean = -1.0
