entropy_mean = 1.8012464046478271
loss_policy = 1.95534086227417
loss_total = 7.353193759918213
loss_value = 1.0
step = 1997
value_mean = -1.0
