entropy_mean = 4.205462455749512
loss_policy = 5.224308967590332
loss_total = 12.137482643127441
loss_value = 0.9999992847442627
step = 666
value_mean = -0.9999995827674866
