entropy_mean = 1.5912835597991943
loss_policy = 1.7965415716171265
loss_total = 6.917750358581543
loss_value = 1.0
step = 2244
value_mean = -1.0
