entropy_mean = 1.3107774257659912
loss_policy = 1.5524499416351318
loss_total = 5.988958835601807
loss_value = 1.0
step = 2811
value_mean = -1.0
