entropy_mean = 2.2513890266418457
loss_policy = 2.305494785308838
loss_total = 8.154867172241211
loss_value = 1.0156235694885254
step = 1592
value_mean = 0.9999993443489075
