entropy_mean = 4.285897731781006
loss_policy = 4.8027777671813965
loss_total = 11.651826858520508
loss_value = 0.9999778270721436
step = 703
value_mean = -0.9999868869781494
