entropy_mean = 1.7564449310302734
loss_policy = 2.0277233123779297
loss_total = 7.6171770095825195
loss_value = 1.015608310699463
step = 1834
value_mean = 0.9999916553497314
