entropy_mean = 2.285223960876465
loss_policy = 2.4504828453063965
loss_total = 8.32156753540039
loss_value = 0.9921867847442627
step = 1548
value_mean = 0.9999997615814209
