entropy_mean = 1.2998512983322144
loss_policy = 1.4526803493499756
loss_total = 6.058359146118164
loss_value = 1.0
step = 2667
value_mean = -1.0
