entropy_mean = 3.0530600547790527
loss_policy = 3.067514419555664
loss_total = 8.768983840942383
loss_value = 0.6249310970306396
step = 1328
value_mean = 0.044634703546762466
