entropy_mean = 4.931488990783691
loss_policy = 6.372357368469238
loss_total = 13.97658920288086
loss_value = 0.9999717473983765
step = 304
value_mean = -0.9999836683273315
