entropy_mean = 2.6848597526550293
loss_policy = 2.725517511367798
loss_total = 8.690021514892578
loss_value = 0.9999991655349731
step = 1463
value_mean = 0.9999997615814209
