entropy_mean = 1.3994219303131104
loss_policy = 1.5988726615905762
loss_total = 6.394964694976807
loss_value = 1.0
step = 2506
value_mean = -1.0
