entropy_mean = 4.9036865234375
loss_policy = 5.217455863952637
loss_total = 12.732723236083984
loss_value = 1.0
step = 361
value_mean = -1.0
