entropy_mean = 4.680621147155762
loss_policy = 5.271749496459961
loss_total = 12.260293960571289
loss_value = 1.0390623807907104
step = 646
value_mean = -0.9999998807907104
