entropy_mean = 3.1608173847198486
loss_policy = 3.9110107421875
loss_total = 10.266058921813965
loss_value = 1.0233765840530396
step = 1063
value_mean = -0.9999760389328003
