entropy_mean = 1.5602242946624756
loss_policy = 1.6778175830841064
loss_total = 6.782629489898682
loss_value = 1.0390625
step = 2291
value_mean = -1.0
