entropy_mean = 2.4900729656219482
loss_policy = 2.654628276824951
loss_total = 8.703805923461914
loss_value = 1.0234342813491821
step = 1403
value_mean = 0.9999989867210388
