entropy_mean = 1.957216501235962
loss_policy = 2.018521308898926
loss_total = 7.640587329864502
loss_value = 1.0234284400939941
step = 1812
value_mean = 0.9999955296516418
