entropy_mean = 1.5548689365386963
loss_policy = 1.5555541515350342
loss_total = 6.539037704467773
loss_value = 1.0
step = 2360
value_mean = -1.0
