entropy_mean = 4.612784385681152
loss_policy = 5.566929817199707
loss_total = 13.02298641204834
loss_value = 1.0
step = 392
value_mean = -1.0
