entropy_mean = 5.765540599822998
loss_policy = 5.824726104736328
loss_total = 12.882881164550781
loss_value = 0.25408920645713806
step = 77
value_mean = 0.5232373476028442
