entropy_mean = 2.914252281188965
loss_policy = 2.838589668273926
loss_total = 8.853927612304688
loss_value = 0.9999996423721313
step = 1414
value_mean = 0.9999998211860657
