entropy_mean = 1.3962604999542236
loss_policy = 1.7500112056732178
loss_total = 6.878999710083008
loss_value = 1.0
step = 2237
value_mean = -1.0
