entropy_mean = 5.5007829666137695
loss_policy = 5.877344131469727
loss_total = 13.601933479309082
loss_value = 0.9999992847442627
step = 213
value_mean = -0.9999995827674866
