entropy_mean = 1.7488179206848145
loss_policy = 1.8692452907562256
loss_total = 7.409110069274902
loss_value = 0.9999436140060425
step = 1865
value_mean = 0.9999685287475586
