entropy_mean = 2.978091239929199
loss_policy = 3.3394546508789062
loss_total = 9.35730266571045
loss_value = 0.8736600875854492
step = 1248
value_mean = 0.9595999121665955
