entropy_mean = 1.4361600875854492
loss_policy = 1.4999175071716309
loss_total = 6.474228382110596
loss_value = 1.0
step = 2368
value_mean = -1.0
