entropy_mean = 4.348727703094482
loss_policy = 4.9846930503845215
loss_total = 12.140497207641602
loss_value = 0.9999998807907104
step = 543
value_mean = -0.9999998807907104
