entropy_mean = 5.587896823883057
loss_policy = 5.84777307510376
loss_total = 13.479774475097656
loss_value = 0.9765533804893494
step = 265
value_mean = -0.999995231628418
