entropy_mean = 1.5030672550201416
loss_policy = 1.647226333618164
loss_total = 6.795117378234863
loss_value = 1.0234375
step = 2241
value_mean = -1.0
