entropy_mean = 4.245438575744629
loss_policy = 4.815356254577637
loss_total = 11.645990371704102
loss_value = 1.0177282094955444
step = 721
value_mean = -0.9936274886131287
