entropy_mean = 1.970531702041626
loss_policy = 2.1938185691833496
loss_total = 8.068273544311523
loss_value = 1.0234357118606567
step = 1574
value_mean = 0.9999992847442627
