entropy_mean = 2.3660075664520264
loss_policy = 2.567337989807129
loss_total = 8.474117279052734
loss_value = 0.9999995231628418
step = 1520
value_mean = 0.9999996423721313
