entropy_mean = 2.336681365966797
loss_policy = 2.777672052383423
loss_total = 8.786152839660645
loss_value = 0.9999996423721313
step = 1421
value_mean = 0.9999998807907104
