entropy_mean = 1.4807368516921997
loss_policy = 1.6670751571655273
loss_total = 6.249011516571045
loss_value = 0.9921875
step = 2681
value_mean = -1.0
