entropy_mean = 2.792055606842041
loss_policy = 3.0263984203338623
loss_total = 9.16377067565918
loss_value = 0.9985826015472412
step = 1254
value_mean = -0.9997513890266418
