entropy_mean = 1.622897982597351
loss_policy = 1.7982547283172607
loss_total = 7.13931941986084
loss_value = 1.0
step = 2047
value_mean = -1.0
