entropy_mean = 4.2473883628845215
loss_policy = 4.929577827453613
loss_total = 12.13646125793457
loss_value = 1.0
step = 519
value_mean = -1.0
