entropy_mean = 1.619718313217163
loss_policy = 1.9647809267044067
loss_total = 7.323529243469238
loss_value = 1.0
step = 2032
value_mean = -1.0
