entropy_mean = 4.8441619873046875
loss_policy = 5.113800048828125
loss_total = 12.402647018432617
loss_value = 0.9921875
step = 482
value_mean = -1.0
