entropy_mean = 1.734782338142395
loss_policy = 1.6973273754119873
loss_total = 7.129861354827881
loss_value = 1.015625
step = 1979
value_mean = -1.0
