entropy_mean = 4.411144256591797
loss_policy = 5.210909843444824
loss_total = 12.639739990234375
loss_value = 0.9921875
step = 402
value_mean = -1.0
