entropy_mean = 2.363776683807373
loss_policy = 2.6820154190063477
loss_total = 8.566067695617676
loss_value = 0.9921826720237732
step = 1535
value_mean = 0.9999978542327881
