entropy_mean = 1.6837331056594849
loss_policy = 2.0203208923339844
loss_total = 7.623601913452148
loss_value = 0.9921739101409912
step = 1802
value_mean = 0.9999933242797852
