entropy_mean = 4.158256530761719
loss_policy = 4.813674449920654
loss_total = 11.502171516418457
loss_value = 1.015624761581421
step = 807
value_mean = -0.9999999403953552
