entropy_mean = 1.7961411476135254
loss_policy = 1.764264464378357
loss_total = 7.098094940185547
loss_value = 1.0
step = 2053
value_mean = -1.0
