entropy_mean = 1.569495677947998
loss_policy = 1.686269760131836
loss_total = 6.332216262817383
loss_value = 1.0
step = 2632
value_mean = -1.0
