entropy_mean = 4.700697898864746
loss_policy = 5.026886463165283
loss_total = 11.821277618408203
loss_value = 1.0
step = 732
value_mean = -1.0
