entropy_mean = 3.390437364578247
loss_policy = 3.6339688301086426
loss_total = 9.829339981079102
loss_value = 0.969733715057373
step = 1166
value_mean = 0.8303807377815247
