entropy_mean = 4.248137474060059
loss_policy = 4.611093997955322
loss_total = 11.239094734191895
loss_value = 0.9921875
step = 833
value_mean = -1.0
