entropy_mean = 3.4368271827697754
loss_policy = 4.030898094177246
loss_total = 10.344949722290039
loss_value = 1.007638692855835
step = 1086
value_mean = -0.9997534155845642
