entropy_mean = 1.5353927612304688
loss_policy = 1.559810757637024
loss_total = 6.117376327514648
loss_value = 1.0
step = 2708
value_mean = -1.0
