entropy_mean = 1.3965821266174316
loss_policy = 1.707455039024353
loss_total = 6.595813751220703
loss_value = 1.0234375
step = 2453
value_mean = -1.0
