entropy_mean = 4.457620143890381
loss_policy = 5.000628471374512
loss_total = 12.100847244262695
loss_value = 0.9999997019767761
step = 568
value_mean = -0.9999998807907104
