entropy_mean = 1.4192867279052734
loss_policy = 1.5321102142333984
loss_total = 6.6245832443237305
loss_value = 1.0390625
step = 2303
value_mean = -1.0
