entropy_mean = 4.5142412185668945
loss_policy = 5.212014675140381
loss_total = 12.472724914550781
loss_value = 0.9999998807907104
step = 495
value_mean = -1.0
