entropy_mean = 2.1679463386535645
loss_policy = 2.3102409839630127
loss_total = 8.193277359008789
loss_value = 0.9999988079071045
step = 1544
value_mean = 0.9999994039535522
