entropy_mean = 1.5334891080856323
loss_policy = 1.6405974626541138
loss_total = 6.462645530700684
loss_value = 0.9921875
step = 2479
value_mean = -1.0
