entropy_mean = 1.3790203332901
loss_policy = 1.515058159828186
loss_total = 5.872876167297363
loss_value = 1.0
step = 2876
value_mean = -1.0
