entropy_mean = 4.592535018920898
loss_policy = 4.794839859008789
loss_total = 11.623164176940918
loss_value = 0.9999679923057556
step = 713
value_mean = -0.9999545216560364
