entropy_mean = 5.738866329193115
loss_policy = 5.842720985412598
loss_total = 12.871133804321289
loss_value = 0.22979030013084412
step = 100
value_mean = 0.3949235677719116
