entropy_mean = 1.639624834060669
loss_policy = 1.6335183382034302
loss_total = 6.506117820739746
loss_value = 1.0234375
step = 2465
value_mean = -1.0
