entropy_mean = 4.044686794281006
loss_policy = 4.420541763305664
loss_total = 10.927864074707031
loss_value = 0.9999943971633911
step = 929
value_mean = -0.999996542930603
