entropy_mean = 4.715680122375488
loss_policy = 5.315668106079102
loss_total = 12.542064666748047
loss_value = 0.984375
step = 502
value_mean = -1.0
