entropy_mean = 1.5255134105682373
loss_policy = 1.6176245212554932
loss_total = 6.689671039581299
loss_value = 0.9921875
step = 2278
value_mean = -1.0
