entropy_mean = 1.5748764276504517
loss_policy = 1.5916873216629028
loss_total = 6.142251968383789
loss_value = 1.0625
step = 2766
value_mean = -1.0
