entropy_mean = 5.473313331604004
loss_policy = 5.614267349243164
loss_total = 13.153944969177246
loss_value = 0.9990596175193787
step = 348
value_mean = -0.9992501735687256
