entropy_mean = 3.765803337097168
loss_policy = 4.95546293258667
loss_total = 12.316081047058105
loss_value = 1.0156241655349731
step = 457
value_mean = -0.9999995231628418
