entropy_mean = 1.6994693279266357
loss_policy = 1.6928424835205078
loss_total = 6.883780479431152
loss_value = 1.0
step = 2181
value_mean = -1.0
