entropy_mean = 1.1775816679000854
loss_policy = 1.5314533710479736
loss_total = 6.179370880126953
loss_value = 1.0
step = 2630
value_mean = -1.0
