entropy_mean = 4.528140068054199
loss_policy = 4.8907623291015625
loss_total = 11.737683296203613
loss_value = 0.9999788999557495
step = 704
value_mean = -0.9999830722808838
