entropy_mean = 3.5894312858581543
loss_policy = 4.017312526702881
loss_total = 10.274190902709961
loss_value = 1.0
step = 1133
value_mean = 1.0
