entropy_mean = 2.3553974628448486
loss_policy = 2.3083834648132324
loss_total = 8.275876998901367
loss_value = 1.0234367847442627
step = 1483
value_mean = 0.9999994039535522
