entropy_mean = 1.4242628812789917
loss_policy = 1.734680414199829
loss_total = 6.551612854003906
loss_value = 1.0
step = 2489
value_mean = -1.0
