entropy_mean = 4.756377220153809
loss_policy = 5.278301239013672
loss_total = 12.345536231994629
loss_value = 0.9999995231628418
step = 585
value_mean = -0.9999993443489075
