entropy_mean = 4.13277006149292
loss_policy = 4.841431617736816
loss_total = 11.43667984008789
loss_value = 1.0234375
step = 879
value_mean = -1.0
