entropy_mean = 1.7313305139541626
loss_policy = 1.7914137840270996
loss_total = 6.779657363891602
loss_value = 1.0
step = 2356
value_mean = -1.0
