entropy_mean = 3.3944973945617676
loss_policy = 3.5576884746551514
loss_total = 9.673255920410156
loss_value = 0.9176555275917053
step = 1193
value_mean = -0.3186910152435303
