entropy_mean = 2.5353798866271973
loss_policy = 2.660348892211914
loss_total = 8.660848617553711
loss_value = 1.023437261581421
step = 1451
value_mean = 0.9999998211860657
