entropy_mean = 1.6475602388381958
loss_policy = 1.9313507080078125
loss_total = 7.304620742797852
loss_value = 1.015625
step = 2033
value_mean = -1.0
