entropy_mean = 5.171089172363281
loss_policy = 5.658434867858887
loss_total = 13.056316375732422
loss_value = 1.0
step = 426
value_mean = -1.0
