entropy_mean = 1.5167380571365356
loss_policy = 1.8969151973724365
loss_total = 7.497438430786133
loss_value = 1.015616774559021
step = 1824
value_mean = 0.9999959468841553
