entropy_mean = 5.755921363830566
loss_policy = 6.3265509605407715
loss_total = 13.429248809814453
loss_value = 0.3084338307380676
step = 116
value_mean = 0.13247846066951752
