entropy_mean = 5.5013346672058105
loss_policy = 5.850140571594238
loss_total = 13.606964111328125
loss_value = 0.9999997019767761
step = 175
value_mean = -0.9999998807907104
