entropy_mean = 1.4856221675872803
loss_policy = 1.5730023384094238
loss_total = 6.661551475524902
loss_value = 0.9921875
step = 2265
value_mean = -1.0
