entropy_mean = 1.4387638568878174
loss_policy = 1.6529648303985596
loss_total = 6.852686405181885
loss_value = 1.0234375
step = 2195
value_mean = -1.0
