entropy_mean = 1.4545477628707886
loss_policy = 1.4751503467559814
loss_total = 6.202436447143555
loss_value = 0.9921875
step = 2556
value_mean = -1.0
