entropy_mean = 1.4864304065704346
loss_policy = 1.618356466293335
loss_total = 6.617898464202881
loss_value = 1.0
step = 2347
value_mean = -1.0
