entropy_mean = 2.24631929397583
loss_policy = 2.5889081954956055
loss_total = 8.52906608581543
loss_value = 0.9999988079071045
step = 1487
value_mean = 0.999999463558197
