entropy_mean = 2.4025707244873047
loss_policy = 2.29435658454895
loss_total = 8.126836776733398
loss_value = 1.0234336853027344
step = 1616
value_mean = 0.9999979734420776
