entropy_mean = 4.919106960296631
loss_policy = 5.518353462219238
loss_total = 13.014677047729492
loss_value = 1.0
step = 369
value_mean = -1.0
