entropy_mean = 1.4476451873779297
loss_policy = 1.661583662033081
loss_total = 6.417834281921387
loss_value = 0.9921875
step = 2531
value_mean = -1.0
