entropy_mean = 1.5969319343566895
loss_policy = 1.6585391759872437
loss_total = 6.966165065765381
loss_value = 1.0
step = 2077
value_mean = -1.0
