entropy_mean = 5.192821502685547
loss_policy = 5.824317455291748
loss_total = 13.299995422363281
loss_value = 1.046875
step = 406
value_mean = -1.0
