entropy_mean = 1.5657919645309448
loss_policy = 1.8354755640029907
loss_total = 7.1044206619262695
loss_value = 1.0
step = 2110
value_mean = -1.0
