entropy_mean = 5.210575580596924
loss_policy = 5.4906840324401855
loss_total = 12.95871639251709
loss_value = 1.015625
step = 394
value_mean = -1.0
