entropy_mean = 2.7586617469787598
loss_policy = 2.800933837890625
loss_total = 8.79165267944336
loss_value = 0.9181987047195435
step = 1334
value_mean = 0.6183034181594849
