entropy_mean = 2.0778214931488037
loss_policy = 2.219712734222412
loss_total = 8.02790641784668
loss_value = 1.0156219005584717
step = 1632
value_mean = 0.9999983310699463
