entropy_mean = 4.223994731903076
loss_policy = 4.479395866394043
loss_total = 10.960402488708496
loss_value = 0.9921804070472717
step = 945
value_mean = -0.9999949932098389
