entropy_mean = 1.5254626274108887
loss_policy = 1.6708416938781738
loss_total = 6.823527812957764
loss_value = 1.0
step = 2217
value_mean = -1.0
