entropy_mean = 2.1048641204833984
loss_policy = 2.239783763885498
loss_total = 7.907814979553223
loss_value = 0.9999915361404419
step = 1750
value_mean = 0.9999962449073792
