entropy_mean = 4.255316734313965
loss_policy = 4.431328296661377
loss_total = 10.933700561523438
loss_value = 1.0234334468841553
step = 953
value_mean = -0.9999986886978149
