entropy_mean = 1.626794695854187
loss_policy = 1.7096221446990967
loss_total = 6.835187911987305
loss_value = 1.0
step = 2240
value_mean = -1.0
