entropy_mean = 4.49815559387207
loss_policy = 4.8058552742004395
loss_total = 11.397614479064941
loss_value = 0.9999977350234985
step = 867
value_mean = -0.9999982714653015
