entropy_mean = 1.4790472984313965
loss_policy = 1.5081205368041992
loss_total = 5.929410934448242
loss_value = 1.0
step = 2824
value_mean = -1.0
