entropy_mean = 5.727338790893555
loss_policy = 5.923346996307373
loss_total = 13.715497970581055
loss_value = 0.9771854877471924
step = 32
value_mean = 0.9166001677513123
