entropy_mean = 3.5063204765319824
loss_policy = 3.6834449768066406
loss_total = 9.798700332641602
loss_value = 0.915434718132019
step = 1191
value_mean = -0.5578999519348145
