entropy_mean = 1.4192782640457153
loss_policy = 1.4413139820098877
loss_total = 5.917771339416504
loss_value = 1.0625
step = 2830
value_mean = -1.0
