entropy_mean = 1.5012723207473755
loss_policy = 1.412319302558899
loss_total = 6.579591751098633
loss_value = 1.0234375
step = 2225
value_mean = -1.0
