entropy_mean = 4.671450614929199
loss_policy = 4.931059837341309
loss_total = 12.013277053833008
loss_value = 0.9999997019767761
step = 578
value_mean = -0.9999998211860657
