entropy_mean = 1.5490449666976929
loss_policy = 1.5789376497268677
loss_total = 6.571300506591797
loss_value = 1.03125
step = 2380
value_mean = -1.0
