entropy_mean = 1.6194578409194946
loss_policy = 1.7882325649261475
loss_total = 7.321382522583008
loss_value = 0.9999517202377319
step = 1871
value_mean = 0.999979555606842
