entropy_mean = 4.6062469482421875
loss_policy = 5.445705890655518
loss_total = 12.596303939819336
loss_value = 1.046874761581421
step = 566
value_mean = -0.9999998807907104
