entropy_mean = 1.418038249015808
loss_policy = 1.6858848333358765
loss_total = 6.678798675537109
loss_value = 0.984375
step = 2339
value_mean = -1.0
