entropy_mean = 2.2896273136138916
loss_policy = 2.32183837890625
loss_total = 8.049426078796387
loss_value = 0.9921862483024597
step = 1689
value_mean = 0.9999993443489075
