entropy_mean = 4.50710391998291
loss_policy = 4.873948097229004
loss_total = 11.77194595336914
loss_value = 1.0468528270721436
step = 702
value_mean = -0.9999927282333374
