entropy_mean = 4.160185813903809
loss_policy = 5.110618591308594
loss_total = 11.893211364746094
loss_value = 1.0234375
step = 751
value_mean = -1.0
