entropy_mean = 3.2358367443084717
loss_policy = 3.4946489334106445
loss_total = 9.647089958190918
loss_value = 0.9297690391540527
step = 1169
value_mean = 0.7928987741470337
