entropy_mean = 4.663785934448242
loss_policy = 5.018310546875
loss_total = 11.94959545135498
loss_value = 1.0
step = 656
value_mean = -1.0
