entropy_mean = 4.698511123657227
loss_policy = 4.933156490325928
loss_total = 11.812918663024902
loss_value = 0.9999988079071045
step = 686
value_mean = -0.9999991655349731
