entropy_mean = 1.3294410705566406
loss_policy = 1.601069450378418
loss_total = 6.596657752990723
loss_value = 1.015625
step = 2363
value_mean = -1.0
