entropy_mean = 1.5493862628936768
loss_policy = 1.6652963161468506
loss_total = 6.45672607421875
loss_value = 1.0
step = 2510
value_mean = -1.0
