entropy_mean = 1.4666404724121094
loss_policy = 1.595271110534668
loss_total = 6.316708087921143
loss_value = 1.015625
step = 2583
value_mean = -1.0
