entropy_mean = 5.866718292236328
loss_policy = 5.948247909545898
loss_total = 13.634536743164062
loss_value = 1.0234315395355225
step = 260
value_mean = -0.9999959468841553
