entropy_mean = 4.389120101928711
loss_policy = 5.171652793884277
loss_total = 11.929178237915039
loss_value = 1.0
step = 752
value_mean = -1.0
