entropy_mean = 5.345795631408691
loss_policy = 6.035140037536621
loss_total = 13.764086723327637
loss_value = 0.9999997615814209
step = 209
value_mean = -0.9999998807907104
