entropy_mean = 3.636863946914673
loss_policy = 3.529853343963623
loss_total = 9.641439437866211
loss_value = 0.881068766117096
step = 1161
value_mean = -0.23089922964572906
