entropy_mean = 1.977286696434021
loss_policy = 2.2927539348602295
loss_total = 7.989272117614746
loss_value = 0.999992311000824
step = 1724
value_mean = 0.9999962449073792
