entropy_mean = 5.391627311706543
loss_policy = 5.9482879638671875
loss_total = 13.746736526489258
loss_value = 1.0156238079071045
step = 142
value_mean = -0.9999995827674866
