entropy_mean = 4.333230018615723
loss_policy = 5.5794830322265625
loss_total = 12.799225807189941
loss_value = 1.023437261581421
step = 525
value_mean = -0.9999999403953552
