entropy_mean = 4.826144218444824
loss_policy = 5.237884521484375
loss_total = 12.602278709411621
loss_value = 1.0
step = 447
value_mean = -1.0
