entropy_mean = 3.9266343116760254
loss_policy = 5.10643196105957
loss_total = 12.019346237182617
loss_value = 1.0468688011169434
step = 694
value_mean = -0.9999964237213135
