entropy_mean = 3.257094383239746
loss_policy = 3.263880491256714
loss_total = 9.345742225646973
loss_value = 0.9790447354316711
step = 1296
value_mean = 0.6212774515151978
