entropy_mean = 1.5428882837295532
loss_policy = 1.6538472175598145
loss_total = 6.223267078399658
loss_value = 1.015625
step = 2711
value_mean = -1.0
