entropy_mean = 3.068225383758545
loss_policy = 3.296285390853882
loss_total = 9.238645553588867
loss_value = 0.7862199544906616
step = 1236
value_mean = -0.44924837350845337
