entropy_mean = 2.6434969902038574
loss_policy = 2.9291043281555176
loss_total = 8.934541702270508
loss_value = 0.9999995231628418
step = 1424
value_mean = 0.9999998807907104
