entropy_mean = 1.6922738552093506
loss_policy = 2.0244226455688477
loss_total = 7.552075386047363
loss_value = 0.9999775886535645
step = 1876
value_mean = 0.9999897480010986
