entropy_mean = 1.6964530944824219
loss_policy = 1.8433313369750977
loss_total = 7.320368766784668
loss_value = 0.992168128490448
step = 1913
value_mean = 0.9999896883964539
