entropy_mean = 1.6109321117401123
loss_policy = 1.6906046867370605
loss_total = 6.813158988952637
loss_value = 1.0390625
step = 2275
value_mean = -1.0
