entropy_mean = 3.9023847579956055
loss_policy = 4.801939487457275
loss_total = 11.336116790771484
loss_value = 1.0234347581863403
step = 926
value_mean = -0.999997615814209
