entropy_mean = 4.820564270019531
loss_policy = 5.605273246765137
loss_total = 13.049795150756836
loss_value = 1.0
step = 398
value_mean = -1.0
