entropy_mean = 1.506248116493225
loss_policy = 1.4464476108551025
loss_total = 5.821845054626465
loss_value = 0.9921875
step = 2855
value_mean = -1.0
