entropy_mean = 4.510025978088379
loss_policy = 4.953902244567871
loss_total = 11.716070175170898
loss_value = 1.0234375
step = 764
value_mean = -1.0
