entropy_mean = 1.402808666229248
loss_policy = 1.6454471349716187
loss_total = 6.31455135345459
loss_value = 1.0390625
step = 2647
value_mean = -1.0
