entropy_mean = 4.760156631469727
loss_policy = 6.182708740234375
loss_total = 13.807303428649902
loss_value = 1.02341628074646
step = 307
value_mean = -0.9999921321868896
