entropy_mean = 2.612305164337158
loss_policy = 2.4093713760375977
loss_total = 8.404894828796387
loss_value = 0.9999994039535522
step = 1434
value_mean = 0.9999995231628418
