entropy_mean = 4.9442925453186035
loss_policy = 5.26159143447876
loss_total = 12.509002685546875
loss_value = 0.9921872615814209
step = 497
value_mean = -0.9999998807907104
