entropy_mean = 1.4838476181030273
loss_policy = 1.664628028869629
loss_total = 6.947037220001221
loss_value = 0.9921875
step = 2093
value_mean = -1.0
