entropy_mean = 5.713594913482666
loss_policy = 5.8137431144714355
loss_total = 13.260420799255371
loss_value = 0.6460120677947998
step = 92
value_mean = 0.8317021131515503
