entropy_mean = 2.2090206146240234
loss_policy = 2.454171895980835
loss_total = 8.33493423461914
loss_value = 1.023434042930603
step = 1568
value_mean = 0.9999982118606567
