entropy_mean = 2.3686485290527344
loss_policy = 2.845372200012207
loss_total = 8.871147155761719
loss_value = 1.0234359502792358
step = 1427
value_mean = 0.9999991059303284
