entropy_mean = 5.614086627960205
loss_policy = 5.890193939208984
loss_total = 13.634187698364258
loss_value = 0.9999995231628418
step = 192
value_mean = -0.9999997615814209
