entropy_mean = 3.4084949493408203
loss_policy = 3.467603921890259
loss_total = 9.429815292358398
loss_value = 0.7807695269584656
step = 1210
value_mean = -0.1641363799571991
