entropy_mean = 1.4071035385131836
loss_policy = 1.5829130411148071
loss_total = 6.573336601257324
loss_value = 0.9921875
step = 2348
value_mean = -1.0
