entropy_mean = 1.9722539186477661
loss_policy = 2.177582025527954
loss_total = 7.827452659606934
loss_value = 0.9999943971633911
step = 1768
value_mean = 0.9999973773956299
