entropy_mean = 4.621804237365723
loss_policy = 5.558025360107422
loss_total = 12.976537704467773
loss_value = 1.0234375
step = 428
value_mean = -1.0
