entropy_mean = 5.727168083190918
loss_policy = 5.966036796569824
loss_total = 13.745559692382812
loss_value = 1.023437261581421
step = 176
value_mean = -0.9999998807907104
