entropy_mean = 2.7306323051452637
loss_policy = 3.085218906402588
loss_total = 9.029107093811035
loss_value = 0.9921873211860657
step = 1475
value_mean = 0.9999998807907104
