entropy_mean = 1.602249264717102
loss_policy = 1.6200029850006104
loss_total = 6.906513690948486
loss_value = 1.0
step = 2096
value_mean = -1.0
