entropy_mean = 1.3992663621902466
loss_policy = 1.7031779289245605
loss_total = 6.3422722816467285
loss_value = 0.9921875
step = 2631
value_mean = -1.0
