entropy_mean = 1.547600269317627
loss_policy = 1.617016077041626
loss_total = 6.014817237854004
loss_value = 1.046875
step = 2882
value_mean = -1.0
