entropy_mean = 4.4043450355529785
loss_policy = 5.335338592529297
loss_total = 12.71450138092041
loss_value = 1.0
step = 438
value_mean = -1.0
