entropy_mean = 1.4544343948364258
loss_policy = 1.6289255619049072
loss_total = 6.480906009674072
loss_value = 1.0
step = 2463
value_mean = -1.0
