entropy_mean = 4.445267677307129
loss_policy = 5.444372177124023
loss_total = 12.936676025390625
loss_value = 1.0234375
step = 384
value_mean = -1.0
