entropy_mean = 4.574747085571289
loss_policy = 5.285220146179199
loss_total = 12.479816436767578
loss_value = 0.9999996423721313
step = 526
value_mean = -0.9999998807907104
