entropy_mean = 5.259680271148682
loss_policy = 5.875641822814941
loss_total = 13.578847885131836
loss_value = 0.9999984502792358
step = 230
value_mean = -0.9999993443489075
