entropy_mean = 1.8898272514343262
loss_policy = 1.9995472431182861
loss_total = 7.633325576782227
loss_value = 1.0156030654907227
step = 1796
value_mean = 0.9999904632568359
