entropy_mean = 1.4989581108093262
loss_policy = 1.502805233001709
loss_total = 6.046784400939941
loss_value = 1.0234375
step = 2739
value_mean = -1.0
