entropy_mean = 4.40250825881958
loss_policy = 4.714142322540283
loss_total = 11.243667602539062
loss_value = 1.0234270095825195
step = 930
value_mean = -0.9999926686286926
