entropy_mean = 1.4297049045562744
loss_policy = 1.5460526943206787
loss_total = 5.913715362548828
loss_value = 1.0
step = 2868
value_mean = -1.0
