entropy_mean = 4.596449375152588
loss_policy = 5.320895195007324
loss_total = 12.479273796081543
loss_value = 0.9999999403953552
step = 542
value_mean = -1.0
