entropy_mean = 1.514237642288208
loss_policy = 1.6458886861801147
loss_total = 6.927140235900879
loss_value = 0.9921875
step = 2094
value_mean = -1.0
