entropy_mean = 1.4836475849151611
loss_policy = 1.690039873123169
loss_total = 6.3152971267700195
loss_value = 1.0234375
step = 2670
value_mean = -1.0
