entropy_mean = 1.4108697175979614
loss_policy = 1.4180083274841309
loss_total = 6.204784393310547
loss_value = 1.0
step = 2514
value_mean = -1.0
