entropy_mean = 1.6069141626358032
loss_policy = 1.6255905628204346
loss_total = 6.508920669555664
loss_value = 1.0234375
step = 2457
value_mean = -1.0
