entropy_mean = 2.0588598251342773
loss_policy = 2.479257345199585
loss_total = 8.34026050567627
loss_value = 1.023435354232788
step = 1588
value_mean = 0.999998927116394
