entropy_mean = 1.5212788581848145
loss_policy = 1.730660319328308
loss_total = 6.744775772094727
loss_value = 1.0234375
step = 2354
value_mean = -1.0
