entropy_mean = 4.597163677215576
loss_policy = 5.680339813232422
loss_total = 13.188206672668457
loss_value = 1.0859375
step = 410
value_mean = -1.0
