entropy_mean = 2.976959705352783
loss_policy = 3.174996852874756
loss_total = 9.307558059692383
loss_value = 1.0156211853027344
step = 1278
value_mean = 0.999999463558197
