entropy_mean = 5.731250762939453
loss_policy = 5.89483642578125
loss_total = 13.200187683105469
loss_value = 0.5085790157318115
step = 107
value_mean = -0.7327053546905518
