entropy_mean = 2.082085132598877
loss_policy = 2.1300551891326904
loss_total = 7.894162654876709
loss_value = 1.0234352350234985
step = 1684
value_mean = 0.999998927116394
