entropy_mean = 2.575749397277832
loss_policy = 2.976806163787842
loss_total = 8.969005584716797
loss_value = 0.9999979138374329
step = 1437
value_mean = 0.999998927116394
