entropy_mean = 1.6749062538146973
loss_policy = 1.6923491954803467
loss_total = 6.899057388305664
loss_value = 1.0
step = 2166
value_mean = -1.0
