entropy_mean = 1.4638029336929321
loss_policy = 1.6636204719543457
loss_total = 6.7622809410095215
loss_value = 1.0234375
step = 2282
value_mean = -1.0
