entropy_mean = 1.389161467552185
loss_policy = 1.666313648223877
loss_total = 6.207267761230469
loss_value = 0.9921875
step = 2715
value_mean = -1.0
