entropy_mean = 1.6176135540008545
loss_policy = 1.7461497783660889
loss_total = 7.289473056793213
loss_value = 0.9999505877494812
step = 1862
value_mean = 0.9999771118164062
