entropy_mean = 5.843808174133301
loss_policy = 6.066740036010742
loss_total = 13.863716125488281
loss_value = 0.9809094071388245
step = 26
value_mean = 0.9785445928573608
