entropy_mean = 2.4700989723205566
loss_policy = 2.2716410160064697
loss_total = 8.096092224121094
loss_value = 0.9999992251396179
step = 1601
value_mean = 0.9999996423721313
