entropy_mean = 2.131721258163452
loss_policy = 2.378199815750122
loss_total = 8.2244234085083
loss_value = 1.015623927116394
step = 1595
value_mean = 0.9999994039535522
