entropy_mean = 1.531609296798706
loss_policy = 1.576521873474121
loss_total = 6.674613952636719
loss_value = 1.046875
step = 2305
value_mean = -1.0
