entropy_mean = 2.9348230361938477
loss_policy = 2.9800400733947754
loss_total = 8.9412841796875
loss_value = 0.9177567362785339
step = 1379
value_mean = -0.9033963680267334
