entropy_mean = 5.083595275878906
loss_policy = 5.771840572357178
loss_total = 13.460363388061523
loss_value = 0.9921851754188538
step = 235
value_mean = -0.9999985694885254
