entropy_mean = 2.509711503982544
loss_policy = 3.0380563735961914
loss_total = 9.164046287536621
loss_value = 1.0173046588897705
step = 1288
value_mean = 0.9823227524757385
