entropy_mean = 5.804575443267822
loss_policy = 6.5435991287231445
loss_total = 14.153045654296875
loss_value = 0.9999655485153198
step = 299
value_mean = -0.9999843835830688
