entropy_mean = 5.37262487411499
loss_policy = 5.794126510620117
loss_total = 12.891511917114258
loss_value = 0.2979760766029358
step = 97
value_mean = 0.39375951886177063
