entropy_mean = 4.745600700378418
loss_policy = 4.99156379699707
loss_total = 11.913818359375
loss_value = 0.9999995827674866
step = 661
value_mean = -0.9999998807907104
