entropy_mean = 4.2811384201049805
loss_policy = 5.188065052032471
loss_total = 11.995288848876953
loss_value = 0.9961054921150208
step = 722
value_mean = -0.9950774312019348
