entropy_mean = 5.611879825592041
loss_policy = 5.965573310852051
loss_total = 13.69857406616211
loss_value = 0.9921870827674866
step = 196
value_mean = -0.9999997615814209
