entropy_mean = 1.6996498107910156
loss_policy = 1.8731491565704346
loss_total = 7.317882537841797
loss_value = 0.9997945427894592
step = 1953
value_mean = 0.9998806715011597
