entropy_mean = 5.548200607299805
loss_policy = 5.915886878967285
loss_total = 13.723945617675781
loss_value = 0.9924901723861694
step = 29
value_mean = 0.9513218402862549
