entropy_mean = 5.213364601135254
loss_policy = 5.989761829376221
loss_total = 13.7496976852417
loss_value = 1.0234371423721313
step = 201
value_mean = -0.9999997615814209
