entropy_mean = 5.434499740600586
loss_policy = 6.186882972717285
loss_total = 13.922338485717773
loss_value = 1.015623927116394
step = 217
value_mean = -0.999999463558197
