entropy_mean = 2.222580909729004
loss_policy = 2.5000388622283936
loss_total = 8.459207534790039
loss_value = 0.9999994039535522
step = 1468
value_mean = 0.9999996423721313
