entropy_mean = 2.5189967155456543
loss_policy = 2.6585259437561035
loss_total = 8.160050392150879
loss_value = 0.44959527254104614
step = 1362
value_mean = -0.25335341691970825
