entropy_mean = 1.5901281833648682
loss_policy = 1.7952642440795898
loss_total = 7.056726932525635
loss_value = 1.0234375
step = 2139
value_mean = -1.0
