entropy_mean = 4.274737358093262
loss_policy = 4.1492719650268555
loss_total = 10.503296852111816
loss_value = 0.9999859929084778
step = 1045
value_mean = -0.9999963045120239
