entropy_mean = 4.763067245483398
loss_policy = 4.950439453125
loss_total = 11.835664749145508
loss_value = 0.992177426815033
step = 678
value_mean = -0.9999904632568359
