entropy_mean = 5.563695430755615
loss_policy = 5.809751987457275
loss_total = 13.2418212890625
loss_value = 0.6204573512077332
step = 46
value_mean = 0.2233457863330841
