entropy_mean = 4.574880599975586
loss_policy = 4.820389747619629
loss_total = 11.582948684692383
loss_value = 1.0
step = 749
value_mean = -1.0
