entropy_mean = 1.5517501831054688
loss_policy = 1.7676827907562256
loss_total = 7.140259265899658
loss_value = 1.0
step = 2019
value_mean = -1.0
