entropy_mean = 3.192844867706299
loss_policy = 4.261658191680908
loss_total = 10.547155380249023
loss_value = 1.0
step = 1103
value_mean = 1.0
