entropy_mean = 2.2860586643218994
loss_policy = 2.4013595581054688
loss_total = 8.348533630371094
loss_value = 0.9921865463256836
step = 1472
value_mean = 0.9999997019767761
