entropy_mean = 1.4298808574676514
loss_policy = 1.7686898708343506
loss_total = 6.947562217712402
loss_value = 0.9921875
step = 2185
value_mean = -1.0
