entropy_mean = 5.382594108581543
loss_policy = 5.340072154998779
loss_total = 12.696693420410156
loss_value = 0.9999997615814209
step = 451
value_mean = -0.9999998807907104
