entropy_mean = 1.413891077041626
loss_policy = 1.4957997798919678
loss_total = 5.90566873550415
loss_value = 1.0
step = 2833
value_mean = -1.0
