entropy_mean = 1.7430607080459595
loss_policy = 1.9617481231689453
loss_total = 7.363648891448975
loss_value = 0.9921875
step = 1986
value_mean = -1.0
