entropy_mean = 5.575390815734863
loss_policy = 6.282985687255859
loss_total = 14.054335594177246
loss_value = 0.955607533454895
step = 28
value_mean = 0.9397998452186584
