entropy_mean = 1.5742353200912476
loss_policy = 1.58915114402771
loss_total = 6.162546634674072
loss_value = 0.9921875
step = 2689
value_mean = -1.0
