entropy_mean = 4.640554904937744
loss_policy = 4.827640533447266
loss_total = 11.425433158874512
loss_value = 1.046874761581421
step = 894
value_mean = -0.9999998807907104
