entropy_mean = 1.633406639099121
loss_policy = 1.6588279008865356
loss_total = 6.7318596839904785
loss_value = 1.0
step = 2284
value_mean = -1.0
