entropy_mean = 4.495700359344482
loss_policy = 4.633090972900391
loss_total = 11.342981338500977
loss_value = 0.984375
step = 773
value_mean = -1.0
