entropy_mean = 4.279443740844727
loss_policy = 6.322280406951904
loss_total = 13.84746265411377
loss_value = 1.046875
step = 378
value_mean = -1.0
