entropy_mean = 1.4009780883789062
loss_policy = 1.3706846237182617
loss_total = 5.785116672515869
loss_value = 1.0234375
step = 2848
value_mean = -1.0
