entropy_mean = 1.5689454078674316
loss_policy = 1.5905754566192627
loss_total = 6.572887420654297
loss_value = 1.0
step = 2361
value_mean = -1.0
