entropy_mean = 1.4558312892913818
loss_policy = 1.627563238143921
loss_total = 6.5739850997924805
loss_value = 1.0
step = 2392
value_mean = -1.0
