entropy_mean = 1.6968910694122314
loss_policy = 1.614997386932373
loss_total = 6.324028015136719
loss_value = 0.984375
step = 2566
value_mean = -1.0
