entropy_mean = 1.5888071060180664
loss_policy = 1.6492359638214111
loss_total = 6.7681121826171875
loss_value = 0.9921875
step = 2239
value_mean = -1.0
