entropy_mean = 5.771610260009766
loss_policy = 5.834239959716797
loss_total = 13.62034797668457
loss_value = 0.9999945163726807
step = 138
value_mean = -0.9999986886978149
