entropy_mean = 1.4834965467453003
loss_policy = 1.7032482624053955
loss_total = 6.7668890953063965
loss_value = 1.0
step = 2293
value_mean = -1.0
