entropy_mean = 1.9835362434387207
loss_policy = 2.3542532920837402
loss_total = 8.17333698272705
loss_value = 1.0156232118606567
step = 1621
value_mean = 0.9999991655349731
