entropy_mean = 2.786397695541382
loss_policy = 3.010699987411499
loss_total = 9.03005313873291
loss_value = 0.9246818423271179
step = 1306
value_mean = -0.7712084650993347
