entropy_mean = 4.444912910461426
loss_policy = 5.104813575744629
loss_total = 12.102188110351562
loss_value = 1.0
step = 618
value_mean = -1.0
