entropy_mean = 1.4964101314544678
loss_policy = 1.4892690181732178
loss_total = 5.905869960784912
loss_value = 1.015625
step = 2840
value_mean = -1.0
