entropy_mean = 2.647986888885498
loss_policy = 2.568025588989258
loss_total = 8.48598861694336
loss_value = 0.9999995231628418
step = 1509
value_mean = 0.9999998211860657
