entropy_mean = 1.5181509256362915
loss_policy = 1.5814809799194336
loss_total = 7.003936290740967
loss_value = 1.0234375
step = 1996
value_mean = -1.0
