entropy_mean = 1.3591364622116089
loss_policy = 1.5742475986480713
loss_total = 6.5338006019592285
loss_value = 1.015625
step = 2394
value_mean = -1.0
