entropy_mean = 2.5329785346984863
loss_policy = 2.664747953414917
loss_total = 8.64285945892334
loss_value = 0.9921854734420776
step = 1443
value_mean = 0.9999992847442627
