entropy_mean = 2.713435173034668
loss_policy = 2.92673921585083
loss_total = 8.300454139709473
loss_value = 0.3312292695045471
step = 1381
value_mean = 0.9592254161834717
