entropy_mean = 1.7060580253601074
loss_policy = 1.9949378967285156
loss_total = 7.314808368682861
loss_value = 0.9921875
step = 2058
value_mean = -1.0
