entropy_mean = 3.6393027305603027
loss_policy = 3.9125897884368896
loss_total = 10.254987716674805
loss_value = 0.9999837875366211
step = 1054
value_mean = -0.999991774559021
