entropy_mean = 1.3197823762893677
loss_policy = 1.6978404521942139
loss_total = 6.927586555480957
loss_value = 1.0
step = 2146
value_mean = -1.0
