entropy_mean = 4.823224067687988
loss_policy = 5.493546009063721
loss_total = 12.770336151123047
loss_value = 1.0
step = 489
value_mean = -1.0
