entropy_mean = 2.9385478496551514
loss_policy = 2.98311710357666
loss_total = 8.94861125946045
loss_value = 0.9999995231628418
step = 1462
value_mean = 0.9999997615814209
