entropy_mean = 4.100002288818359
loss_policy = 4.168586254119873
loss_total = 10.585100173950195
loss_value = 0.9999996423721313
step = 998
value_mean = -0.9999997019767761
