entropy_mean = 1.5502519607543945
loss_policy = 1.624133825302124
loss_total = 6.596530914306641
loss_value = 1.0234375
step = 2390
value_mean = -1.0
