entropy_mean = 3.996025562286377
loss_policy = 4.605993270874023
loss_total = 10.980979919433594
loss_value = 0.9999939799308777
step = 1030
value_mean = -0.9999984502792358
