entropy_mean = 2.55416202545166
loss_policy = 2.6814732551574707
loss_total = 7.948326110839844
loss_value = 0.217250794172287
step = 1366
value_mean = -0.5195186138153076
