entropy_mean = 1.6280417442321777
loss_policy = 1.910318374633789
loss_total = 7.411441326141357
loss_value = 0.9921595454216003
step = 1892
value_mean = 0.9999885559082031
