entropy_mean = 5.278888702392578
loss_policy = 5.912661552429199
loss_total = 12.97485065460205
loss_value = 0.2688155472278595
step = 119
value_mean = 0.7678645849227905
