entropy_mean = 5.887394905090332
loss_policy = 5.775198936462402
loss_total = 13.523953437805176
loss_value = 1.0468735694885254
step = 231
value_mean = -0.9999990463256836
