entropy_mean = 1.5032641887664795
loss_policy = 1.558730959892273
loss_total = 6.439473628997803
loss_value = 1.0234375
step = 2459
value_mean = -1.0
