entropy_mean = 1.9106537103652954
loss_policy = 2.2055954933166504
loss_total = 7.897388458251953
loss_value = 1.070281744003296
step = 1793
value_mean = 0.9999857544898987
