entropy_mean = 1.5187501907348633
loss_policy = 1.6262391805648804
loss_total = 6.548079490661621
loss_value = 1.0
step = 2411
value_mean = -1.0
