entropy_mean = 2.580146074295044
loss_policy = 2.5374584197998047
loss_total = 8.438404083251953
loss_value = 0.9999992847442627
step = 1526
value_mean = 0.9999996423721313
