entropy_mean = 3.132772445678711
loss_policy = 3.246119976043701
loss_total = 9.327508926391602
loss_value = 0.8864695429801941
step = 1196
value_mean = 0.9357365965843201
