entropy_mean = 2.6729092597961426
loss_policy = 3.0489189624786377
loss_total = 8.984979629516602
loss_value = 0.8743385076522827
step = 1348
value_mean = 0.9745161533355713
