entropy_mean = 5.1738786697387695
loss_policy = 5.9979939460754395
loss_total = 13.099599838256836
loss_value = 0.3110194802284241
step = 129
value_mean = -0.9298534393310547
