entropy_mean = 3.413297176361084
loss_policy = 3.592644453048706
loss_total = 9.847671508789062
loss_value = 1.0
step = 1135
value_mean = 1.0
