entropy_mean = 5.094561576843262
loss_policy = 5.216283798217773
loss_total = 12.529479026794434
loss_value = 1.046875
step = 493
value_mean = -1.0
