entropy_mean = 5.4830827713012695
loss_policy = 5.800328254699707
loss_total = 13.516356468200684
loss_value = 0.9999978542327881
step = 220
value_mean = -0.9999991655349731
