entropy_mean = 4.268550395965576
loss_policy = 5.1369099617004395
loss_total = 12.079277038574219
loss_value = 0.9999998807907104
step = 650
value_mean = -0.9999999403953552
