entropy_mean = 1.8761632442474365
loss_policy = 2.030974864959717
loss_total = 7.693237781524658
loss_value = 0.9921712875366211
step = 1748
value_mean = 0.9999921321868896
