entropy_mean = 1.6566535234451294
loss_policy = 1.7083282470703125
loss_total = 6.681530952453613
loss_value = 1.0
step = 2369
value_mean = -1.0
