entropy_mean = 4.389474868774414
loss_policy = 5.217232704162598
loss_total = 12.488794326782227
loss_value = 0.9921846985816956
step = 488
value_mean = -0.9999986886978149
