entropy_mean = 4.746565341949463
loss_policy = 4.656517028808594
loss_total = 11.512306213378906
loss_value = 1.0703125
step = 737
value_mean = -1.0
