entropy_mean = 1.390071153640747
loss_policy = 1.6998053789138794
loss_total = 6.803411483764648
loss_value = 1.0
step = 2259
value_mean = -1.0
