entropy_mean = 3.0832507610321045
loss_policy = 3.4831669330596924
loss_total = 9.574508666992188
loss_value = 0.8905304670333862
step = 1190
value_mean = -0.4946770668029785
