entropy_mean = 2.10290789604187
loss_policy = 2.2405214309692383
loss_total = 8.062193870544434
loss_value = 1.0234339237213135
step = 1626
value_mean = 0.9999980926513672
