entropy_mean = 3.8281197547912598
loss_policy = 3.9893503189086914
loss_total = 10.226690292358398
loss_value = 0.9850518703460693
step = 1138
value_mean = 0.9967172145843506
