entropy_mean = 2.5746610164642334
loss_policy = 2.8301639556884766
loss_total = 8.811565399169922
loss_value = 0.9999997019767761
step = 1447
value_mean = 0.9999999403953552
