entropy_mean = 2.2239387035369873
loss_policy = 2.318819522857666
loss_total = 8.195539474487305
loss_value = 0.9999995827674866
step = 1550
value_mean = 0.9999997615814209
