entropy_mean = 1.6468745470046997
loss_policy = 1.7622030973434448
loss_total = 7.004578590393066
loss_value = 0.9921875
step = 2127
value_mean = -1.0
