entropy_mean = 1.5813319683074951
loss_policy = 1.7418859004974365
loss_total = 6.289471626281738
loss_value = 1.0
step = 2716
value_mean = -1.0
