entropy_mean = 5.692964553833008
loss_policy = 6.044223785400391
loss_total = 13.734489440917969
loss_value = 0.8774224519729614
step = 41
value_mean = -0.862419605255127
