entropy_mean = 1.4997215270996094
loss_policy = 1.6423457860946655
loss_total = 6.798534870147705
loss_value = 1.0
step = 2214
value_mean = -1.0
