entropy_mean = 4.679335117340088
loss_policy = 4.777876377105713
loss_total = 11.382757186889648
loss_value = 0.9999985098838806
step = 857
value_mean = -0.9999993443489075
