entropy_mean = 1.6700708866119385
loss_policy = 1.8487849235534668
loss_total = 7.299785137176514
loss_value = 0.9920889139175415
step = 1939
value_mean = 0.999948263168335
