entropy_mean = 4.9598307609558105
loss_policy = 6.040401935577393
loss_total = 13.832406997680664
loss_value = 1.0234375
step = 158
value_mean = -1.0
