entropy_mean = 1.3794686794281006
loss_policy = 1.6567014455795288
loss_total = 6.331525802612305
loss_value = 1.0390625
step = 2642
value_mean = -1.0
