entropy_mean = 4.592408657073975
loss_policy = 5.687255859375
loss_total = 12.912643432617188
loss_value = 1.0
step = 509
value_mean = -1.0
