entropy_mean = 2.7930748462677
loss_policy = 3.315150260925293
loss_total = 9.219049453735352
loss_value = 0.8250666260719299
step = 1325
value_mean = -0.31565824151039124
