entropy_mean = 4.986417770385742
loss_policy = 6.390664100646973
loss_total = 14.154993057250977
loss_value = 0.9999998807907104
step = 164
value_mean = -0.9999999403953552
