entropy_mean = 2.9161601066589355
loss_policy = 2.9573826789855957
loss_total = 9.090993881225586
loss_value = 1.0234373807907104
step = 1286
value_mean = 0.9999998807907104
