entropy_mean = 1.6020441055297852
loss_policy = 1.757478952407837
loss_total = 6.889559268951416
loss_value = 1.0234375
step = 2255
value_mean = -1.0
