entropy_mean = 2.1844866275787354
loss_policy = 2.253223180770874
loss_total = 8.027471542358398
loss_value = 0.9999963045120239
step = 1650
value_mean = 0.9999979734420776
