entropy_mean = 1.6221694946289062
loss_policy = 1.6534761190414429
loss_total = 6.943055152893066
loss_value = 1.015625
step = 2106
value_mean = -1.0
