entropy_mean = 4.5952348709106445
loss_policy = 5.4502272605896
loss_total = 12.458895683288574
loss_value = 1.0234375
step = 624
value_mean = -1.0
