entropy_mean = 1.3939658403396606
loss_policy = 1.5859018564224243
loss_total = 6.242724418640137
loss_value = 1.0
step = 2622
value_mean = -1.0
