entropy_mean = 6.069454669952393
loss_policy = 6.1273298263549805
loss_total = 12.990375518798828
loss_value = 0.06907161325216293
step = 117
value_mean = -0.7190700769424438
