entropy_mean = 1.6906671524047852
loss_policy = 1.750812292098999
loss_total = 7.256251811981201
loss_value = 0.9999690055847168
step = 1895
value_mean = 0.9999815225601196
