entropy_mean = 1.5950353145599365
loss_policy = 1.608046054840088
loss_total = 6.389897346496582
loss_value = 1.0234375
step = 2535
value_mean = -1.0
