entropy_mean = 4.994823455810547
loss_policy = 5.344420433044434
loss_total = 11.955817222595215
loss_value = 1.0
step = 851
value_mean = -0.9999998807907104
