entropy_mean = 1.347721815109253
loss_policy = 1.5810467004776
loss_total = 6.552202224731445
loss_value = 1.046875
step = 2409
value_mean = -1.0
