entropy_mean = 1.7389183044433594
loss_policy = 1.9328560829162598
loss_total = 7.576999664306641
loss_value = 0.9999884963035583
step = 1773
value_mean = 0.9999937415122986
