entropy_mean = 4.043579578399658
loss_policy = 4.474210739135742
loss_total = 11.023176193237305
loss_value = 1.023437261581421
step = 914
value_mean = -1.0
