entropy_mean = 1.377920389175415
loss_policy = 1.4556357860565186
loss_total = 6.824225425720215
loss_value = 1.0
step = 2023
value_mean = -1.0
