entropy_mean = 1.9096978902816772
loss_policy = 1.831946611404419
loss_total = 7.29349946975708
loss_value = 0.9999261498451233
step = 1936
value_mean = 0.999964714050293
