entropy_mean = 2.5041370391845703
loss_policy = 2.6201024055480957
loss_total = 8.550508499145508
loss_value = 0.9999993443489075
step = 1497
value_mean = 0.9999996423721313
