entropy_mean = 5.507219314575195
loss_policy = 6.032555103302002
loss_total = 13.750816345214844
loss_value = 1.0234333276748657
step = 236
value_mean = -0.9999979734420776
