entropy_mean = 2.9908952713012695
loss_policy = 2.8990793228149414
loss_total = 8.691300392150879
loss_value = 0.7228132486343384
step = 1338
value_mean = 0.3606453835964203
