entropy_mean = 3.65682053565979
loss_policy = 4.228774547576904
loss_total = 10.611507415771484
loss_value = 1.023431658744812
step = 1041
value_mean = -0.9999963045120239
