entropy_mean = 1.806351900100708
loss_policy = 1.7150434255599976
loss_total = 7.266026973724365
loss_value = 1.0155545473098755
step = 1869
value_mean = 0.9999587535858154
