entropy_mean = 4.54437780380249
loss_policy = 4.899505615234375
loss_total = 11.830423355102539
loss_value = 0.9921873807907104
step = 652
value_mean = -0.9999998807907104
