entropy_mean = 5.730229377746582
loss_policy = 6.0236053466796875
loss_total = 12.951425552368164
loss_value = 0.12973318994045258
step = 102
value_mean = -0.5465924143791199
