entropy_mean = 2.997361660003662
loss_policy = 3.1700451374053955
loss_total = 9.093311309814453
loss_value = 0.8402137756347656
step = 1320
value_mean = 0.13030199706554413
