entropy_mean = 4.4597272872924805
loss_policy = 5.8145222663879395
loss_total = 13.305355072021484
loss_value = 1.0234375
step = 385
value_mean = -1.0
