entropy_mean = 5.098620414733887
loss_policy = 5.675989151000977
loss_total = 13.346467971801758
loss_value = 0.9999948740005493
step = 254
value_mean = -0.999997615814209
