entropy_mean = 1.547743797302246
loss_policy = 1.675466775894165
loss_total = 6.4658355712890625
loss_value = 1.0234375
step = 2529
value_mean = -1.0
