entropy_mean = 1.446056842803955
loss_policy = 1.432922601699829
loss_total = 5.982174873352051
loss_value = 1.015625
step = 2728
value_mean = -1.0
