entropy_mean = 3.8352270126342773
loss_policy = 4.366328716278076
loss_total = 10.86431884765625
loss_value = 0.9999954104423523
step = 937
value_mean = -0.9999982118606567
