entropy_mean = 1.561905860900879
loss_policy = 1.8326746225357056
loss_total = 7.200044631958008
loss_value = 1.015625
step = 2038
value_mean = -1.0
