entropy_mean = 2.9484734535217285
loss_policy = 2.753652572631836
loss_total = 8.3531494140625
loss_value = 0.5236556529998779
step = 1329
value_mean = -0.9512338638305664
