entropy_mean = 2.518367290496826
loss_policy = 2.5189242362976074
loss_total = 8.491772651672363
loss_value = 0.9999997019767761
step = 1455
value_mean = 0.9999997615814209
