entropy_mean = 4.552780628204346
loss_policy = 5.014665603637695
loss_total = 11.720785140991211
loss_value = 1.0
step = 785
value_mean = -1.0
