entropy_mean = 1.4246199131011963
loss_policy = 1.4306268692016602
loss_total = 6.143460273742676
loss_value = 1.0234375
step = 2597
value_mean = -1.0
