entropy_mean = 1.2797025442123413
loss_policy = 1.7633452415466309
loss_total = 6.982393264770508
loss_value = 1.015625
step = 2169
value_mean = -1.0
