entropy_mean = 1.6714105606079102
loss_policy = 1.7447158098220825
loss_total = 6.78354024887085
loss_value = 1.0
step = 2315
value_mean = -1.0
