entropy_mean = 3.8307743072509766
loss_policy = 4.433554649353027
loss_total = 10.856319427490234
loss_value = 0.9999996423721313
step = 993
value_mean = -0.9999997615814209
