entropy_mean = 1.4647729396820068
loss_policy = 1.5067691802978516
loss_total = 5.845943450927734
loss_value = 1.0
step = 2893
value_mean = -1.0
