entropy_mean = 1.469231128692627
loss_policy = 1.7500410079956055
loss_total = 6.979060649871826
loss_value = 0.9921875
step = 2140
value_mean = -1.0
