entropy_mean = 1.9677127599716187
loss_policy = 2.1426336765289307
loss_total = 7.9222869873046875
loss_value = 0.9921824336051941
step = 1637
value_mean = 0.9999974966049194
