entropy_mean = 1.3951586484909058
loss_policy = 1.6746071577072144
loss_total = 6.536978244781494
loss_value = 1.0
step = 2455
value_mean = -1.0
