entropy_mean = 1.6378790140151978
loss_policy = 1.642640471458435
loss_total = 7.1487627029418945
loss_value = 1.0234147310256958
step = 1915
value_mean = 0.9999872446060181
