entropy_mean = 1.51841139793396
loss_policy = 1.6327437162399292
loss_total = 7.038775444030762
loss_value = 0.9921875
step = 1982
value_mean = -1.0
