entropy_mean = 4.3682684898376465
loss_policy = 4.565696716308594
loss_total = 11.313066482543945
loss_value = 1.0234375
step = 774
value_mean = -1.0
