entropy_mean = 1.7607567310333252
loss_policy = 1.9935470819473267
loss_total = 7.5050458908081055
loss_value = 1.023417353630066
step = 1910
value_mean = 0.9999929666519165
