entropy_mean = 1.6608757972717285
loss_policy = 1.8455989360809326
loss_total = 7.303472518920898
loss_value = 0.9998644590377808
step = 1940
value_mean = 0.9999101161956787
