entropy_mean = 1.498586654663086
loss_policy = 1.5383034944534302
loss_total = 6.5148820877075195
loss_value = 1.0
step = 2366
value_mean = -1.0
