entropy_mean = 3.781316041946411
loss_policy = 4.169326305389404
loss_total = 10.575265884399414
loss_value = 1.0077913999557495
step = 1013
value_mean = -0.9999883770942688
