entropy_mean = 3.427525520324707
loss_policy = 3.863717555999756
loss_total = 10.197025299072266
loss_value = 1.0234259366989136
step = 1083
value_mean = -0.9999963045120239
