entropy_mean = 1.4302964210510254
loss_policy = 1.452925205230713
loss_total = 6.56105899810791
loss_value = 0.9921875
step = 2249
value_mean = -1.0
