entropy_mean = 4.523136138916016
loss_policy = 5.440362930297852
loss_total = 12.444100379943848
loss_value = 1.0
step = 615
value_mean = -1.0
