entropy_mean = 2.5996346473693848
loss_policy = 2.7389354705810547
loss_total = 8.743363380432129
loss_value = 0.9999997615814209
step = 1425
value_mean = 0.9999998807907104
