entropy_mean = 2.578218698501587
loss_policy = 2.803778648376465
loss_total = 8.834996223449707
loss_value = 0.9999982118606567
step = 1397
value_mean = 0.9999988079071045
