entropy_mean = 2.812199592590332
loss_policy = 2.921811819076538
loss_total = 9.029746055603027
loss_value = 0.9871562123298645
step = 1274
value_mean = 0.9996827244758606
