entropy_mean = 1.4327093362808228
loss_policy = 1.5542649030685425
loss_total = 5.985208511352539
loss_value = 1.0
step = 2816
value_mean = -1.0
