entropy_mean = 1.7061556577682495
loss_policy = 2.332278251647949
loss_total = 8.15377140045166
loss_value = 0.9999988675117493
step = 1604
value_mean = 0.9999994039535522
