entropy_mean = 1.416607141494751
loss_policy = 1.539921522140503
loss_total = 6.4998979568481445
loss_value = 1.0
step = 2381
value_mean = -1.0
