entropy_mean = 1.9441286325454712
loss_policy = 2.0452775955200195
loss_total = 7.646421432495117
loss_value = 0.9999914169311523
step = 1810
value_mean = 0.9999959468841553
