entropy_mean = 1.547561526298523
loss_policy = 1.6171445846557617
loss_total = 6.727863311767578
loss_value = 1.015625
step = 2266
value_mean = -1.0
