entropy_mean = 3.253910541534424
loss_policy = 3.513221502304077
loss_total = 9.647392272949219
loss_value = 0.9270138740539551
step = 1184
value_mean = -0.9769301414489746
