entropy_mean = 3.0823986530303955
loss_policy = 3.4323153495788574
loss_total = 9.596132278442383
loss_value = 0.9854201078414917
step = 1213
value_mean = -0.9285461902618408
