entropy_mean = 1.634402871131897
loss_policy = 1.504669189453125
loss_total = 6.0031256675720215
loss_value = 1.0
step = 2757
value_mean = -1.0
