entropy_mean = 4.840330600738525
loss_policy = 5.17011833190918
loss_total = 12.343917846679688
loss_value = 0.9999995827674866
step = 536
value_mean = -0.9999999403953552
