entropy_mean = 2.16899037361145
loss_policy = 2.2610859870910645
loss_total = 8.092472076416016
loss_value = 1.0234324932098389
step = 1617
value_mean = 0.9999979734420776
