entropy_mean = 3.9088735580444336
loss_policy = 5.231739521026611
loss_total = 12.694355964660645
loss_value = 1.046875
step = 414
value_mean = -1.0
