entropy_mean = 2.20957088470459
loss_policy = 2.4817698001861572
loss_total = 8.370682716369629
loss_value = 0.9999969601631165
step = 1538
value_mean = 0.9999986886978149
