entropy_mean = 1.5013443231582642
loss_policy = 1.618712067604065
loss_total = 6.237480163574219
loss_value = 0.9921875
step = 2650
value_mean = -1.0
