entropy_mean = 5.6255412101745605
loss_policy = 5.709939002990723
loss_total = 13.293050765991211
loss_value = 0.9921383261680603
step = 316
value_mean = -0.9999723434448242
