entropy_mean = 1.6660993099212646
loss_policy = 1.642030954360962
loss_total = 6.8399786949157715
loss_value = 0.984375
step = 2160
value_mean = -1.0
