entropy_mean = 4.555625915527344
loss_policy = 5.419991493225098
loss_total = 12.988417625427246
loss_value = 1.0154736042022705
step = 341
value_mean = -0.9999419450759888
