entropy_mean = 2.057994842529297
loss_policy = 2.0894577503204346
loss_total = 7.836948394775391
loss_value = 1.0234296321868896
step = 1699
value_mean = 0.9999968409538269
