entropy_mean = 1.5395081043243408
loss_policy = 1.7083971500396729
loss_total = 6.758450984954834
loss_value = 1.0
step = 2306
value_mean = -1.0
