entropy_mean = 4.357643127441406
loss_policy = 6.3059234619140625
loss_total = 13.780942916870117
loss_value = 1.0
step = 380
value_mean = -1.0
