entropy_mean = 3.4967775344848633
loss_policy = 3.625764846801758
loss_total = 9.839738845825195
loss_value = 0.9825292825698853
step = 1160
value_mean = -0.5000731945037842
