entropy_mean = 4.383431434631348
loss_policy = 4.8362531661987305
loss_total = 11.775907516479492
loss_value = 1.0156238079071045
step = 660
value_mean = -0.9999996423721313
