entropy_mean = 1.4924628734588623
loss_policy = 1.6900749206542969
loss_total = 7.110405445098877
loss_value = 0.9934368133544922
step = 1969
value_mean = 0.9470878839492798
