entropy_mean = 2.5586166381835938
loss_policy = 2.535824775695801
loss_total = 8.455129623413086
loss_value = 1.0234332084655762
step = 1531
value_mean = 0.999996542930603
