entropy_mean = 1.5160059928894043
loss_policy = 1.5310721397399902
loss_total = 5.915432929992676
loss_value = 1.0
step = 2854
value_mean = -1.0
