entropy_mean = 4.677868366241455
loss_policy = 4.786543846130371
loss_total = 11.607566833496094
loss_value = 1.0234369039535522
step = 730
value_mean = -1.0
