entropy_mean = 4.419382572174072
loss_policy = 4.793168067932129
loss_total = 11.687971115112305
loss_value = 1.0234375
step = 691
value_mean = -0.9999999403953552
