entropy_mean = 1.4779767990112305
loss_policy = 1.643786907196045
loss_total = 6.073127746582031
loss_value = 1.0234375
step = 2836
value_mean = -1.0
