entropy_mean = 4.220972537994385
loss_policy = 4.9775919914245605
loss_total = 11.662422180175781
loss_value = 1.0234369039535522
step = 814
value_mean = -0.9999997615814209
