entropy_mean = 2.203411340713501
loss_policy = 2.349046230316162
loss_total = 8.249675750732422
loss_value = 1.015623927116394
step = 1542
value_mean = 0.9999993443489075
