entropy_mean = 4.476826190948486
loss_policy = 5.255356311798096
loss_total = 12.42153263092041
loss_value = 1.0
step = 539
value_mean = -1.0
