entropy_mean = 1.3101434707641602
loss_policy = 1.6302967071533203
loss_total = 6.110390663146973
loss_value = 1.0
step = 2773
value_mean = -1.0
