entropy_mean = 1.5370299816131592
loss_policy = 1.6004862785339355
loss_total = 6.337893962860107
loss_value = 1.046875
step = 2596
value_mean = -1.0
