entropy_mean = 5.04099178314209
loss_policy = 5.482420444488525
loss_total = 12.793210983276367
loss_value = 0.9999967217445374
step = 476
value_mean = -0.9999991059303284
