entropy_mean = 3.520146608352661
loss_policy = 3.8579225540161133
loss_total = 10.19378662109375
loss_value = 0.992173433303833
step = 1053
value_mean = -0.999995768070221
