entropy_mean = 2.492377758026123
loss_policy = 3.0078365802764893
loss_total = 8.723800659179688
loss_value = 0.637940526008606
step = 1326
value_mean = -0.6861951351165771
