entropy_mean = 1.503857135772705
loss_policy = 1.7374927997589111
loss_total = 6.46978759765625
loss_value = 1.0703125
step = 2618
value_mean = -1.0
