entropy_mean = 2.1931886672973633
loss_policy = 2.196331739425659
loss_total = 7.8524088859558105
loss_value = 0.9999948143959045
step = 1762
value_mean = 0.9999963045120239
