entropy_mean = 5.6544623374938965
loss_policy = 6.426641941070557
loss_total = 14.2079439163208
loss_value = 1.0156248807907104
step = 162
value_mean = -1.0
