entropy_mean = 5.6092729568481445
loss_policy = 5.983375072479248
loss_total = 13.694306373596191
loss_value = 0.9999979734420776
step = 224
value_mean = -0.9999991655349731
