entropy_mean = 2.189112901687622
loss_policy = 2.9989402294158936
loss_total = 8.982593536376953
loss_value = 1.0234371423721313
step = 1467
value_mean = 0.9999998807907104
