entropy_mean = 4.097682952880859
loss_policy = 4.117774486541748
loss_total = 10.465290069580078
loss_value = 0.9921785593032837
step = 1044
value_mean = -0.9999960064888
