entropy_mean = 4.484584331512451
loss_policy = 4.823132038116455
loss_total = 11.501002311706543
loss_value = 1.023437261581421
step = 819
value_mean = -0.9999998807907104
