entropy_mean = 3.11661434173584
loss_policy = 3.3014097213745117
loss_total = 9.262918472290039
loss_value = 0.79147869348526
step = 1222
value_mean = 0.8619186878204346
