entropy_mean = 4.403787612915039
loss_policy = 5.2843475341796875
loss_total = 12.385754585266113
loss_value = 0.9921874403953552
step = 563
value_mean = -1.0
