entropy_mean = 2.896540641784668
loss_policy = 3.2816529273986816
loss_total = 9.291141510009766
loss_value = 0.8513022661209106
step = 1234
value_mean = 0.24982032179832458
