entropy_mean = 3.8470726013183594
loss_policy = 4.610605239868164
loss_total = 11.055538177490234
loss_value = 0.9921873807907104
step = 971
value_mean = -1.0
