entropy_mean = 1.776532769203186
loss_policy = 1.8830149173736572
loss_total = 7.3007097244262695
loss_value = 0.9762670993804932
step = 1956
value_mean = 0.9998373985290527
