entropy_mean = 1.4744855165481567
loss_policy = 1.740814208984375
loss_total = 6.817141532897949
loss_value = 1.0
step = 2281
value_mean = -1.0
