entropy_mean = 3.5928642749786377
loss_policy = 4.060011386871338
loss_total = 10.408782005310059
loss_value = 0.9999796152114868
step = 1049
value_mean = -0.999983549118042
