entropy_mean = 1.2608280181884766
loss_policy = 1.407381534576416
loss_total = 5.930266380310059
loss_value = 1.0
step = 2737
value_mean = -1.0
