entropy_mean = 3.743831157684326
loss_policy = 3.8404903411865234
loss_total = 10.13205337524414
loss_value = 1.0
step = 1098
value_mean = 1.0
