entropy_mean = 4.382805824279785
loss_policy = 5.8593034744262695
loss_total = 13.180875778198242
loss_value = 0.984375
step = 461
value_mean = -1.0
