entropy_mean = 3.4761431217193604
loss_policy = 3.6668777465820312
loss_total = 9.977895736694336
loss_value = 0.9999774098396301
step = 1082
value_mean = -0.9999969005584717
