entropy_mean = 4.775163173675537
loss_policy = 5.096891403198242
loss_total = 11.786344528198242
loss_value = 1.0234373807907104
step = 811
value_mean = -0.9999998807907104
