entropy_mean = 1.4463677406311035
loss_policy = 1.5474764108657837
loss_total = 6.661033630371094
loss_value = 1.0
step = 2251
value_mean = -1.0
