entropy_mean = 4.871291160583496
loss_policy = 5.228912830352783
loss_total = 12.536284446716309
loss_value = 0.9921865463256836
step = 474
value_mean = -0.9999997019767761
