entropy_mean = 2.062765121459961
loss_policy = 2.186000347137451
loss_total = 7.947856426239014
loss_value = 0.9921822547912598
step = 1655
value_mean = 0.9999977946281433
