entropy_mean = 5.143395900726318
loss_policy = 5.930302619934082
loss_total = 13.652507781982422
loss_value = 0.9999986886978149
step = 215
value_mean = -0.9999992847442627
