entropy_mean = 2.7566452026367188
loss_policy = 2.9928739070892334
loss_total = 8.984703063964844
loss_value = 0.9027743935585022
step = 1313
value_mean = -0.27996939420700073
