entropy_mean = 4.632327079772949
loss_policy = 6.101940631866455
loss_total = 13.730693817138672
loss_value = 1.0234187841415405
step = 303
value_mean = -0.9999867677688599
