entropy_mean = 4.889123916625977
loss_policy = 5.207644939422607
loss_total = 12.728846549987793
loss_value = 1.0
step = 358
value_mean = -1.0
