entropy_mean = 3.0564351081848145
loss_policy = 3.132288932800293
loss_total = 9.138065338134766
loss_value = 0.9151373505592346
step = 1311
value_mean = -0.4059273600578308
