entropy_mean = 4.9247894287109375
loss_policy = 5.341756820678711
loss_total = 12.68856430053711
loss_value = 1.0
step = 456
value_mean = -1.0
