entropy_mean = 1.84828782081604
loss_policy = 1.731477975845337
loss_total = 7.283238410949707
loss_value = 0.9843593835830688
step = 1840
value_mean = 0.9999912977218628
