entropy_mean = 5.006203651428223
loss_policy = 5.656473159790039
loss_total = 13.111486434936523
loss_value = 0.9921875
step = 388
value_mean = -1.0
