entropy_mean = 1.4695961475372314
loss_policy = 1.5698540210723877
loss_total = 6.218713760375977
loss_value = 1.0234375
step = 2651
value_mean = -1.0
