entropy_mean = 1.3961143493652344
loss_policy = 1.6476529836654663
loss_total = 6.590319633483887
loss_value = 1.0
step = 2395
value_mean = -1.0
