entropy_mean = 2.410003662109375
loss_policy = 2.747513771057129
loss_total = 8.717013359069824
loss_value = 1.0156246423721313
step = 1473
value_mean = 0.9999998807907104
