entropy_mean = 1.5628948211669922
loss_policy = 1.6061350107192993
loss_total = 6.537204265594482
loss_value = 0.9921875
step = 2398
value_mean = -1.0
