entropy_mean = 1.4648302793502808
loss_policy = 1.6589758396148682
loss_total = 6.56692361831665
loss_value = 1.0
step = 2422
value_mean = -1.0
