entropy_mean = 1.3725566864013672
loss_policy = 1.6373286247253418
loss_total = 6.284027099609375
loss_value = 0.9921875
step = 2624
value_mean = -1.0
