entropy_mean = 2.2240309715270996
loss_policy = 2.5908679962158203
loss_total = 8.59642219543457
loss_value = 0.9921869039535522
step = 1416
value_mean = 0.9999997615814209
