entropy_mean = 5.655477523803711
loss_policy = 5.858926773071289
loss_total = 13.186563491821289
loss_value = 0.5192253589630127
step = 58
value_mean = -0.6635727882385254
