entropy_mean = 3.8212380409240723
loss_policy = 4.862858772277832
loss_total = 11.524482727050781
loss_value = 1.046875
step = 848
value_mean = -1.0
