entropy_mean = 1.8403966426849365
loss_policy = 2.1037886142730713
loss_total = 7.719288349151611
loss_value = 1.0156164169311523
step = 1811
value_mean = 0.9999955892562866
