entropy_mean = 2.142824649810791
loss_policy = 2.169740676879883
loss_total = 7.947380065917969
loss_value = 1.0156199932098389
step = 1663
value_mean = 0.9999973177909851
