entropy_mean = 2.5250635147094727
loss_policy = 3.0518455505371094
loss_total = 9.1742525100708
loss_value = 0.9343273639678955
step = 1203
value_mean = 0.46809205412864685
