entropy_mean = 5.675200939178467
loss_policy = 5.927821159362793
loss_total = 13.589103698730469
loss_value = 1.023430585861206
step = 276
value_mean = -0.9999948740005493
