entropy_mean = 4.180113792419434
loss_policy = 4.870307445526123
loss_total = 11.76330852508545
loss_value = 1.0234335660934448
step = 692
value_mean = -0.9999980926513672
