entropy_mean = 1.8514777421951294
loss_policy = 2.2613143920898438
loss_total = 7.971389293670654
loss_value = 0.9999930262565613
step = 1711
value_mean = 0.999996542930603
