entropy_mean = 2.0116748809814453
loss_policy = 2.3636765480041504
loss_total = 8.132928848266602
loss_value = 0.9921835660934448
step = 1647
value_mean = 0.9999979734420776
