entropy_mean = 3.6861302852630615
loss_policy = 4.732632637023926
loss_total = 11.388772010803223
loss_value = 1.0468745231628418
step = 853
value_mean = -0.9999997615814209
