entropy_mean = 1.9111874103546143
loss_policy = 1.8054360151290894
loss_total = 6.867281913757324
loss_value = 0.9921875
step = 2287
value_mean = -1.0
