entropy_mean = 1.6034281253814697
loss_policy = 1.6361247301101685
loss_total = 7.043110370635986
loss_value = 1.0234375
step = 2009
value_mean = -1.0
