entropy_mean = 2.0946693420410156
loss_policy = 2.0950355529785156
loss_total = 7.675394058227539
loss_value = 0.9921779632568359
step = 1821
value_mean = 0.9999948740005493
