entropy_mean = 2.084421157836914
loss_policy = 2.186642646789551
loss_total = 7.929328918457031
loss_value = 1.023432970046997
step = 1703
value_mean = 0.9999974370002747
