entropy_mean = 1.9057481288909912
loss_policy = 2.064234733581543
loss_total = 7.73637580871582
loss_value = 0.9999879598617554
step = 1746
value_mean = 0.9999945759773254
