entropy_mean = 4.203712463378906
loss_policy = 4.362759590148926
loss_total = 10.810552597045898
loss_value = 0.9921869039535522
step = 969
value_mean = -0.9999998807907104
