entropy_mean = 2.3841588497161865
loss_policy = 2.5682449340820312
loss_total = 8.564756393432617
loss_value = 0.999998152256012
step = 1433
value_mean = 0.9999994039535522
