entropy_mean = 1.423043966293335
loss_policy = 1.603387713432312
loss_total = 6.048149108886719
loss_value = 1.0
step = 2803
value_mean = -1.0
