entropy_mean = 4.877840042114258
loss_policy = 5.2575483322143555
loss_total = 12.444595336914062
loss_value = 1.0234375
step = 540
value_mean = -1.0
