entropy_mean = 4.676575660705566
loss_policy = 5.339212417602539
loss_total = 12.349250793457031
loss_value = 0.9999999403953552
step = 612
value_mean = -1.0
