entropy_mean = 1.4993375539779663
loss_policy = 1.6527462005615234
loss_total = 6.637415885925293
loss_value = 1.0
step = 2359
value_mean = -1.0
