entropy_mean = 3.54465913772583
loss_policy = 3.6270899772644043
loss_total = 9.785447120666504
loss_value = 0.9184939861297607
step = 1151
value_mean = -0.2733570337295532
