entropy_mean = 1.3804914951324463
loss_policy = 1.3000215291976929
loss_total = 5.647706985473633
loss_value = 0.9921875
step = 2878
value_mean = -1.0
