entropy_mean = 1.3799495697021484
loss_policy = 1.3934299945831299
loss_total = 5.804638862609863
loss_value = 1.0
step = 2832
value_mean = -1.0
