entropy_mean = 1.6202017068862915
loss_policy = 1.675568699836731
loss_total = 6.437663555145264
loss_value = 0.9921875
step = 2527
value_mean = -1.0
