entropy_mean = 2.0997419357299805
loss_policy = 2.380190849304199
loss_total = 8.204044342041016
loss_value = 0.9921860098838806
step = 1594
value_mean = 0.9999991059303284
