entropy_mean = 1.4195137023925781
loss_policy = 1.710806965827942
loss_total = 6.415438175201416
loss_value = 1.0
step = 2584
value_mean = -1.0
