entropy_mean = 1.4742372035980225
loss_policy = 1.5986366271972656
loss_total = 6.790647983551025
loss_value = 1.0234375
step = 2203
value_mean = -1.0
