entropy_mean = 4.533750534057617
loss_policy = 5.42450475692749
loss_total = 12.419649124145508
loss_value = 0.9999998807907104
step = 619
value_mean = -1.0
