entropy_mean = 1.4159703254699707
loss_policy = 1.4270411729812622
loss_total = 5.770442008972168
loss_value = 1.0
step = 2889
value_mean = -1.0
