entropy_mean = 4.142208099365234
loss_policy = 4.854984760284424
loss_total = 11.753591537475586
loss_value = 0.9921852350234985
step = 670
value_mean = -0.9999988675117493
