entropy_mean = 4.6276068687438965
loss_policy = 5.537339687347412
loss_total = 12.58416748046875
loss_value = 1.0234330892562866
step = 606
value_mean = -0.9999961256980896
