entropy_mean = 1.7777645587921143
loss_policy = 1.9792649745941162
loss_total = 7.7124433517456055
loss_value = 0.9999984502792358
step = 1691
value_mean = 0.9999992251396179
