entropy_mean = 1.594359278678894
loss_policy = 1.700775384902954
loss_total = 6.667353630065918
loss_value = 1.0
step = 2375
value_mean = -1.0
