entropy_mean = 1.354745864868164
loss_policy = 1.596196174621582
loss_total = 6.965782165527344
loss_value = 1.0
step = 2022
value_mean = -1.0
