entropy_mean = 1.4792628288269043
loss_policy = 1.6090283393859863
loss_total = 6.526088714599609
loss_value = 1.0078125
step = 2421
value_mean = -1.0
