entropy_mean = 4.553397178649902
loss_policy = 5.295690059661865
loss_total = 12.828092575073242
loss_value = 0.9956067800521851
step = 350
value_mean = -0.9926247596740723
