entropy_mean = 1.5708959102630615
loss_policy = 1.570567011833191
loss_total = 6.204067230224609
loss_value = 1.0
step = 2644
value_mean = -1.0
