entropy_mean = 1.349726915359497
loss_policy = 1.4831230640411377
loss_total = 5.946220874786377
loss_value = 1.0234375
step = 2808
value_mean = -1.0
