entropy_mean = 4.899652481079102
loss_policy = 5.297881126403809
loss_total = 12.451111793518066
loss_value = 0.9921874403953552
step = 541
value_mean = -1.0
