entropy_mean = 1.5463614463806152
loss_policy = 1.619011402130127
loss_total = 6.696491241455078
loss_value = 1.0
step = 2280
value_mean = -1.0
