entropy_mean = 1.642652988433838
loss_policy = 1.5199015140533447
loss_total = 5.980402946472168
loss_value = 1.0
step = 2790
value_mean = -1.0
