entropy_mean = 1.5193336009979248
loss_policy = 1.7678357362747192
loss_total = 6.776946544647217
loss_value = 0.9921875
step = 2332
value_mean = -1.0
