entropy_mean = 1.4239059686660767
loss_policy = 1.5680912733078003
loss_total = 6.4720458984375
loss_value = 0.9921875
step = 2419
value_mean = -1.0
