entropy_mean = 2.382685661315918
loss_policy = 2.6827516555786133
loss_total = 8.573637008666992
loss_value = 0.9999990463256836
step = 1536
value_mean = 0.9999995827674866
