entropy_mean = 1.7413909435272217
loss_policy = 1.7777153253555298
loss_total = 6.977777004241943
loss_value = 0.9921875
step = 2165
value_mean = -1.0
