entropy_mean = 2.475780963897705
loss_policy = 2.8328447341918945
loss_total = 8.851139068603516
loss_value = 0.9999993443489075
step = 1411
value_mean = 0.9999996423721313
