entropy_mean = 3.058105945587158
loss_policy = 3.029567241668701
loss_total = 9.15068531036377
loss_value = 0.9076083302497864
step = 1178
value_mean = 0.2589865028858185
