entropy_mean = 4.978188514709473
loss_policy = 5.27408504486084
loss_total = 12.513524055480957
loss_value = 0.9999998807907104
step = 503
value_mean = -0.9999999403953552
