entropy_mean = 5.364935398101807
loss_policy = 5.7734174728393555
loss_total = 13.457054138183594
loss_value = 0.999993622303009
step = 244
value_mean = -0.9999972581863403
