entropy_mean = 1.866638422012329
loss_policy = 2.0868611335754395
loss_total = 7.664995193481445
loss_value = 0.9999883770942688
step = 1830
value_mean = 0.9999926090240479
