entropy_mean = 5.774181365966797
loss_policy = 5.8125410079956055
loss_total = 13.570595741271973
loss_value = 0.9433058500289917
step = 33
value_mean = 0.8429731130599976
