entropy_mean = 1.5614562034606934
loss_policy = 1.6063323020935059
loss_total = 6.3718156814575195
loss_value = 1.0
step = 2530
value_mean = -1.0
