entropy_mean = 1.7292473316192627
loss_policy = 1.7486311197280884
loss_total = 6.786104202270508
loss_value = 1.0
step = 2316
value_mean = -1.0
