entropy_mean = 4.904166221618652
loss_policy = 6.596006870269775
loss_total = 14.088252067565918
loss_value = 1.015625
step = 379
value_mean = -1.0
