entropy_mean = 1.5619025230407715
loss_policy = 1.552922010421753
loss_total = 6.5789289474487305
loss_value = 1.0078125
step = 2331
value_mean = -1.0
