entropy_mean = 1.4700785875320435
loss_policy = 1.5323269367218018
loss_total = 6.1062235832214355
loss_value = 1.0390625
step = 2727
value_mean = -1.0
