entropy_mean = 2.5324277877807617
loss_policy = 2.524852752685547
loss_total = 8.358210563659668
loss_value = 0.9921861886978149
step = 1584
value_mean = 0.9999992251396179
