entropy_mean = 3.0473968982696533
loss_policy = 3.332925796508789
loss_total = 9.289390563964844
loss_value = 0.7993029356002808
step = 1235
value_mean = -0.26972416043281555
