entropy_mean = 2.095338821411133
loss_policy = 2.183527708053589
loss_total = 7.776650905609131
loss_value = 0.9843578338623047
step = 1804
value_mean = 0.9999906420707703
