entropy_mean = 1.3789818286895752
loss_policy = 1.6620774269104004
loss_total = 7.022964000701904
loss_value = 1.0234375
step = 2050
value_mean = -1.0
