entropy_mean = 1.438577651977539
loss_policy = 1.6530933380126953
loss_total = 6.478575706481934
loss_value = 1.0234375
step = 2501
value_mean = -1.0
