entropy_mean = 2.8440561294555664
loss_policy = 2.756068706512451
loss_total = 8.635900497436523
loss_value = 0.836840808391571
step = 1380
value_mean = -0.24284380674362183
