entropy_mean = 5.91948127746582
loss_policy = 6.073244094848633
loss_total = 13.860013961791992
loss_value = 0.9999828338623047
step = 137
value_mean = -0.9999961853027344
