entropy_mean = 5.538686752319336
loss_policy = 5.79373836517334
loss_total = 13.322342872619629
loss_value = 0.7167441844940186
step = 45
value_mean = -0.04495749622583389
