entropy_mean = 1.54671311378479
loss_policy = 1.5745372772216797
loss_total = 6.723787307739258
loss_value = 1.0
step = 2220
value_mean = -1.0
