entropy_mean = 5.06934928894043
loss_policy = 5.676776885986328
loss_total = 13.25705337524414
loss_value = 0.9921140670776367
step = 318
value_mean = -0.9999607801437378
