entropy_mean = 1.5419425964355469
loss_policy = 1.7720348834991455
loss_total = 7.0850324630737305
loss_value = 1.0
step = 2072
value_mean = -1.0
