entropy_mean = 1.4346331357955933
loss_policy = 1.8840851783752441
loss_total = 7.295877933502197
loss_value = 1.0
step = 1984
value_mean = -1.0
