entropy_mean = 3.8757643699645996
loss_policy = 3.8680572509765625
loss_total = 10.187780380249023
loss_value = 1.0156112909317017
step = 1088
value_mean = -0.9999845623970032
