entropy_mean = 1.7131396532058716
loss_policy = 2.075870990753174
loss_total = 7.566330909729004
loss_value = 1.0233391523361206
step = 1930
value_mean = 0.9999557733535767
