entropy_mean = 2.104951858520508
loss_policy = 2.131568431854248
loss_total = 7.997933387756348
loss_value = 0.9843719601631165
step = 1545
value_mean = 0.9999985694885254
