entropy_mean = 2.8360419273376465
loss_policy = 2.6331048011779785
loss_total = 8.534700393676758
loss_value = 0.8576245307922363
step = 1378
value_mean = -0.9544789791107178
