entropy_mean = 4.312783718109131
loss_policy = 5.501796722412109
loss_total = 12.869962692260742
loss_value = 0.9921875
step = 440
value_mean = -1.0
