entropy_mean = 1.5551395416259766
loss_policy = 1.4905449151992798
loss_total = 6.009143829345703
loss_value = 0.9921875
step = 2734
value_mean = -1.0
