entropy_mean = 4.742368698120117
loss_policy = 5.291284084320068
loss_total = 12.744657516479492
loss_value = 0.9921875
step = 389
value_mean = -1.0
