entropy_mean = 4.106466293334961
loss_policy = 4.125352382659912
loss_total = 10.514663696289062
loss_value = 0.9999938011169434
step = 1020
value_mean = -0.9999964237213135
