entropy_mean = 4.283928871154785
loss_policy = 4.66706657409668
loss_total = 11.308258056640625
loss_value = 0.9999998807907104
step = 829
value_mean = -1.0
