entropy_mean = 1.4777342081069946
loss_policy = 1.5136082172393799
loss_total = 5.968629837036133
loss_value = 0.9921875
step = 2788
value_mean = -1.0
