entropy_mean = 1.5145549774169922
loss_policy = 1.5409915447235107
loss_total = 5.981610298156738
loss_value = 1.0
step = 2807
value_mean = -1.0
