entropy_mean = 2.0430288314819336
loss_policy = 2.366828203201294
loss_total = 8.276603698730469
loss_value = 0.9999985694885254
step = 1517
value_mean = 0.999999463558197
