entropy_mean = 2.1281988620758057
loss_policy = 2.189472198486328
loss_total = 8.021589279174805
loss_value = 1.015623688697815
step = 1609
value_mean = 0.999999463558197
