entropy_mean = 4.295891761779785
loss_policy = 5.412707328796387
loss_total = 12.913034439086914
loss_value = 0.9921875
step = 364
value_mean = -1.0
