entropy_mean = 1.969433307647705
loss_policy = 2.147697687149048
loss_total = 7.8495612144470215
loss_value = 0.9999907612800598
step = 1719
value_mean = 0.9999955892562866
