entropy_mean = 4.5154266357421875
loss_policy = 5.139015197753906
loss_total = 11.851167678833008
loss_value = 0.9999997615814209
step = 781
value_mean = -0.9999998807907104
