entropy_mean = 4.3371686935424805
loss_policy = 4.5792951583862305
loss_total = 11.291417121887207
loss_value = 1.0234373807907104
step = 798
value_mean = -1.0
