entropy_mean = 4.958478927612305
loss_policy = 5.2190046310424805
loss_total = 12.237943649291992
loss_value = 0.9999995827674866
step = 608
value_mean = -1.0
