entropy_mean = 1.4867942333221436
loss_policy = 1.5704314708709717
loss_total = 5.922787666320801
loss_value = 0.9921875
step = 2874
value_mean = -1.0
