entropy_mean = 3.482663154602051
loss_policy = 3.6570801734924316
loss_total = 9.915346145629883
loss_value = 0.9921875
step = 1124
value_mean = 1.0
