entropy_mean = 4.359282970428467
loss_policy = 5.56760311126709
loss_total = 13.15582275390625
loss_value = 1.0233204364776611
step = 333
value_mean = -0.9999380707740784
