entropy_mean = 1.607367753982544
loss_policy = 1.5952603816986084
loss_total = 6.6404595375061035
loss_value = 1.0
step = 2310
value_mean = -1.0
