entropy_mean = 2.858020305633545
loss_policy = 3.377551794052124
loss_total = 9.573710441589355
loss_value = 0.9911119937896729
step = 1186
value_mean = -0.9817626476287842
