entropy_mean = 3.4257988929748535
loss_policy = 3.937166690826416
loss_total = 10.258726119995117
loss_value = 0.99985671043396
step = 1072
value_mean = -0.9999368190765381
