entropy_mean = 1.4517134428024292
loss_policy = 1.465162992477417
loss_total = 6.0038065910339355
loss_value = 0.9921875
step = 2717
value_mean = -1.0
