entropy_mean = 4.581533908843994
loss_policy = 4.916759490966797
loss_total = 11.85355281829834
loss_value = 0.9999995231628418
step = 653
value_mean = -0.9999997615814209
