entropy_mean = 2.373582601547241
loss_policy = 2.518465995788574
loss_total = 8.402493476867676
loss_value = 0.9999983906745911
step = 1543
value_mean = 0.9999988675117493
