entropy_mean = 5.347967147827148
loss_policy = 5.3785295486450195
loss_total = 12.927921295166016
loss_value = 0.9997738599777222
step = 343
value_mean = -0.9998456835746765
