entropy_mean = 4.558602809906006
loss_policy = 5.331591606140137
loss_total = 12.778087615966797
loss_value = 1.0
step = 397
value_mean = -1.0
