entropy_mean = 1.8095049858093262
loss_policy = 2.3529553413391113
loss_total = 8.098509788513184
loss_value = 0.9999980330467224
step = 1679
value_mean = 0.9999989867210388
