entropy_mean = 1.3365217447280884
loss_policy = 1.4501197338104248
loss_total = 6.057109832763672
loss_value = 1.0
step = 2666
value_mean = -1.0
