entropy_mean = 1.6590956449508667
loss_policy = 1.7678779363632202
loss_total = 6.342342376708984
loss_value = 1.015625
step = 2707
value_mean = -1.0
