entropy_mean = 2.2800471782684326
loss_policy = 2.5895981788635254
loss_total = 8.408388137817383
loss_value = 1.023432731628418
step = 1629
value_mean = 0.9999978542327881
