entropy_mean = 5.690505027770996
loss_policy = 5.911473274230957
loss_total = 13.612166404724121
loss_value = 0.9921859502792358
step = 226
value_mean = -0.9999991059303284
