entropy_mean = 5.24567985534668
loss_policy = 5.959293842315674
loss_total = 13.712556838989258
loss_value = 0.9921874403953552
step = 169
value_mean = -0.9999999403953552
