entropy_mean = 3.9691896438598633
loss_policy = 5.32537841796875
loss_total = 12.234964370727539
loss_value = 1.023423671722412
step = 682
value_mean = -0.9999959468841553
