entropy_mean = 1.5513347387313843
loss_policy = 1.7953135967254639
loss_total = 7.083083629608154
loss_value = 0.9921875
step = 2088
value_mean = -1.0
