entropy_mean = 3.8097238540649414
loss_policy = 4.233269691467285
loss_total = 10.654892921447754
loss_value = 0.9921875
step = 988
value_mean = -1.0
