entropy_mean = 2.0487618446350098
loss_policy = 2.164024591445923
loss_total = 7.837663650512695
loss_value = 1.0156197547912598
step = 1760
value_mean = 0.9999974966049194
