entropy_mean = 2.851691722869873
loss_policy = 3.0560038089752197
loss_total = 9.148868560791016
loss_value = 0.9849079847335815
step = 1289
value_mean = 0.9908932447433472
