entropy_mean = 2.737555742263794
loss_policy = 2.8498456478118896
loss_total = 8.836746215820312
loss_value = 1.0234371423721313
step = 1464
value_mean = 0.9999998807907104
