entropy_mean = 3.713810682296753
loss_policy = 3.822230815887451
loss_total = 10.111244201660156
loss_value = 1.0
step = 1100
value_mean = 1.0
