entropy_mean = 5.0125837326049805
loss_policy = 5.39300537109375
loss_total = 12.617997169494629
loss_value = 1.0234375
step = 522
value_mean = -1.0
