entropy_mean = 1.5497791767120361
loss_policy = 1.6950113773345947
loss_total = 6.850950717926025
loss_value = 1.0078125
step = 2221
value_mean = -1.0
