entropy_mean = 5.739099502563477
loss_policy = 5.8645782470703125
loss_total = 13.587423324584961
loss_value = 1.0156240463256836
step = 227
value_mean = -0.999999463558197
