entropy_mean = 3.13185453414917
loss_policy = 3.284681558609009
loss_total = 9.37009048461914
loss_value = 0.8761206865310669
step = 1182
value_mean = -0.3067418038845062
