entropy_mean = 4.327873229980469
loss_policy = 4.464014053344727
loss_total = 10.906501770019531
loss_value = 0.9999997615814209
step = 978
value_mean = -0.9999997615814209
