entropy_mean = 4.574668884277344
loss_policy = 4.645208358764648
loss_total = 11.209226608276367
loss_value = 1.0156246423721313
step = 896
value_mean = -0.9999998807907104
