entropy_mean = 3.0855793952941895
loss_policy = 3.3369927406311035
loss_total = 9.470293045043945
loss_value = 0.9999806880950928
step = 1260
value_mean = -0.9999908804893494
