entropy_mean = 1.4605121612548828
loss_policy = 1.5647377967834473
loss_total = 6.325374126434326
loss_value = 0.9921875
step = 2528
value_mean = -1.0
