entropy_mean = 3.124185085296631
loss_policy = 3.4314756393432617
loss_total = 9.501291275024414
loss_value = 0.9032948613166809
step = 1226
value_mean = -0.9512361288070679
