entropy_mean = 4.690986156463623
loss_policy = 6.449825286865234
loss_total = 14.065963745117188
loss_value = 0.9921599626541138
step = 286
value_mean = -0.9999819993972778
