entropy_mean = 4.715564727783203
loss_policy = 5.092642307281494
loss_total = 11.932619094848633
loss_value = 1.0234365463256836
step = 719
value_mean = -0.999999463558197
