entropy_mean = 4.578158855438232
loss_policy = 4.485292434692383
loss_total = 11.075424194335938
loss_value = 0.9999974966049194
step = 868
value_mean = -0.9999978542327881
