entropy_mean = 4.10123348236084
loss_policy = 4.326113224029541
loss_total = 10.7736234664917
loss_value = 1.0234373807907104
step = 992
value_mean = -0.9999998807907104
