entropy_mean = 4.233931541442871
loss_policy = 5.0359344482421875
loss_total = 11.836275100708008
loss_value = 1.0234375
step = 741
value_mean = -1.0
