entropy_mean = 3.465167999267578
loss_policy = 3.753216028213501
loss_total = 10.069574356079102
loss_value = 0.999961793422699
step = 1077
value_mean = -0.9999858736991882
