entropy_mean = 4.463604927062988
loss_policy = 5.350829124450684
loss_total = 12.496115684509277
loss_value = 0.9999997615814209
step = 547
value_mean = -1.0
