entropy_mean = 3.9109928607940674
loss_policy = 4.379144668579102
loss_total = 10.841087341308594
loss_value = 0.9999988079071045
step = 965
value_mean = -0.9999995827674866
