entropy_mean = 1.4868041276931763
loss_policy = 1.7238926887512207
loss_total = 6.709773540496826
loss_value = 1.0
step = 2358
value_mean = -1.0
