entropy_mean = 3.77439022064209
loss_policy = 4.741537094116211
loss_total = 11.609321594238281
loss_value = 0.9999940991401672
step = 693
value_mean = -0.9999969601631165
