entropy_mean = 5.697364807128906
loss_policy = 5.898601055145264
loss_total = 13.373332977294922
loss_value = 0.6647268533706665
step = 52
value_mean = -0.46161124110221863
