entropy_mean = 1.5493662357330322
loss_policy = 1.5330579280853271
loss_total = 5.959636211395264
loss_value = 0.9921875
step = 2813
value_mean = -1.0
