entropy_mean = 3.309802532196045
loss_policy = 3.283146381378174
loss_total = 9.309404373168945
loss_value = 0.9291452765464783
step = 1303
value_mean = -0.09301736950874329
