entropy_mean = 4.9804911613464355
loss_policy = 5.463753700256348
loss_total = 13.117569923400879
loss_value = 0.9999899864196777
step = 266
value_mean = -0.9999963045120239
