entropy_mean = 1.3527932167053223
loss_policy = 1.611943006515503
loss_total = 6.181247234344482
loss_value = 1.0
step = 2699
value_mean = -1.0
