entropy_mean = 5.561594009399414
loss_policy = 5.768977165222168
loss_total = 13.511418342590332
loss_value = 0.9999994039535522
step = 194
value_mean = -0.9999997615814209
