entropy_mean = 1.4683949947357178
loss_policy = 1.4838557243347168
loss_total = 6.05827522277832
loss_value = 1.0
step = 2695
value_mean = -1.0
