entropy_mean = 5.7841081619262695
loss_policy = 5.908824920654297
loss_total = 13.438480377197266
loss_value = 0.7188349962234497
step = 49
value_mean = 0.1627832055091858
