entropy_mean = 1.5312882661819458
loss_policy = 1.7454289197921753
loss_total = 6.943201065063477
loss_value = 0.9921875
step = 2167
value_mean = -1.0
