entropy_mean = 1.3731800317764282
loss_policy = 1.4964282512664795
loss_total = 6.425238132476807
loss_value = 1.0234375
step = 2424
value_mean = -1.0
