entropy_mean = 1.45485258102417
loss_policy = 1.6372698545455933
loss_total = 6.58778715133667
loss_value = 1.015625
step = 2401
value_mean = -1.0
