entropy_mean = 5.036822319030762
loss_policy = 5.866681098937988
loss_total = 13.533708572387695
loss_value = 1.0390470027923584
step = 283
value_mean = -0.9999932050704956
