entropy_mean = 2.498612880706787
loss_policy = 2.543501138687134
loss_total = 8.542139053344727
loss_value = 0.9921867847442627
step = 1423
value_mean = 0.9999996423721313
