entropy_mean = 2.9891035556793213
loss_policy = 3.389707565307617
loss_total = 9.582746505737305
loss_value = 0.9653889536857605
step = 1164
value_mean = 0.8986575603485107
