entropy_mean = 1.5876054763793945
loss_policy = 1.6793549060821533
loss_total = 6.741926193237305
loss_value = 1.0
step = 2294
value_mean = -1.0
