entropy_mean = 4.274653434753418
loss_policy = 4.756959915161133
loss_total = 11.511384963989258
loss_value = 1.0
step = 754
value_mean = -1.0
