entropy_mean = 1.4092369079589844
loss_policy = 1.893073320388794
loss_total = 7.175606727600098
loss_value = 1.0
step = 2099
value_mean = -1.0
