entropy_mean = 2.0924084186553955
loss_policy = 2.2532155513763428
loss_total = 8.11475944519043
loss_value = 1.0390615463256836
step = 1603
value_mean = 0.9999995231628418
