entropy_mean = 2.016416072845459
loss_policy = 2.2738804817199707
loss_total = 8.19398307800293
loss_value = 0.9999992251396179
step = 1507
value_mean = 0.9999997615814209
