entropy_mean = 1.6294748783111572
loss_policy = 1.678441047668457
loss_total = 6.760683536529541
loss_value = 1.0
step = 2276
value_mean = -1.0
