entropy_mean = 2.2432608604431152
loss_policy = 2.4710068702697754
loss_total = 8.376559257507324
loss_value = 1.0156235694885254
step = 1537
value_mean = 0.9999993443489075
