entropy_mean = 5.302084922790527
loss_policy = 5.8257856369018555
loss_total = 13.483384132385254
loss_value = 0.9921815395355225
step = 258
value_mean = -0.9999972581863403
