entropy_mean = 4.639835357666016
loss_policy = 4.9887590408325195
loss_total = 12.260476112365723
loss_value = 0.9999998807907104
step = 491
value_mean = -1.0
