entropy_mean = 1.5642268657684326
loss_policy = 1.6356219053268433
loss_total = 6.420399188995361
loss_value = 0.9921875
step = 2509
value_mean = -1.0
