entropy_mean = 2.552638053894043
loss_policy = 2.6416573524475098
loss_total = 8.692718505859375
loss_value = 1.023436188697815
step = 1401
value_mean = 0.9999993443489075
