entropy_mean = 5.730984687805176
loss_policy = 6.082094192504883
loss_total = 13.125988006591797
loss_value = 0.24500484764575958
step = 99
value_mean = -0.26943472027778625
