entropy_mean = 5.408645153045654
loss_policy = 6.299212455749512
loss_total = 13.201229095458984
loss_value = 0.10631012916564941
step = 111
value_mean = -0.4607231914997101
