entropy_mean = 4.9444780349731445
loss_policy = 5.774266242980957
loss_total = 13.441328048706055
loss_value = 1.023423433303833
step = 272
value_mean = -0.999993085861206
