entropy_mean = 5.380003929138184
loss_policy = 5.846368789672852
loss_total = 13.556087493896484
loss_value = 0.9999988079071045
step = 225
value_mean = -0.9999994039535522
