entropy_mean = 5.093914985656738
loss_policy = 5.662356853485107
loss_total = 13.294659614562988
loss_value = 0.9999872446060181
step = 280
value_mean = -0.9999898672103882
