entropy_mean = 1.4076180458068848
loss_policy = 1.601057529449463
loss_total = 6.251059532165527
loss_value = 1.0
step = 2628
value_mean = -1.0
