entropy_mean = 1.5048506259918213
loss_policy = 1.5675053596496582
loss_total = 6.813055992126465
loss_value = 1.0
step = 2132
value_mean = -1.0
