entropy_mean = 1.804063320159912
loss_policy = 1.789111852645874
loss_total = 7.351046562194824
loss_value = 0.9999825954437256
step = 1845
value_mean = 0.9999908208847046
