entropy_mean = 1.693725347518921
loss_policy = 1.7397079467773438
loss_total = 7.088546276092529
loss_value = 1.0234375
step = 2060
value_mean = -1.0
