entropy_mean = 4.238703727722168
loss_policy = 4.568697452545166
loss_total = 11.063333511352539
loss_value = 0.9999973773956299
step = 940
value_mean = -0.9999985694885254
