entropy_mean = 5.300683975219727
loss_policy = 6.023054122924805
loss_total = 13.694746017456055
loss_value = 0.999992847442627
step = 253
value_mean = -0.9999974370002747
