entropy_mean = 1.5910521745681763
loss_policy = 1.6415868997573853
loss_total = 6.124002456665039
loss_value = 1.0
step = 2771
value_mean = -1.0
