entropy_mean = 2.165989875793457
loss_policy = 2.297328233718872
loss_total = 8.199450492858887
loss_value = 1.046871542930603
step = 1570
value_mean = 0.9999985694885254
