entropy_mean = 5.638089179992676
loss_policy = 5.941899299621582
loss_total = 12.87602424621582
loss_value = 0.13897466659545898
step = 113
value_mean = 0.04982658475637436
