entropy_mean = 5.758413314819336
loss_policy = 6.032229423522949
loss_total = 13.382892608642578
loss_value = 0.5435200333595276
step = 63
value_mean = 0.5926263332366943
