entropy_mean = 1.4970042705535889
loss_policy = 1.5455715656280518
loss_total = 6.802052021026611
loss_value = 1.0
step = 2121
value_mean = -1.0
