entropy_mean = 1.9132113456726074
loss_policy = 2.0624513626098633
loss_total = 7.779910087585449
loss_value = 0.9921809434890747
step = 1698
value_mean = 0.9999971389770508
