entropy_mean = 1.3037325143814087
loss_policy = 1.5096123218536377
loss_total = 5.898296356201172
loss_value = 1.0
step = 2850
value_mean = -1.0
