entropy_mean = 3.3299975395202637
loss_policy = 3.7746806144714355
loss_total = 10.122480392456055
loss_value = 1.0859375
step = 1128
value_mean = 1.0
