entropy_mean = 3.910860776901245
loss_policy = 4.597581386566162
loss_total = 11.308229446411133
loss_value = 1.0
step = 782
value_mean = -1.0
