entropy_mean = 2.9076085090637207
loss_policy = 3.0929207801818848
loss_total = 9.208316802978516
loss_value = 0.9906629323959351
step = 1270
value_mean = -0.8505429029464722
