entropy_mean = 4.7188873291015625
loss_policy = 5.2104597091674805
loss_total = 12.336515426635742
loss_value = 1.0
step = 555
value_mean = -1.0
