entropy_mean = 1.7284797430038452
loss_policy = 1.6373965740203857
loss_total = 7.019045829772949
loss_value = 0.9921875
step = 2004
value_mean = -1.0
