entropy_mean = 1.770046591758728
loss_policy = 1.826712727546692
loss_total = 7.321195602416992
loss_value = 1.0233650207519531
step = 1926
value_mean = 0.9999616146087646
