entropy_mean = 4.285774230957031
loss_policy = 5.215533256530762
loss_total = 12.317506790161133
loss_value = 0.9999999403953552
step = 567
value_mean = -1.0
