entropy_mean = 2.1062278747558594
loss_policy = 2.2153491973876953
loss_total = 7.8723907470703125
loss_value = 0.999992847442627
step = 1761
value_mean = 0.9999961853027344
