entropy_mean = 1.4105291366577148
loss_policy = 1.507211446762085
loss_total = 6.011442184448242
loss_value = 1.0
step = 2752
value_mean = -1.0
