entropy_mean = 4.674155235290527
loss_policy = 5.053048133850098
loss_total = 12.257392883300781
loss_value = 1.023437261581421
step = 533
value_mean = -0.9999998211860657
