entropy_mean = 2.5382375717163086
loss_policy = 2.2776622772216797
loss_total = 8.135862350463867
loss_value = 1.0234360694885254
step = 1591
value_mean = 0.9999994039535522
