entropy_mean = 2.058769702911377
loss_policy = 2.131927967071533
loss_total = 7.809214115142822
loss_value = 0.9999901056289673
step = 1741
value_mean = 0.9999939203262329
