entropy_mean = 4.401036262512207
loss_policy = 4.5818867683410645
loss_total = 11.22404956817627
loss_value = 1.0078125
step = 834
value_mean = -1.0
