entropy_mean = 2.1661083698272705
loss_policy = 2.108402729034424
loss_total = 7.8790178298950195
loss_value = 0.9999957084655762
step = 1654
value_mean = 0.9999980330467224
