entropy_mean = 1.5192434787750244
loss_policy = 1.6988682746887207
loss_total = 6.957484245300293
loss_value = 1.0
step = 2119
value_mean = -1.0
