entropy_mean = 1.922585368156433
loss_policy = 2.2881510257720947
loss_total = 8.090659141540527
loss_value = 1.0234302282333374
step = 1645
value_mean = 0.9999964833259583
