entropy_mean = 3.886251926422119
loss_policy = 4.723824977874756
loss_total = 11.327375411987305
loss_value = 1.0234370231628418
step = 874
value_mean = -0.9999998211860657
