entropy_mean = 1.9463857412338257
loss_policy = 2.069227457046509
loss_total = 7.853600025177002
loss_value = 1.015619158744812
step = 1656
value_mean = 0.9999973773956299
