entropy_mean = 2.798081636428833
loss_policy = 2.876314401626587
loss_total = 8.634931564331055
loss_value = 0.7015759944915771
step = 1355
value_mean = 0.2987673878669739
