entropy_mean = 1.5105407238006592
loss_policy = 1.5286486148834229
loss_total = 6.69113302230835
loss_value = 1.0234375
step = 2229
value_mean = -1.0
