entropy_mean = 4.123625755310059
loss_policy = 4.812071323394775
loss_total = 11.769916534423828
loss_value = 0.9921875
step = 636
value_mean = -1.0
