entropy_mean = 1.6618602275848389
loss_policy = 1.6843616962432861
loss_total = 6.84278678894043
loss_value = 1.0
step = 2212
value_mean = -1.0
