entropy_mean = 3.558466911315918
loss_policy = 4.189527988433838
loss_total = 10.55229377746582
loss_value = 0.9921841621398926
step = 1033
value_mean = -0.9999964237213135
