entropy_mean = 3.3309569358825684
loss_policy = 3.5794899463653564
loss_total = 9.767240524291992
loss_value = 0.9660293459892273
step = 1170
value_mean = 0.84814453125
