entropy_mean = 1.7112833261489868
loss_policy = 1.575303077697754
loss_total = 6.7755231857299805
loss_value = 1.0
step = 2172
value_mean = -1.0
