entropy_mean = 1.9655293226242065
loss_policy = 2.110119342803955
loss_total = 7.940788745880127
loss_value = 0.9921854138374329
step = 1587
value_mean = 0.9999990463256836
