entropy_mean = 1.3993854522705078
loss_policy = 1.323125958442688
loss_total = 5.874359130859375
loss_value = 1.0
step = 2713
value_mean = -1.0
