entropy_mean = 1.657952904701233
loss_policy = 1.7356011867523193
loss_total = 6.725038051605225
loss_value = 1.0
step = 2355
value_mean = -1.0
