entropy_mean = 4.336137294769287
loss_policy = 4.706180572509766
loss_total = 11.454733848571777
loss_value = 1.0
step = 758
value_mean = -1.0
