entropy_mean = 1.6551392078399658
loss_policy = 1.752139925956726
loss_total = 6.438920974731445
loss_value = 1.0234375
step = 2617
value_mean = -1.0
