entropy_mean = 4.420899391174316
loss_policy = 4.877198219299316
loss_total = 11.611387252807617
loss_value = 1.0
step = 767
value_mean = -1.0
