entropy_mean = 3.9814796447753906
loss_policy = 4.879939556121826
loss_total = 11.767827033996582
loss_value = 0.9999863505363464
step = 681
value_mean = -0.9999961256980896
