entropy_mean = 2.9182052612304688
loss_policy = 3.0042641162872314
loss_total = 9.132355690002441
loss_value = 0.9998621344566345
step = 1266
value_mean = -0.999748945236206
