entropy_mean = 5.35822868347168
loss_policy = 5.729448318481445
loss_total = 12.81589126586914
loss_value = 0.2910175621509552
step = 112
value_mean = 0.24392655491828918
