entropy_mean = 4.483162879943848
loss_policy = 4.842676639556885
loss_total = 11.394879341125488
loss_value = 0.9999998807907104
step = 893
value_mean = -0.9999998807907104
