entropy_mean = 1.400456190109253
loss_policy = 1.7337061166763306
loss_total = 6.263703346252441
loss_value = 1.0
step = 2731
value_mean = -1.0
