entropy_mean = 2.0307881832122803
loss_policy = 2.277782440185547
loss_total = 8.176676750183105
loss_value = 0.9999990463256836
step = 1528
value_mean = 0.9999996423721313
