entropy_mean = 5.621245384216309
loss_policy = 6.157524108886719
loss_total = 13.77325439453125
loss_value = 0.8026492595672607
step = 40
value_mean = -0.7686575651168823
