entropy_mean = 3.28676700592041
loss_policy = 3.73330020904541
loss_total = 10.07196044921875
loss_value = 0.9999890923500061
step = 1057
value_mean = -0.9999926686286926
