entropy_mean = 1.5121996402740479
loss_policy = 1.7438416481018066
loss_total = 7.113150119781494
loss_value = 1.0234375
step = 2043
value_mean = -1.0
