entropy_mean = 3.4282307624816895
loss_policy = 3.9046926498413086
loss_total = 10.196094512939453
loss_value = 0.9973266124725342
step = 1096
value_mean = 1.0
