entropy_mean = 3.026897430419922
loss_policy = 3.2998790740966797
loss_total = 9.432327270507812
loss_value = 0.9999938607215881
step = 1261
value_mean = -0.9999971389770508
