entropy_mean = 2.7946033477783203
loss_policy = 2.6090126037597656
loss_total = 8.57254409790039
loss_value = 0.9765579700469971
step = 1442
value_mean = 0.9999983310699463
