entropy_mean = 4.115069389343262
loss_policy = 5.081605911254883
loss_total = 12.029788970947266
loss_value = 0.9921875
step = 642
value_mean = -1.0
