entropy_mean = 4.904536247253418
loss_policy = 6.223050594329834
loss_total = 13.910552024841309
loss_value = 1.0468679666519165
step = 274
value_mean = -0.9999972581863403
