entropy_mean = 1.3891209363937378
loss_policy = 1.5466828346252441
loss_total = 6.491835594177246
loss_value = 1.0
step = 2393
value_mean = -1.0
