entropy_mean = 1.5012390613555908
loss_policy = 1.6524436473846436
loss_total = 6.459577560424805
loss_value = 1.0
step = 2497
value_mean = -1.0
