entropy_mean = 2.5875401496887207
loss_policy = 2.6646738052368164
loss_total = 8.389545440673828
loss_value = 0.6538621187210083
step = 1336
value_mean = -0.8104761838912964
