entropy_mean = 1.874873399734497
loss_policy = 1.7657194137573242
loss_total = 7.2612504959106445
loss_value = 1.0233725309371948
step = 1925
value_mean = 0.9999645948410034
