entropy_mean = 1.2532625198364258
loss_policy = 1.481568694114685
loss_total = 5.937723636627197
loss_value = 0.9921875
step = 2787
value_mean = -1.0
