entropy_mean = 1.4117820262908936
loss_policy = 1.465820550918579
loss_total = 6.423366546630859
loss_value = 1.0
step = 2383
value_mean = -1.0
