entropy_mean = 1.6572275161743164
loss_policy = 1.8302226066589355
loss_total = 7.032088756561279
loss_value = 1.046875
step = 2215
value_mean = -1.0
