entropy_mean = 3.878610849380493
loss_policy = 4.339071273803711
loss_total = 10.693470001220703
loss_value = 1.0468461513519287
step = 1085
value_mean = -0.9999743700027466
