entropy_mean = 2.5706372261047363
loss_policy = 2.724564790725708
loss_total = 8.777042388916016
loss_value = 1.0312490463256836
step = 1408
value_mean = 0.9999994039535522
