entropy_mean = 4.413810729980469
loss_policy = 4.6809282302856445
loss_total = 11.260939598083496
loss_value = 1.046875
step = 908
value_mean = -1.0
