entropy_mean = 3.812532424926758
loss_policy = 4.070252418518066
loss_total = 10.436538696289062
loss_value = 0.9999906420707703
step = 1036
value_mean = -0.9999967813491821
