entropy_mean = 1.5776560306549072
loss_policy = 1.7739330530166626
loss_total = 7.128035545349121
loss_value = 1.0
step = 2036
value_mean = -1.0
