entropy_mean = 3.7026145458221436
loss_policy = 6.289377212524414
loss_total = 13.647876739501953
loss_value = 1.015625
step = 458
value_mean = -1.0
