entropy_mean = 1.5687220096588135
loss_policy = 1.6434420347213745
loss_total = 6.579709529876709
loss_value = 1.0
step = 2400
value_mean = -1.0
