entropy_mean = 2.4297852516174316
loss_policy = 2.920247793197632
loss_total = 8.910289764404297
loss_value = 0.9999977350234985
step = 1439
value_mean = 0.9999986886978149
