entropy_mean = 1.658855676651001
loss_policy = 1.9845335483551025
loss_total = 7.14410400390625
loss_value = 1.0
step = 2211
value_mean = -1.0
