entropy_mean = 1.5840845108032227
loss_policy = 1.5371341705322266
loss_total = 6.325088977813721
loss_value = 1.0
step = 2513
value_mean = -1.0
