entropy_mean = 5.719614028930664
loss_policy = 6.1837921142578125
loss_total = 13.786975860595703
loss_value = 0.9999641180038452
step = 305
value_mean = -0.999984085559845
