entropy_mean = 5.282960891723633
loss_policy = 5.717243671417236
loss_total = 13.299405097961426
loss_value = 1.023239016532898
step = 337
value_mean = -0.9998999238014221
