entropy_mean = 1.8436384201049805
loss_policy = 1.8564488887786865
loss_total = 7.322007179260254
loss_value = 1.0229116678237915
step = 1955
value_mean = 0.9997050762176514
