entropy_mean = 4.713723182678223
loss_policy = 5.051341533660889
loss_total = 11.714656829833984
loss_value = 1.0234375
step = 830
value_mean = -1.0
