entropy_mean = 1.5814507007598877
loss_policy = 1.744962215423584
loss_total = 6.6206512451171875
loss_value = 1.0
step = 2445
value_mean = -1.0
