entropy_mean = 1.5001871585845947
loss_policy = 1.7233524322509766
loss_total = 6.874604225158691
loss_value = 1.0234375
step = 2238
value_mean = -1.0
