entropy_mean = 5.6217041015625
loss_policy = 5.7753705978393555
loss_total = 13.497967720031738
loss_value = 1.0234346389770508
step = 233
value_mean = -0.9999985694885254
