entropy_mean = 1.4795647859573364
loss_policy = 1.6136267185211182
loss_total = 6.645995140075684
loss_value = 0.9921875
step = 2314
value_mean = -1.0
