entropy_mean = 1.3800036907196045
loss_policy = 1.4548532962799072
loss_total = 6.260639190673828
loss_value = 1.0
step = 2498
value_mean = -1.0
