entropy_mean = 1.8540821075439453
loss_policy = 2.2697877883911133
loss_total = 8.103071212768555
loss_value = 1.0468674898147583
step = 1638
value_mean = 0.9999967217445374
