entropy_mean = 4.086234092712402
loss_policy = 4.529345512390137
loss_total = 11.058053016662598
loss_value = 1.0156219005584717
step = 924
value_mean = -0.999997079372406
