entropy_mean = 3.151271104812622
loss_policy = 3.5202412605285645
loss_total = 9.402727127075195
loss_value = 0.7070370316505432
step = 1216
value_mean = 0.8239513635635376
