entropy_mean = 3.707794189453125
loss_policy = 3.7856805324554443
loss_total = 10.164443969726562
loss_value = 0.992163360118866
step = 1022
value_mean = -0.9999754428863525
