entropy_mean = 1.3765006065368652
loss_policy = 1.6940128803253174
loss_total = 6.934902191162109
loss_value = 1.046875
step = 2178
value_mean = -1.0
