entropy_mean = 2.9991354942321777
loss_policy = 3.346367835998535
loss_total = 9.50574779510498
loss_value = 0.9426964521408081
step = 1175
value_mean = 0.7939839959144592
