entropy_mean = 2.28300142288208
loss_policy = 2.4281911849975586
loss_total = 8.340564727783203
loss_value = 1.0390617847442627
step = 1553
value_mean = 0.9999995231628418
