entropy_mean = 1.4409444332122803
loss_policy = 1.7236075401306152
loss_total = 7.050246715545654
loss_value = 1.0234375
step = 2081
value_mean = -1.0
