entropy_mean = 4.915502548217773
loss_policy = 5.356683731079102
loss_total = 12.814496994018555
loss_value = 1.0
step = 391
value_mean = -1.0
