entropy_mean = 2.614917278289795
loss_policy = 2.838714122772217
loss_total = 8.821260452270508
loss_value = 0.9999986886978149
step = 1446
value_mean = 0.9999991655349731
