entropy_mean = 1.6074700355529785
loss_policy = 1.7222459316253662
loss_total = 7.044430255889893
loss_value = 1.0
step = 2063
value_mean = -1.0
