entropy_mean = 1.5337436199188232
loss_policy = 1.6644306182861328
loss_total = 6.4291582107543945
loss_value = 1.0234375
step = 2550
value_mean = -1.0
