entropy_mean = 1.6580811738967896
loss_policy = 1.6950645446777344
loss_total = 6.8142194747924805
loss_value = 1.0
step = 2246
value_mean = -1.0
