entropy_mean = 4.858877658843994
loss_policy = 5.464267730712891
loss_total = 12.862066268920898
loss_value = 1.0234241485595703
step = 441
value_mean = -0.9999916553497314
