entropy_mean = 1.3839715719223022
loss_policy = 1.5974839925765991
loss_total = 6.474268913269043
loss_value = 1.0234375
step = 2462
value_mean = -1.0
