entropy_mean = 3.2860798835754395
loss_policy = 3.7275633811950684
loss_total = 10.051831245422363
loss_value = 0.9843713045120239
step = 1056
value_mean = -0.999998927116394
