entropy_mean = 4.25388240814209
loss_policy = 4.98176383972168
loss_total = 12.211552619934082
loss_value = 1.0
step = 507
value_mean = -1.0
