entropy_mean = 1.3957045078277588
loss_policy = 1.4766836166381836
loss_total = 5.825312614440918
loss_value = 1.0
step = 2884
value_mean = -1.0
