entropy_mean = 1.3799102306365967
loss_policy = 1.6219689846038818
loss_total = 6.744162559509277
loss_value = 0.984375
step = 2230
value_mean = -1.0
