entropy_mean = 1.5549404621124268
loss_policy = 1.7409319877624512
loss_total = 7.315739631652832
loss_value = 0.9921789169311523
step = 1826
value_mean = 0.9999953508377075
