entropy_mean = 1.4398193359375
loss_policy = 1.6772140264511108
loss_total = 6.500601768493652
loss_value = 0.9921875
step = 2478
value_mean = -1.0
