entropy_mean = 1.7267391681671143
loss_policy = 1.8807222843170166
loss_total = 7.205016613006592
loss_value = 1.0
step = 2061
value_mean = -1.0
