entropy_mean = 1.9528555870056152
loss_policy = 2.2148022651672363
loss_total = 7.903293132781982
loss_value = 1.0234295129776
step = 1753
value_mean = 0.9999955892562866
