entropy_mean = 2.9063897132873535
loss_policy = 3.1711127758026123
loss_total = 8.33012580871582
loss_value = 0.11179983615875244
step = 1371
value_mean = -0.9442089796066284
