entropy_mean = 2.0301926136016846
loss_policy = 2.0701820850372314
loss_total = 7.6597900390625
loss_value = 0.9921789169311523
step = 1813
value_mean = 0.9999959468841553
