entropy_mean = 1.4666364192962646
loss_policy = 1.6848163604736328
loss_total = 6.558837890625
loss_value = 1.0234375
step = 2464
value_mean = -1.0
