entropy_mean = 1.4555306434631348
loss_policy = 1.5984190702438354
loss_total = 6.236413955688477
loss_value = 1.0
step = 2640
value_mean = -1.0
