entropy_mean = 4.275578498840332
loss_policy = 4.651297569274902
loss_total = 11.328522682189941
loss_value = 0.9843749403953552
step = 795
value_mean = -1.0
