entropy_mean = 4.376893043518066
loss_policy = 5.336714267730713
loss_total = 12.31840705871582
loss_value = 1.0
step = 626
value_mean = -0.9999998807907104
