entropy_mean = 2.497551441192627
loss_policy = 3.5105791091918945
loss_total = 9.646543502807617
loss_value = 1.0234243869781494
step = 1283
value_mean = 0.9998558759689331
