entropy_mean = 1.8991419076919556
loss_policy = 1.9644874334335327
loss_total = 7.623847961425781
loss_value = 1.0234136581420898
step = 1780
value_mean = 0.9999890327453613
