entropy_mean = 4.06563663482666
loss_policy = 5.84518575668335
loss_total = 13.167804718017578
loss_value = 0.9921669960021973
step = 465
value_mean = -0.9999822378158569
