entropy_mean = 1.604293942451477
loss_policy = 1.8360358476638794
loss_total = 7.056323051452637
loss_value = 1.046875
step = 2198
value_mean = -1.0
