entropy_mean = 1.2479236125946045
loss_policy = 1.5896657705307007
loss_total = 6.785721778869629
loss_value = 1.0
step = 2176
value_mean = -1.0
