entropy_mean = 1.667381763458252
loss_policy = 1.6899827718734741
loss_total = 6.4254865646362305
loss_value = 0.9921875
step = 2548
value_mean = -1.0
