entropy_mean = 1.4961299896240234
loss_policy = 1.6500836610794067
loss_total = 6.660591125488281
loss_value = 1.0234375
step = 2357
value_mean = -1.0
