entropy_mean = 2.719944477081299
loss_policy = 2.935053825378418
loss_total = 8.924070358276367
loss_value = 0.9999978542327881
step = 1440
value_mean = 0.9999987483024597
