entropy_mean = 2.3781023025512695
loss_policy = 2.5285263061523438
loss_total = 8.408476829528809
loss_value = 0.9999986886978149
step = 1547
value_mean = 0.9999995827674866
