entropy_mean = 1.999302864074707
loss_policy = 2.225900411605835
loss_total = 8.034664154052734
loss_value = 1.023432970046997
step = 1639
value_mean = 0.9999978542327881
