entropy_mean = 1.531816840171814
loss_policy = 1.591247320175171
loss_total = 6.406946182250977
loss_value = 0.9921875
step = 2484
value_mean = -1.0
