entropy_mean = 1.5173367261886597
loss_policy = 1.6896181106567383
loss_total = 6.848355293273926
loss_value = 1.0234375
step = 2232
value_mean = -1.0
