entropy_mean = 4.155366897583008
loss_policy = 4.461738586425781
loss_total = 11.045272827148438
loss_value = 0.9999993443489075
step = 872
value_mean = -0.9999998211860657
