entropy_mean = 3.95320987701416
loss_policy = 4.049449920654297
loss_total = 10.473892211914062
loss_value = 1.0156245231628418
step = 1004
value_mean = -0.9999998211860657
