entropy_mean = 1.4155848026275635
loss_policy = 1.6645686626434326
loss_total = 6.690121173858643
loss_value = 1.0
step = 2325
value_mean = -1.0
