entropy_mean = 2.5285403728485107
loss_policy = 2.8258557319641113
loss_total = 8.771824836730957
loss_value = 0.999999463558197
step = 1481
value_mean = 0.9999997019767761
