entropy_mean = 1.3819371461868286
loss_policy = 1.6709539890289307
loss_total = 6.753955841064453
loss_value = 1.0234375
step = 2297
value_mean = -1.0
