entropy_mean = 1.513271689414978
loss_policy = 1.5272860527038574
loss_total = 5.980391025543213
loss_value = 1.0
step = 2796
value_mean = -1.0
