entropy_mean = 1.8040363788604736
loss_policy = 2.0906360149383545
loss_total = 7.742842674255371
loss_value = 0.9921716451644897
step = 1758
value_mean = 0.9999940991401672
