entropy_mean = 1.660304307937622
loss_policy = 1.928606629371643
loss_total = 7.567862033843994
loss_value = 0.9999808669090271
step = 1777
value_mean = 0.9999879598617554
