entropy_mean = 1.738046646118164
loss_policy = 1.9118083715438843
loss_total = 7.6241679191589355
loss_value = 0.9999945163726807
step = 1709
value_mean = 0.9999966621398926
