entropy_mean = 5.494975566864014
loss_policy = 6.383156776428223
loss_total = 14.155736923217773
loss_value = 0.9999998211860657
step = 153
value_mean = -0.9999998807907104
