entropy_mean = 3.8446319103240967
loss_policy = 4.123580455780029
loss_total = 10.503717422485352
loss_value = 0.9843655228614807
step = 1015
value_mean = -0.9999956488609314
