entropy_mean = 5.436243057250977
loss_policy = 5.716572284698486
loss_total = 13.465131759643555
loss_value = 0.9999991655349731
step = 186
value_mean = -0.9999995827674866
