entropy_mean = 5.668344497680664
loss_policy = 5.737698554992676
loss_total = 13.522268295288086
loss_value = 0.9999968409538269
step = 140
value_mean = -0.9999986886978149
