entropy_mean = 4.38041877746582
loss_policy = 5.404239177703857
loss_total = 12.434558868408203
loss_value = 1.0468745231628418
step = 625
value_mean = -0.9999994039535522
