entropy_mean = 2.581491708755493
loss_policy = 2.6518502235412598
loss_total = 8.67434310913086
loss_value = 0.9921711087226868
step = 1398
value_mean = 0.9999909400939941
