entropy_mean = 4.632137298583984
loss_policy = 4.938205718994141
loss_total = 11.865852355957031
loss_value = 0.9999997615814209
step = 658
value_mean = -0.9999998807907104
