entropy_mean = 4.884642601013184
loss_policy = 5.409865379333496
loss_total = 12.657073974609375
loss_value = 0.9999996423721313
step = 500
value_mean = -0.9999997615814209
