entropy_mean = 4.697317123413086
loss_policy = 5.112965106964111
loss_total = 12.412151336669922
loss_value = 0.9999999403953552
step = 481
value_mean = -0.9999998807907104
