entropy_mean = 2.141770362854004
loss_policy = 2.0136563777923584
loss_total = 7.771381378173828
loss_value = 1.0234357118606567
step = 1690
value_mean = 0.999998927116394
