entropy_mean = 1.5546507835388184
loss_policy = 1.7200679779052734
loss_total = 6.7555389404296875
loss_value = 1.0234375
step = 2336
value_mean = -1.0
