entropy_mean = 2.4786300659179688
loss_policy = 2.6708850860595703
loss_total = 8.60324764251709
loss_value = 0.9999987483024597
step = 1495
value_mean = 0.9999995231628418
