entropy_mean = 2.838033676147461
loss_policy = 3.0087270736694336
loss_total = 8.452048301696777
loss_value = 0.39423900842666626
step = 1367
value_mean = 0.228971928358078
