entropy_mean = 1.5179860591888428
loss_policy = 1.5447194576263428
loss_total = 6.438765525817871
loss_value = 1.015625
step = 2443
value_mean = -1.0
