entropy_mean = 4.30401611328125
loss_policy = 5.125941276550293
loss_total = 11.872089385986328
loss_value = 1.046875
step = 790
value_mean = -1.0
