entropy_mean = 3.6339621543884277
loss_policy = 4.234479904174805
loss_total = 10.663766860961914
loss_value = 1.0078117847442627
step = 994
value_mean = -0.9999995231628418
