entropy_mean = 1.4155018329620361
loss_policy = 1.702662467956543
loss_total = 6.170158386230469
loss_value = 1.0
step = 2784
value_mean = -1.0
