entropy_mean = 1.5759992599487305
loss_policy = 1.5848262310028076
loss_total = 5.988248348236084
loss_value = 1.0
step = 2838
value_mean = -1.0
