entropy_mean = 1.7259693145751953
loss_policy = 1.8767285346984863
loss_total = 7.574214458465576
loss_value = 1.0937399864196777
step = 1808
value_mean = 0.999995231628418
