entropy_mean = 1.3831337690353394
loss_policy = 1.4619810581207275
loss_total = 5.819231986999512
loss_value = 0.9921875
step = 2870
value_mean = -1.0
