entropy_mean = 1.9878653287887573
loss_policy = 2.00095534324646
loss_total = 7.648102283477783
loss_value = 1.0234192609786987
step = 1791
value_mean = 0.99998939037323
