entropy_mean = 5.8600873947143555
loss_policy = 6.023139953613281
loss_total = 13.644686698913574
loss_value = 0.9921609163284302
step = 282
value_mean = -0.9999884963035583
