entropy_mean = 1.9824836254119873
loss_policy = 2.0242536067962646
loss_total = 7.560826778411865
loss_value = 0.9843575954437256
step = 1854
value_mean = 0.9999887943267822
