entropy_mean = 1.8852534294128418
loss_policy = 1.9617875814437866
loss_total = 7.7402262687683105
loss_value = 1.0234339237213135
step = 1670
value_mean = 0.9999985694885254
