entropy_mean = 1.5424549579620361
loss_policy = 1.7311556339263916
loss_total = 7.194416046142578
loss_value = 1.0230226516723633
step = 1957
value_mean = 0.9998155832290649
