entropy_mean = 1.8893436193466187
loss_policy = 2.0884554386138916
loss_total = 7.717710971832275
loss_value = 0.9999868869781494
step = 1786
value_mean = 0.9999924898147583
