entropy_mean = 1.2503383159637451
loss_policy = 1.448106288909912
loss_total = 5.902214050292969
loss_value = 1.046875
step = 2835
value_mean = -1.0
