entropy_mean = 4.083672523498535
loss_policy = 4.609947681427002
loss_total = 11.191755294799805
loss_value = 0.9999979734420776
step = 873
value_mean = -0.9999994039535522
