entropy_mean = 4.548129081726074
loss_policy = 5.057497978210449
loss_total = 11.75742244720459
loss_value = 1.023437261581421
step = 805
value_mean = -0.9999998211860657
