entropy_mean = 1.3932057619094849
loss_policy = 1.631065845489502
loss_total = 6.537899971008301
loss_value = 1.015625
step = 2434
value_mean = -1.0
