entropy_mean = 1.4881224632263184
loss_policy = 1.612947940826416
loss_total = 5.987114906311035
loss_value = 0.984375
step = 2849
value_mean = -1.0
