entropy_mean = 3.149332046508789
loss_policy = 3.3557581901550293
loss_total = 9.556400299072266
loss_value = 0.9760139584541321
step = 1167
value_mean = 0.6612236499786377
