entropy_mean = 1.8349857330322266
loss_policy = 2.2011895179748535
loss_total = 7.974479675292969
loss_value = 1.0468696355819702
step = 1697
value_mean = 0.9999971389770508
