entropy_mean = 5.668274879455566
loss_policy = 5.815343856811523
loss_total = 13.500299453735352
loss_value = 1.023430585861206
step = 261
value_mean = -0.9999959468841553
