entropy_mean = 1.5465362071990967
loss_policy = 1.5605236291885376
loss_total = 6.105790138244629
loss_value = 1.0
step = 2718
value_mean = -1.0
