entropy_mean = 1.8029903173446655
loss_policy = 1.9215033054351807
loss_total = 7.500741481781006
loss_value = 0.9999873638153076
step = 1829
value_mean = 0.999993622303009
