entropy_mean = 1.8017723560333252
loss_policy = 1.9156086444854736
loss_total = 7.476449012756348
loss_value = 0.99997878074646
step = 1846
value_mean = 0.9999880194664001
