entropy_mean = 1.7042574882507324
loss_policy = 1.7343487739562988
loss_total = 7.2088446617126465
loss_value = 1.0233592987060547
step = 1947
value_mean = 0.9999493956565857
