entropy_mean = 3.83837890625
loss_policy = 3.6996164321899414
loss_total = 10.047088623046875
loss_value = 0.9999718070030212
step = 1050
value_mean = -0.9999860525131226
