entropy_mean = 2.4766345024108887
loss_policy = 2.869042158126831
loss_total = 8.907938003540039
loss_value = 0.9999125003814697
step = 1387
value_mean = 0.9999797940254211
