entropy_mean = 3.240586996078491
loss_policy = 3.947826623916626
loss_total = 10.297911643981934
loss_value = 0.9999902248382568
step = 1048
value_mean = -0.9999903440475464
