entropy_mean = 4.539536476135254
loss_policy = 4.830057621002197
loss_total = 11.561391830444336
loss_value = 1.0
step = 769
value_mean = -1.0
