entropy_mean = 1.7898231744766235
loss_policy = 2.0418574810028076
loss_total = 7.770977020263672
loss_value = 1.0156188011169434
step = 1708
value_mean = 0.9999964237213135
