entropy_mean = 5.319214820861816
loss_policy = 6.616530895233154
loss_total = 14.451190948486328
loss_value = 1.0171337127685547
step = 12
value_mean = 0.9878551959991455
