entropy_mean = 3.466766357421875
loss_policy = 3.659182548522949
loss_total = 9.910781860351562
loss_value = 0.978416919708252
step = 1117
value_mean = 0.7872772216796875
