entropy_mean = 1.5166915655136108
loss_policy = 1.7736997604370117
loss_total = 6.990562438964844
loss_value = 1.0
step = 2157
value_mean = -1.0
