entropy_mean = 5.878378868103027
loss_policy = 6.101714134216309
loss_total = 13.863431930541992
loss_value = 0.9999998211860657
step = 168
value_mean = -0.9999998807907104
