entropy_mean = 2.3742825984954834
loss_policy = 2.625351905822754
loss_total = 8.623758316040039
loss_value = 0.9999992251396179
step = 1431
value_mean = 0.9999996423721313
