entropy_mean = 5.624810218811035
loss_policy = 6.071870803833008
loss_total = 13.549704551696777
loss_value = 0.9921875
step = 374
value_mean = -1.0
