entropy_mean = 1.8737999200820923
loss_policy = 1.9216830730438232
loss_total = 7.50504732131958
loss_value = 1.0468279123306274
step = 1868
value_mean = 0.9999771118164062
