entropy_mean = 1.4931912422180176
loss_policy = 1.6539782285690308
loss_total = 6.523218154907227
loss_value = 0.9921875
step = 2444
value_mean = -1.0
