entropy_mean = 2.2251856327056885
loss_policy = 2.6458353996276855
loss_total = 8.611156463623047
loss_value = 1.0156246423721313
step = 1477
value_mean = 0.9999997615814209
