entropy_mean = 1.5081355571746826
loss_policy = 1.7030181884765625
loss_total = 6.717474460601807
loss_value = 1.0
step = 2334
value_mean = -1.0
