entropy_mean = 4.468242645263672
loss_policy = 4.968812942504883
loss_total = 11.791437149047852
loss_value = 1.0234367847442627
step = 729
value_mean = -0.9999999403953552
