entropy_mean = 5.6174211502075195
loss_policy = 6.003159523010254
loss_total = 13.689525604248047
loss_value = 0.999996542930603
step = 242
value_mean = -0.9999976754188538
