entropy_mean = 3.8734192848205566
loss_policy = 4.510412216186523
loss_total = 10.970674514770508
loss_value = 0.999999463558197
step = 966
value_mean = -0.9999997615814209
