entropy_mean = 1.7117338180541992
loss_policy = 1.8313758373260498
loss_total = 7.1065673828125
loss_value = 1.0
step = 2105
value_mean = -1.0
