entropy_mean = 1.6734751462936401
loss_policy = 1.9781384468078613
loss_total = 7.453405857086182
loss_value = 1.0154651403427124
step = 1938
value_mean = 0.9999102354049683
