entropy_mean = 1.7504892349243164
loss_policy = 1.9497780799865723
loss_total = 7.414102554321289
loss_value = 0.9999256134033203
step = 1933
value_mean = 0.9999563097953796
