entropy_mean = 5.566255569458008
loss_policy = 6.118689060211182
loss_total = 13.930745124816895
loss_value = 0.9952630996704102
step = 21
value_mean = 0.9849953651428223
