entropy_mean = 1.456633448600769
loss_policy = 1.6176965236663818
loss_total = 6.256139755249023
loss_value = 1.0390625
step = 2672
value_mean = -1.0
