entropy_mean = 1.8934285640716553
loss_policy = 2.0734152793884277
loss_total = 7.81121826171875
loss_value = 1.0468600988388062
step = 1729
value_mean = 0.9999935626983643
