entropy_mean = 4.724228858947754
loss_policy = 5.066110134124756
loss_total = 12.018915176391602
loss_value = 0.9999998807907104
step = 644
value_mean = -0.9999998807907104
