entropy_mean = 5.801285743713379
loss_policy = 5.857719421386719
loss_total = 13.342406272888184
loss_value = 0.6810235381126404
step = 79
value_mean = 0.17774976789951324
