entropy_mean = 4.357333183288574
loss_policy = 4.793520927429199
loss_total = 11.410503387451172
loss_value = 1.0156171321868896
step = 860
value_mean = -0.9999955892562866
