entropy_mean = 1.6364519596099854
loss_policy = 1.9410474300384521
loss_total = 7.410056114196777
loss_value = 0.9999557733535767
step = 1928
value_mean = 0.9999737739562988
