entropy_mean = 2.7712249755859375
loss_policy = 3.0073938369750977
loss_total = 9.044954299926758
loss_value = 0.9999819993972778
step = 1389
value_mean = 0.9999926686286926
