entropy_mean = 4.8497443199157715
loss_policy = 5.499730110168457
loss_total = 12.720932960510254
loss_value = 1.0
step = 511
value_mean = -1.0
