entropy_mean = 2.1770992279052734
loss_policy = 2.201817274093628
loss_total = 7.8860955238342285
loss_value = 0.9921731948852539
step = 1728
value_mean = 0.9999919533729553
