entropy_mean = 4.1696929931640625
loss_policy = 4.658824920654297
loss_total = 11.13599967956543
loss_value = 0.9921749830245972
step = 948
value_mean = -0.9999929070472717
