entropy_mean = 1.4359647035598755
loss_policy = 1.6402760744094849
loss_total = 6.306392669677734
loss_value = 1.0
step = 2615
value_mean = -1.0
