entropy_mean = 1.6311991214752197
loss_policy = 1.785888671875
loss_total = 6.833553314208984
loss_value = 1.0
step = 2308
value_mean = -1.0
