entropy_mean = 1.4676859378814697
loss_policy = 1.5805381536483765
loss_total = 6.748892784118652
loss_value = 1.0234375
step = 2224
value_mean = -1.0
