entropy_mean = 3.853889226913452
loss_policy = 4.18123722076416
loss_total = 10.566421508789062
loss_value = 0.999991774559021
step = 1023
value_mean = -0.9999921321868896
