entropy_mean = 2.9387378692626953
loss_policy = 3.1263887882232666
loss_total = 9.017770767211914
loss_value = 0.8117468357086182
step = 1324
value_mean = 0.6818774938583374
