entropy_mean = 1.589367389678955
loss_policy = 1.6257622241973877
loss_total = 6.582404136657715
loss_value = 0.9921875
step = 2377
value_mean = -1.0
