entropy_mean = 4.743100643157959
loss_policy = 5.121952056884766
loss_total = 12.285992622375488
loss_value = 1.046875
step = 559
value_mean = -1.0
