entropy_mean = 1.713182806968689
loss_policy = 1.9691197872161865
loss_total = 7.601724147796631
loss_value = 0.9999855756759644
step = 1783
value_mean = 0.9999940395355225
