entropy_mean = 5.094771385192871
loss_policy = 5.787169933319092
loss_total = 13.141790390014648
loss_value = 1.0156129598617554
step = 460
value_mean = -0.9999953508377075
