entropy_mean = 3.6431713104248047
loss_policy = 3.7654876708984375
loss_total = 10.035011291503906
loss_value = 0.9921860694885254
step = 1112
value_mean = 0.9999271631240845
