entropy_mean = 1.43889319896698
loss_policy = 1.423194169998169
loss_total = 5.797380447387695
loss_value = 1.0
step = 2863
value_mean = -1.0
