entropy_mean = 5.039164066314697
loss_policy = 5.251517295837402
loss_total = 12.553112983703613
loss_value = 0.9999999403953552
step = 480
value_mean = -0.9999999403953552
