entropy_mean = 1.542482614517212
loss_policy = 1.5770142078399658
loss_total = 6.578948974609375
loss_value = 1.0
step = 2345
value_mean = -1.0
