entropy_mean = 4.311498641967773
loss_policy = 5.0074872970581055
loss_total = 12.036799430847168
loss_value = 1.0234375
step = 614
value_mean = -1.0
