entropy_mean = 4.20689582824707
loss_policy = 4.402854919433594
loss_total = 10.820442199707031
loss_value = 0.9921873211860657
step = 991
value_mean = -0.9999998807907104
