entropy_mean = 1.792940616607666
loss_policy = 1.78993558883667
loss_total = 7.34539794921875
loss_value = 0.9999743103981018
step = 1851
value_mean = 0.99998939037323
