entropy_mean = 2.0186104774475098
loss_policy = 2.40159273147583
loss_total = 8.138368606567383
loss_value = 0.9921859502792358
step = 1680
value_mean = 0.9999989867210388
