entropy_mean = 2.318284034729004
loss_policy = 2.857419013977051
loss_total = 8.984675407409668
loss_value = 1.0229032039642334
step = 1294
value_mean = 0.9974088072776794
