entropy_mean = 2.227686882019043
loss_policy = 2.0833396911621094
loss_total = 7.773809432983398
loss_value = 1.0234252214431763
step = 1751
value_mean = 0.9999943971633911
