entropy_mean = 2.3432486057281494
loss_policy = 2.4110701084136963
loss_total = 8.327362060546875
loss_value = 1.0234365463256836
step = 1534
value_mean = 0.9999995827674866
