entropy_mean = 1.5296261310577393
loss_policy = 1.860534906387329
loss_total = 7.325811386108398
loss_value = 0.9999426603317261
step = 1932
value_mean = 0.9999687671661377
