entropy_mean = 3.6532058715820312
loss_policy = 3.786722183227539
loss_total = 9.946072578430176
loss_value = 0.9240590333938599
step = 1156
value_mean = -0.2221311330795288
