entropy_mean = 4.254483699798584
loss_policy = 4.78572940826416
loss_total = 11.415328025817871
loss_value = 0.9999998807907104
step = 837
value_mean = -0.9999998807907104
