entropy_mean = 1.4538530111312866
loss_policy = 1.4468916654586792
loss_total = 6.0651936531066895
loss_value = 1.0234375
step = 2676
value_mean = -1.0
