entropy_mean = 1.6538338661193848
loss_policy = 1.982620120048523
loss_total = 7.452649116516113
loss_value = 0.9999520778656006
step = 1927
value_mean = 0.9999749064445496
