entropy_mean = 5.0058722496032715
loss_policy = 5.401315689086914
loss_total = 12.860837936401367
loss_value = 1.0
step = 390
value_mean = -1.0
