entropy_mean = 1.834479570388794
loss_policy = 2.0132880210876465
loss_total = 7.427083969116211
loss_value = 0.9825377464294434
step = 1965
value_mean = 0.9984836578369141
