entropy_mean = 4.791274070739746
loss_policy = 5.273496150970459
loss_total = 12.048431396484375
loss_value = 1.0
step = 742
value_mean = -1.0
