entropy_mean = 2.344735622406006
loss_policy = 2.4725732803344727
loss_total = 8.397608757019043
loss_value = 1.0390615463256836
step = 1541
value_mean = 0.9999994039535522
