entropy_mean = 2.625835418701172
loss_policy = 2.771045446395874
loss_total = 8.805784225463867
loss_value = 0.9932721853256226
step = 1383
value_mean = 0.9992349743843079
