entropy_mean = 2.368253469467163
loss_policy = 3.104038715362549
loss_total = 9.239177703857422
loss_value = 0.9999701976776123
step = 1258
value_mean = -0.9999973773956299
