entropy_mean = 4.473504066467285
loss_policy = 5.188248634338379
loss_total = 12.387836456298828
loss_value = 1.0234365463256836
step = 535
value_mean = -0.9999995231628418
