entropy_mean = 3.098541259765625
loss_policy = 3.178515672683716
loss_total = 9.056017875671387
loss_value = 0.7233657240867615
step = 1238
value_mean = 0.7937945127487183
