entropy_mean = 4.23285436630249
loss_policy = 4.626540184020996
loss_total = 11.35512924194336
loss_value = 1.0
step = 771
value_mean = -1.0
