entropy_mean = 2.2052488327026367
loss_policy = 2.4919328689575195
loss_total = 8.420304298400879
loss_value = 0.999998927116394
step = 1499
value_mean = 0.9999995231628418
