entropy_mean = 1.7210752964019775
loss_policy = 1.7090078592300415
loss_total = 6.90285587310791
loss_value = 1.015625
step = 2193
value_mean = -1.0
