entropy_mean = 2.0122742652893066
loss_policy = 2.1375253200531006
loss_total = 7.6551079750061035
loss_value = 0.9921693205833435
step = 1878
value_mean = 0.9999896287918091
