entropy_mean = 2.326467275619507
loss_policy = 2.460155963897705
loss_total = 8.381328582763672
loss_value = 0.999998927116394
step = 1506
value_mean = 0.9999995231628418
