entropy_mean = 1.5569196939468384
loss_policy = 1.510805606842041
loss_total = 6.099564552307129
loss_value = 1.0
step = 2682
value_mean = -1.0
