entropy_mean = 1.5079140663146973
loss_policy = 1.6524755954742432
loss_total = 6.350010871887207
loss_value = 1.0
step = 2590
value_mean = -1.0
