entropy_mean = 5.197928428649902
loss_policy = 5.833096504211426
loss_total = 13.224615097045898
loss_value = 0.9921875
step = 425
value_mean = -1.0
