entropy_mean = 3.577047348022461
loss_policy = 4.013491153717041
loss_total = 10.43377685546875
loss_value = 0.9921874403953552
step = 989
value_mean = -0.9999998807907104
