entropy_mean = 5.914031028747559
loss_policy = 6.343160152435303
loss_total = 14.008277893066406
loss_value = 0.9921797513961792
step = 252
value_mean = -0.9999966025352478
