entropy_mean = 4.641007423400879
loss_policy = 4.829006195068359
loss_total = 11.727346420288086
loss_value = 1.0234363079071045
step = 689
value_mean = -0.9999995231628418
