entropy_mean = 2.6821951866149902
loss_policy = 3.0241305828094482
loss_total = 8.411768913269043
loss_value = 0.33504095673561096
step = 1361
value_mean = 0.5346925258636475
