entropy_mean = 1.6956087350845337
loss_policy = 1.7452871799468994
loss_total = 7.109042167663574
loss_value = 0.9921875
step = 2020
value_mean = -1.0
