entropy_mean = 5.126763820648193
loss_policy = 6.131899833679199
loss_total = 13.891414642333984
loss_value = 0.9843747615814209
step = 150
value_mean = -0.9999999403953552
