entropy_mean = 4.623103141784668
loss_policy = 4.846423149108887
loss_total = 11.840227127075195
loss_value = 0.9921875
step = 616
value_mean = -1.0
