entropy_mean = 4.207368850708008
loss_policy = 4.692718505859375
loss_total = 11.549949645996094
loss_value = 0.9999992847442627
step = 699
value_mean = -0.9999995231628418
