entropy_mean = 4.674458026885986
loss_policy = 5.446495056152344
loss_total = 12.900712966918945
loss_value = 1.0
step = 393
value_mean = -1.0
