entropy_mean = 1.7011046409606934
loss_policy = 1.8138096332550049
loss_total = 6.905852317810059
loss_value = 1.0234375
step = 2288
value_mean = -1.0
