entropy_mean = 1.515037178993225
loss_policy = 1.79783296585083
loss_total = 7.062082290649414
loss_value = 1.0
step = 2114
value_mean = -1.0
