entropy_mean = 3.3876161575317383
loss_policy = 3.7316837310791016
loss_total = 9.981740951538086
loss_value = 0.9921875
step = 1132
value_mean = 1.0
