entropy_mean = 1.2648547887802124
loss_policy = 1.5518560409545898
loss_total = 6.037871360778809
loss_value = 0.9921875
step = 2761
value_mean = -1.0
