entropy_mean = 2.463643789291382
loss_policy = 2.5569908618927
loss_total = 8.422218322753906
loss_value = 0.8067760467529297
step = 1353
value_mean = -0.23316079378128052
