entropy_mean = 5.933466911315918
loss_policy = 5.799394607543945
loss_total = 13.549732208251953
loss_value = 1.0156242847442627
step = 203
value_mean = -0.9999996423721313
