entropy_mean = 1.4672884941101074
loss_policy = 1.5546181201934814
loss_total = 6.434042930603027
loss_value = 1.0234375
step = 2460
value_mean = -1.0
