entropy_mean = 5.159915924072266
loss_policy = 5.636203765869141
loss_total = 13.325403213500977
loss_value = 0.9999971389770508
step = 240
value_mean = -0.9999984502792358
