entropy_mean = 1.3589621782302856
loss_policy = 1.7524867057800293
loss_total = 6.504546642303467
loss_value = 1.0
step = 2540
value_mean = -1.0
