entropy_mean = 5.809048652648926
loss_policy = 6.322604179382324
loss_total = 14.17844009399414
loss_value = 1.0393061637878418
step = 23
value_mean = 0.9932372570037842
