entropy_mean = 1.8008332252502441
loss_policy = 2.199918746948242
loss_total = 7.868984699249268
loss_value = 0.9999902248382568
step = 1749
value_mean = 0.9999954700469971
