entropy_mean = 1.4851220846176147
loss_policy = 1.4934148788452148
loss_total = 5.95062780380249
loss_value = 1.0078125
step = 2799
value_mean = -1.0
