entropy_mean = 1.446423888206482
loss_policy = 1.5106821060180664
loss_total = 6.046724319458008
loss_value = 1.0
step = 2726
value_mean = -1.0
