entropy_mean = 3.6949880123138428
loss_policy = 3.4389193058013916
loss_total = 9.625116348266602
loss_value = 0.9961650371551514
step = 1201
value_mean = 0.7768605351448059
