entropy_mean = 5.639081001281738
loss_policy = 5.862685203552246
loss_total = 13.333453178405762
loss_value = 0.6615670323371887
step = 55
value_mean = 0.5687084197998047
