entropy_mean = 2.1718876361846924
loss_policy = 2.4017226696014404
loss_total = 8.176920890808105
loss_value = 1.023435354232788
step = 1673
value_mean = 0.999998927116394
