entropy_mean = 1.4495532512664795
loss_policy = 1.6956064701080322
loss_total = 6.417201519012451
loss_value = 1.0
step = 2569
value_mean = -1.0
