entropy_mean = 1.5363892316818237
loss_policy = 1.534189224243164
loss_total = 6.729129314422607
loss_value = 1.0234375
step = 2200
value_mean = -1.0
