entropy_mean = 4.914365768432617
loss_policy = 5.054966449737549
loss_total = 11.936338424682617
loss_value = 0.9999998807907104
step = 685
value_mean = -1.0
