entropy_mean = 1.4287395477294922
loss_policy = 1.5534343719482422
loss_total = 5.958206653594971
loss_value = 0.9921875
step = 2831
value_mean = -1.0
