entropy_mean = 1.4545574188232422
loss_policy = 1.4707207679748535
loss_total = 6.094199180603027
loss_value = 0.984375
step = 2639
value_mean = -1.0
