entropy_mean = 1.7200764417648315
loss_policy = 1.745217204093933
loss_total = 7.094644546508789
loss_value = 1.0
step = 2040
value_mean = -1.0
