entropy_mean = 5.37082052230835
loss_policy = 6.702680587768555
loss_total = 14.524221420288086
loss_value = 1.0042530298233032
step = 16
value_mean = 0.9880639314651489
