entropy_mean = 1.4781379699707031
loss_policy = 1.5979217290878296
loss_total = 6.609105110168457
loss_value = 1.0390625
step = 2370
value_mean = -1.0
