entropy_mean = 1.3155794143676758
loss_policy = 1.4972796440124512
loss_total = 6.333175182342529
loss_value = 0.9921875
step = 2469
value_mean = -1.0
