entropy_mean = 1.6698496341705322
loss_policy = 1.742922306060791
loss_total = 6.42680549621582
loss_value = 0.9921875
step = 2595
value_mean = -1.0
