entropy_mean = 3.8578109741210938
loss_policy = 4.093112945556641
loss_total = 10.457347869873047
loss_value = 0.9921813011169434
step = 1032
value_mean = -0.9999951720237732
