entropy_mean = 1.7927520275115967
loss_policy = 1.8512418270111084
loss_total = 7.301285743713379
loss_value = 0.9999210238456726
step = 1948
value_mean = 0.9999475479125977
