entropy_mean = 2.9162521362304688
loss_policy = 3.5652153491973877
loss_total = 9.627878189086914
loss_value = 0.8200027942657471
step = 1148
value_mean = -0.13425904512405396
