entropy_mean = 4.558925151824951
loss_policy = 5.252068042755127
loss_total = 12.700620651245117
loss_value = 1.0
step = 396
value_mean = -1.0
