entropy_mean = 2.8380720615386963
loss_policy = 3.2333316802978516
loss_total = 9.344367980957031
loss_value = 0.9853992462158203
step = 1269
value_mean = -0.9278167486190796
