entropy_mean = 3.1798367500305176
loss_policy = 3.588064670562744
loss_total = 9.823320388793945
loss_value = 0.9876388311386108
step = 1143
value_mean = 0.9371156692504883
