entropy_mean = 1.5279408693313599
loss_policy = 1.5864253044128418
loss_total = 6.512648582458496
loss_value = 1.0234375
step = 2426
value_mean = -1.0
