entropy_mean = 1.888787865638733
loss_policy = 1.990477442741394
loss_total = 7.627369403839111
loss_value = 1.0234204530715942
step = 1800
value_mean = 0.9999920129776001
