entropy_mean = 5.459081649780273
loss_policy = 5.772644996643066
loss_total = 13.015040397644043
loss_value = 0.4427373707294464
step = 96
value_mean = 0.03880403935909271
