entropy_mean = 3.9327406883239746
loss_policy = 4.181709289550781
loss_total = 10.581437110900879
loss_value = 0.9921869039535522
step = 1005
value_mean = -0.9999995827674866
