entropy_mean = 2.039095878601074
loss_policy = 1.985966682434082
loss_total = 7.684360504150391
loss_value = 1.0156140327453613
step = 1736
value_mean = 0.9999942779541016
