entropy_mean = 1.9294657707214355
loss_policy = 2.072685718536377
loss_total = 7.768133163452148
loss_value = 0.9999909400939941
step = 1725
value_mean = 0.9999952912330627
