entropy_mean = 1.4067143201828003
loss_policy = 1.5916428565979004
loss_total = 6.381901741027832
loss_value = 1.0
step = 2511
value_mean = -1.0
