entropy_mean = 5.599792957305908
loss_policy = 5.972626686096191
loss_total = 13.79118537902832
loss_value = 1.002648949623108
step = 27
value_mean = 0.9278268218040466
