entropy_mean = 2.604689836502075
loss_policy = 3.361177921295166
loss_total = 9.414741516113281
loss_value = 0.8665351867675781
step = 1204
value_mean = -0.009039239957928658
