entropy_mean = 4.584168910980225
loss_policy = 4.933446884155273
loss_total = 11.553106307983398
loss_value = 0.9999997615814209
step = 844
value_mean = -0.9999999403953552
