entropy_mean = 3.816046714782715
loss_policy = 4.072752952575684
loss_total = 10.460714340209961
loss_value = 0.9999939203262329
step = 1021
value_mean = -0.9999961853027344
