entropy_mean = 3.288693904876709
loss_policy = 3.43080997467041
loss_total = 9.599308967590332
loss_value = 0.9794231057167053
step = 1202
value_mean = 0.6253311038017273
