entropy_mean = 1.7755143642425537
loss_policy = 1.9428560733795166
loss_total = 7.497237205505371
loss_value = 0.9999768733978271
step = 1852
value_mean = 0.9999901056289673
