entropy_mean = 2.368433713912964
loss_policy = 2.31382417678833
loss_total = 8.148090362548828
loss_value = 0.9921863079071045
step = 1583
value_mean = 0.9999994039535522
