entropy_mean = 5.434295654296875
loss_policy = 5.892826080322266
loss_total = 13.622150421142578
loss_value = 1.023435354232788
step = 228
value_mean = -0.9999988079071045
