entropy_mean = 5.699859619140625
loss_policy = 5.5277099609375
loss_total = 13.124663352966309
loss_value = 0.9999656677246094
step = 311
value_mean = -0.9999861717224121
