entropy_mean = 2.426544666290283
loss_policy = 2.953524112701416
loss_total = 8.99397087097168
loss_value = 1.015622854232788
step = 1404
value_mean = 0.9999993443489075
