entropy_mean = 1.564335584640503
loss_policy = 1.698302984237671
loss_total = 6.490176677703857
loss_value = 0.9921875
step = 2503
value_mean = -1.0
