entropy_mean = 1.8871304988861084
loss_policy = 1.8455276489257812
loss_total = 7.33587646484375
loss_value = 0.9999674558639526
step = 1908
value_mean = 0.9999862909317017
