entropy_mean = 4.611239433288574
loss_policy = 4.6717023849487305
loss_total = 11.351337432861328
loss_value = 1.046875
step = 835
value_mean = -0.9999999403953552
