entropy_mean = 1.4811495542526245
loss_policy = 1.679057240486145
loss_total = 6.442532539367676
loss_value = 0.9921875
step = 2526
value_mean = -1.0
