entropy_mean = 4.297919273376465
loss_policy = 6.797266483306885
loss_total = 14.130334854125977
loss_value = 0.9921875
step = 459
value_mean = -1.0
