entropy_mean = 3.569770336151123
loss_policy = 4.635675430297852
loss_total = 11.254095077514648
loss_value = 1.0
step = 845
value_mean = -1.0
