entropy_mean = 2.242581844329834
loss_policy = 2.6149613857269287
loss_total = 8.645395278930664
loss_value = 0.9921610355377197
step = 1388
value_mean = 0.9999934434890747
