entropy_mean = 4.416847229003906
loss_policy = 5.277434349060059
loss_total = 12.420228958129883
loss_value = 1.0
step = 548
value_mean = -1.0
