entropy_mean = 5.951972007751465
loss_policy = 6.3507080078125
loss_total = 14.113073348999023
loss_value = 1.0
step = 167
value_mean = -1.0
