entropy_mean = 4.284631729125977
loss_policy = 4.373870372772217
loss_total = 10.862491607666016
loss_value = 1.0234360694885254
step = 963
value_mean = -0.9999994039535522
