entropy_mean = 5.31329345703125
loss_policy = 5.535771369934082
loss_total = 13.105804443359375
loss_value = 1.0468673706054688
step = 357
value_mean = -1.0
