entropy_mean = 1.443005084991455
loss_policy = 1.595088005065918
loss_total = 6.6365580558776855
loss_value = 1.0
step = 2313
value_mean = -1.0
