entropy_mean = 2.4494810104370117
loss_policy = 2.5463597774505615
loss_total = 8.415220260620117
loss_value = 0.9999986886978149
step = 1557
value_mean = 0.9999991059303284
