entropy_mean = 4.751238822937012
loss_policy = 4.92519474029541
loss_total = 11.808120727539062
loss_value = 0.9999971985816956
step = 684
value_mean = -0.9999992251396179
