entropy_mean = 4.7328925132751465
loss_policy = 6.19732666015625
loss_total = 13.607029914855957
loss_value = 1.0
step = 418
value_mean = -1.0
