entropy_mean = 1.9392248392105103
loss_policy = 2.157271146774292
loss_total = 7.955014228820801
loss_value = 0.9843729138374329
step = 1612
value_mean = 0.999998927116394
