entropy_mean = 1.5721153020858765
loss_policy = 1.8757905960083008
loss_total = 7.239031791687012
loss_value = 1.0
step = 2028
value_mean = -1.0
