entropy_mean = 1.524950623512268
loss_policy = 1.9862982034683228
loss_total = 7.48624324798584
loss_value = 0.9921603798866272
step = 1893
value_mean = 0.9999872446060181
