entropy_mean = 4.962209224700928
loss_policy = 6.334829807281494
loss_total = 13.743141174316406
loss_value = 1.0
step = 419
value_mean = -1.0
