entropy_mean = 4.476164817810059
loss_policy = 4.849080562591553
loss_total = 11.691770553588867
loss_value = 0.999993085861206
step = 706
value_mean = -0.999997615814209
