entropy_mean = 1.4863234758377075
loss_policy = 1.474033236503601
loss_total = 6.246998310089111
loss_value = 0.9921875
step = 2519
value_mean = -1.0
