entropy_mean = 3.1514387130737305
loss_policy = 3.360705852508545
loss_total = 9.397611618041992
loss_value = 0.8686422109603882
step = 1224
value_mean = -0.15500864386558533
