entropy_mean = 4.697926998138428
loss_policy = 4.932406425476074
loss_total = 11.878419876098633
loss_value = 0.9999995231628418
step = 648
value_mean = -0.9999998807907104
