entropy_mean = 1.590315580368042
loss_policy = 1.5679287910461426
loss_total = 6.656129837036133
loss_value = 1.0234375
step = 2292
value_mean = -1.0
