entropy_mean = 3.3447914123535156
loss_policy = 3.742541790008545
loss_total = 9.926582336425781
loss_value = 0.9653138518333435
step = 1173
value_mean = 0.8713759183883667
