entropy_mean = 2.4706058502197266
loss_policy = 2.479201078414917
loss_total = 8.384195327758789
loss_value = 0.9921863079071045
step = 1514
value_mean = 0.9999991655349731
