entropy_mean = 3.3450427055358887
loss_policy = 3.7711079120635986
loss_total = 10.122544288635254
loss_value = 0.9999890923500061
step = 1047
value_mean = -0.9999887943267822
