entropy_mean = 3.0428619384765625
loss_policy = 3.507730484008789
loss_total = 9.721476554870605
loss_value = 0.9901039600372314
step = 1168
value_mean = 0.6393042802810669
