entropy_mean = 1.6586452722549438
loss_policy = 1.7175828218460083
loss_total = 6.760436058044434
loss_value = 1.0234375
step = 2330
value_mean = -1.0
