entropy_mean = 4.217568397521973
loss_policy = 4.4200334548950195
loss_total = 11.039630889892578
loss_value = 1.023435115814209
step = 864
value_mean = -0.9999992251396179
