entropy_mean = 5.507630825042725
loss_policy = 5.973231315612793
loss_total = 13.440975189208984
loss_value = 0.6610710620880127
step = 65
value_mean = -0.01693837158381939
