entropy_mean = 5.265839576721191
loss_policy = 5.884112358093262
loss_total = 13.643893241882324
loss_value = 0.9999998211860657
step = 171
value_mean = -0.9999999403953552
