entropy_mean = 2.278109550476074
loss_policy = 2.6649043560028076
loss_total = 8.668313980102539
loss_value = 0.9999998807907104
step = 1426
value_mean = 0.9999999403953552
