entropy_mean = 4.5267181396484375
loss_policy = 5.018275260925293
loss_total = 11.896438598632812
loss_value = 0.9999994039535522
step = 687
value_mean = -0.9999995827674866
