entropy_mean = 5.6350908279418945
loss_policy = 5.930504322052002
loss_total = 13.341316223144531
loss_value = 0.5974851846694946
step = 39
value_mean = -0.6209813356399536
