entropy_mean = 1.437108039855957
loss_policy = 1.5637637376785278
loss_total = 6.962973117828369
loss_value = 1.0234375
step = 2016
value_mean = -1.0
