entropy_mean = 1.3574769496917725
loss_policy = 1.3758511543273926
loss_total = 5.847472190856934
loss_value = 1.0234375
step = 2800
value_mean = -1.0
