entropy_mean = 1.380326509475708
loss_policy = 1.809680700302124
loss_total = 6.504849433898926
loss_value = 1.0
step = 2592
value_mean = -1.0
