entropy_mean = 1.9609346389770508
loss_policy = 2.1281580924987793
loss_total = 7.877778053283691
loss_value = 0.9999980926513672
step = 1675
value_mean = 0.999998927116394
