entropy_mean = 4.4032087326049805
loss_policy = 4.648660659790039
loss_total = 11.189584732055664
loss_value = 0.9999998807907104
step = 902
value_mean = -0.9999999403953552
