entropy_mean = 1.972175121307373
loss_policy = 2.408505439758301
loss_total = 8.172693252563477
loss_value = 1.0156214237213135
step = 1676
value_mean = 0.9999980926513672
