entropy_mean = 1.6067886352539062
loss_policy = 1.8198683261871338
loss_total = 7.297215938568115
loss_value = 1.0231952667236328
step = 1944
value_mean = 0.9999058246612549
