entropy_mean = 1.9527842998504639
loss_policy = 2.1276865005493164
loss_total = 7.880947113037109
loss_value = 1.0234357118606567
step = 1694
value_mean = 0.9999987483024597
