entropy_mean = 2.962581157684326
loss_policy = 2.9548397064208984
loss_total = 8.46178150177002
loss_value = 0.44088900089263916
step = 1342
value_mean = 0.5559659004211426
