entropy_mean = 5.852193832397461
loss_policy = 6.065625190734863
loss_total = 13.577434539794922
loss_value = 0.7113953828811646
step = 93
value_mean = 0.5449787378311157
