entropy_mean = 1.841207504272461
loss_policy = 1.834599256515503
loss_total = 7.623019218444824
loss_value = 1.0234322547912598
step = 1660
value_mean = 0.9999960660934448
