entropy_mean = 5.72383451461792
loss_policy = 5.978344917297363
loss_total = 13.743539810180664
loss_value = 0.9511425495147705
step = 36
value_mean = 0.53398597240448
