entropy_mean = 1.4864301681518555
loss_policy = 1.7317440509796143
loss_total = 6.933018684387207
loss_value = 1.0
step = 2171
value_mean = -1.0
