entropy_mean = 3.897709846496582
loss_policy = 4.98752498626709
loss_total = 11.612569808959961
loss_value = 0.9999999403953552
step = 840
value_mean = -0.9999998807907104
