entropy_mean = 1.7120685577392578
loss_policy = 2.0093212127685547
loss_total = 7.644406318664551
loss_value = 0.9921807050704956
step = 1774
value_mean = 0.9999964237213135
