entropy_mean = 2.925034999847412
loss_policy = 2.8182287216186523
loss_total = 8.167848587036133
loss_value = 0.29487937688827515
step = 1358
value_mean = -0.36912211775779724
