entropy_mean = 1.6851246356964111
loss_policy = 1.6050907373428345
loss_total = 6.218021869659424
loss_value = 0.9921875
step = 2655
value_mean = -1.0
