entropy_mean = 3.1689696311950684
loss_policy = 3.50915265083313
loss_total = 9.576766014099121
loss_value = 0.8562453985214233
step = 1180
value_mean = 0.3357619047164917
