entropy_mean = 3.6865928173065186
loss_policy = 4.315264701843262
loss_total = 10.812994956970215
loss_value = 1.0390619039535522
step = 967
value_mean = -0.9999997019767761
