entropy_mean = 1.9825533628463745
loss_policy = 2.507491111755371
loss_total = 8.307672500610352
loss_value = 0.9999960064888
step = 1624
value_mean = 0.9999973773956299
