entropy_mean = 5.074992656707764
loss_policy = 5.482129096984863
loss_total = 12.802846908569336
loss_value = 0.9999999403953552
step = 471
value_mean = -1.0
