entropy_mean = 5.594325065612793
loss_policy = 5.923011302947998
loss_total = 12.963518142700195
loss_value = 0.2421528697013855
step = 101
value_mean = 0.09024761617183685
