entropy_mean = 5.6111226081848145
loss_policy = 6.00634241104126
loss_total = 13.646080017089844
loss_value = 0.8276274800300598
step = 44
value_mean = -0.5584131479263306
