entropy_mean = 5.121423244476318
loss_policy = 5.9007110595703125
loss_total = 13.46164321899414
loss_value = 1.022205114364624
step = 349
value_mean = -0.998619556427002
