entropy_mean = 3.391707420349121
loss_policy = 3.625284433364868
loss_total = 9.780556678771973
loss_value = 0.9163296222686768
step = 1152
value_mean = -0.005913920700550079
