entropy_mean = 3.8685362339019775
loss_policy = 4.454780101776123
loss_total = 10.866174697875977
loss_value = 0.9999986886978149
step = 1002
value_mean = -0.9999992847442627
