entropy_mean = 1.5046377182006836
loss_policy = 1.5260167121887207
loss_total = 6.236510276794434
loss_value = 1.0
step = 2579
value_mean = -1.0
