entropy_mean = 1.368023157119751
loss_policy = 1.7119312286376953
loss_total = 6.443367958068848
loss_value = 0.9921875
step = 2552
value_mean = -1.0
