entropy_mean = 2.3744120597839355
loss_policy = 2.418398380279541
loss_total = 8.230112075805664
loss_value = 0.9921865463256836
step = 1606
value_mean = 0.9999994039535522
