entropy_mean = 4.902748107910156
loss_policy = 5.37139368057251
loss_total = 12.761781692504883
loss_value = 1.0
step = 431
value_mean = -1.0
