entropy_mean = 5.338460445404053
loss_policy = 6.570434093475342
loss_total = 13.661955833435059
loss_value = 0.29927200078964233
step = 123
value_mean = -0.7538111209869385
