entropy_mean = 4.40047550201416
loss_policy = 5.054141998291016
loss_total = 12.46348762512207
loss_value = 1.046875
step = 448
value_mean = -1.0
