entropy_mean = 1.417283296585083
loss_policy = 1.415737509727478
loss_total = 5.847850322723389
loss_value = 1.0
step = 2815
value_mean = -1.0
