entropy_mean = 3.7155909538269043
loss_policy = 3.7373483180999756
loss_total = 9.998894691467285
loss_value = 0.9921875
step = 1121
value_mean = 1.0
