entropy_mean = 1.3558028936386108
loss_policy = 1.5054463148117065
loss_total = 5.870316505432129
loss_value = 1.0234375
step = 2891
value_mean = -1.0
