entropy_mean = 1.9636521339416504
loss_policy = 2.0794448852539062
loss_total = 7.8626604080200195
loss_value = 0.9999935626983643
step = 1641
value_mean = 0.9999971389770508
