entropy_mean = 3.8190574645996094
loss_policy = 5.992875099182129
loss_total = 13.407011032104492
loss_value = 1.0
step = 415
value_mean = -1.0
