entropy_mean = 3.4492197036743164
loss_policy = 3.848330020904541
loss_total = 10.116565704345703
loss_value = 1.0
step = 1122
value_mean = 1.0
