entropy_mean = 3.273106098175049
loss_policy = 2.9796695709228516
loss_total = 9.018085479736328
loss_value = 0.936397135257721
step = 1297
value_mean = 0.1842871457338333
