entropy_mean = 3.7157773971557617
loss_policy = 4.581170558929443
loss_total = 11.043062210083008
loss_value = 1.023436427116394
step = 981
value_mean = -0.9999996423721313
