entropy_mean = 2.623049259185791
loss_policy = 2.582105875015259
loss_total = 8.395829200744629
loss_value = 0.7679213285446167
step = 1374
value_mean = 0.5889829397201538
