entropy_mean = 1.3924362659454346
loss_policy = 1.5724797248840332
loss_total = 6.43494987487793
loss_value = 0.9921875
step = 2449
value_mean = -1.0
