entropy_mean = 1.4285824298858643
loss_policy = 1.5628968477249146
loss_total = 6.445627689361572
loss_value = 1.0
step = 2440
value_mean = -1.0
