entropy_mean = 1.557262897491455
loss_policy = 1.6652826070785522
loss_total = 6.619154930114746
loss_value = 1.0
step = 2386
value_mean = -1.0
