entropy_mean = 2.883589744567871
loss_policy = 2.59539794921875
loss_total = 8.597623825073242
loss_value = 0.9411132335662842
step = 1349
value_mean = 0.6305603384971619
