entropy_mean = 2.8549094200134277
loss_policy = 3.171800374984741
loss_total = 8.463271141052246
loss_value = 0.24016548693180084
step = 1363
value_mean = 0.42402029037475586
