entropy_mean = 2.2053141593933105
loss_policy = 2.621880292892456
loss_total = 8.584392547607422
loss_value = 1.0156245231628418
step = 1480
value_mean = 0.9999997615814209
