entropy_mean = 4.473110675811768
loss_policy = 5.343225479125977
loss_total = 12.554646492004395
loss_value = 0.9921866655349731
step = 512
value_mean = -0.9999996423721313
