entropy_mean = 4.877998352050781
loss_policy = 5.182221412658691
loss_total = 12.20777416229248
loss_value = 0.9999997019767761
step = 605
value_mean = -0.9999998211860657
