entropy_mean = 4.022341728210449
loss_policy = 5.950013160705566
loss_total = 13.285430908203125
loss_value = 0.9999998807907104
step = 462
value_mean = -0.9999998807907104
