entropy_mean = 1.3640711307525635
loss_policy = 1.595961332321167
loss_total = 6.275485992431641
loss_value = 1.0
step = 2605
value_mean = -1.0
