entropy_mean = 5.654807090759277
loss_policy = 5.989073753356934
loss_total = 13.698556900024414
loss_value = 0.8956728577613831
step = 37
value_mean = 0.5064694881439209
