entropy_mean = 1.433032751083374
loss_policy = 1.677777886390686
loss_total = 7.009176254272461
loss_value = 1.0
step = 2055
value_mean = -1.0
