entropy_mean = 1.6283221244812012
loss_policy = 1.5873677730560303
loss_total = 6.3572998046875
loss_value = 1.0390625
step = 2560
value_mean = -1.0
