entropy_mean = 4.502203941345215
loss_policy = 5.029115676879883
loss_total = 11.682190895080566
loss_value = 0.9999992847442627
step = 820
value_mean = -0.9999996423721313
