entropy_mean = 1.5111409425735474
loss_policy = 1.558853268623352
loss_total = 6.47944974899292
loss_value = 1.0234375
step = 2430
value_mean = -1.0
