entropy_mean = 1.8722984790802002
loss_policy = 1.8002965450286865
loss_total = 7.158777713775635
loss_value = 1.0234375
step = 2052
value_mean = -1.0
