entropy_mean = 5.331569671630859
loss_policy = 5.733368873596191
loss_total = 13.391934394836426
loss_value = 0.9999923706054688
step = 263
value_mean = -0.999996542930603
