entropy_mean = 5.473093032836914
loss_policy = 5.9691596031188965
loss_total = 13.709151268005371
loss_value = 0.9921871423721313
step = 187
value_mean = -0.9999998211860657
