entropy_mean = 2.838799476623535
loss_policy = 3.1264381408691406
loss_total = 9.068649291992188
loss_value = 0.7970899343490601
step = 1247
value_mean = 0.9438849091529846
