entropy_mean = 1.6049511432647705
loss_policy = 1.686689019203186
loss_total = 7.0807108879089355
loss_value = 1.0234375
step = 2021
value_mean = -1.0
