entropy_mean = 1.8786345720291138
loss_policy = 1.975513219833374
loss_total = 7.587795257568359
loss_value = 0.9999846816062927
step = 1801
value_mean = 0.9999933838844299
