entropy_mean = 1.5027341842651367
loss_policy = 1.666770339012146
loss_total = 6.676494121551514
loss_value = 1.0
step = 2338
value_mean = -1.0
