entropy_mean = 1.6694920063018799
loss_policy = 1.895972490310669
loss_total = 7.502283573150635
loss_value = 0.9999821186065674
step = 1806
value_mean = 0.9999929666519165
