entropy_mean = 2.8513591289520264
loss_policy = 3.2994141578674316
loss_total = 9.313163757324219
loss_value = 0.8304283618927002
step = 1208
value_mean = 0.3981544077396393
