entropy_mean = 1.3777456283569336
loss_policy = 1.581344723701477
loss_total = 6.11405611038208
loss_value = 1.0234375
step = 2748
value_mean = -1.0
