entropy_mean = 1.337672233581543
loss_policy = 1.5168194770812988
loss_total = 5.863311767578125
loss_value = 1.0
step = 2886
value_mean = -1.0
