entropy_mean = 4.451219081878662
loss_policy = 5.147530555725098
loss_total = 12.411111831665039
loss_value = 0.9999996423721313
step = 494
value_mean = -0.9999998807907104
