entropy_mean = 4.263383388519287
loss_policy = 4.688501834869385
loss_total = 11.236778259277344
loss_value = 0.9921875
step = 890
value_mean = -1.0
