entropy_mean = 1.4705737829208374
loss_policy = 1.5034584999084473
loss_total = 6.7670979499816895
loss_value = 0.9921875
step = 2108
value_mean = -1.0
