entropy_mean = 2.0822808742523193
loss_policy = 2.178464412689209
loss_total = 7.8735575675964355
loss_value = 0.9921804666519165
step = 1718
value_mean = 0.9999962449073792
