entropy_mean = 5.275733947753906
loss_policy = 5.462947845458984
loss_total = 12.455764770507812
loss_value = 0.46220511198043823
step = 353
value_mean = 0.7615268230438232
