entropy_mean = 3.209104537963867
loss_policy = 3.136350393295288
loss_total = 9.248022079467773
loss_value = 0.9842791557312012
step = 1267
value_mean = -0.9828811287879944
