entropy_mean = 4.387387275695801
loss_policy = 5.002921104431152
loss_total = 11.666145324707031
loss_value = 0.9921871423721313
step = 808
value_mean = -0.9999998807907104
