entropy_mean = 2.0731263160705566
loss_policy = 2.1320388317108154
loss_total = 7.621218681335449
loss_value = 0.999975323677063
step = 1909
value_mean = 0.9999904632568359
