entropy_mean = 4.395212650299072
loss_policy = 4.575288772583008
loss_total = 11.174126625061035
loss_value = 0.9999947547912598
step = 862
value_mean = -0.9999978542327881
