entropy_mean = 1.2900924682617188
loss_policy = 1.4897122383117676
loss_total = 6.829599380493164
loss_value = 1.0
step = 2048
value_mean = -1.0
