entropy_mean = 1.9227218627929688
loss_policy = 2.002706527709961
loss_total = 7.73919677734375
loss_value = 0.9999984502792358
step = 1688
value_mean = 0.9999992847442627
