entropy_mean = 3.5189247131347656
loss_policy = 3.9187026023864746
loss_total = 10.217194557189941
loss_value = 0.9992755651473999
step = 1092
value_mean = -0.9988535642623901
