entropy_mean = 5.061534881591797
loss_policy = 5.078551292419434
loss_total = 12.249874114990234
loss_value = 0.9999997615814209
step = 537
value_mean = -0.9999999403953552
