entropy_mean = 4.205801486968994
loss_policy = 4.637209892272949
loss_total = 11.129618644714355
loss_value = 0.9999977350234985
step = 942
value_mean = -0.9999988079071045
