entropy_mean = 4.552419662475586
loss_policy = 4.825090408325195
loss_total = 11.680255889892578
loss_value = 0.9999408721923828
step = 700
value_mean = -0.9999693632125854
