entropy_mean = 5.645216464996338
loss_policy = 5.954063415527344
loss_total = 13.491162300109863
loss_value = 0.7257500290870667
step = 47
value_mean = 0.45916709303855896
