entropy_mean = 1.4578802585601807
loss_policy = 1.709496021270752
loss_total = 6.733786106109619
loss_value = 1.0
step = 2326
value_mean = -1.0
