entropy_mean = 2.9066660404205322
loss_policy = 3.232952833175659
loss_total = 9.23088264465332
loss_value = 0.8387110233306885
step = 1233
value_mean = 0.5450717806816101
