entropy_mean = 3.213435649871826
loss_policy = 3.4756693840026855
loss_total = 9.655755996704102
loss_value = 0.977181077003479
step = 1188
value_mean = -0.7926387190818787
