entropy_mean = 1.6606314182281494
loss_policy = 1.7812272310256958
loss_total = 6.768640518188477
loss_value = 0.984375
step = 2344
value_mean = -1.0
