entropy_mean = 5.6551618576049805
loss_policy = 5.6646528244018555
loss_total = 13.21728515625
loss_value = 0.7415416836738586
step = 48
value_mean = 0.2628934681415558
