entropy_mean = 1.7317851781845093
loss_policy = 1.849804401397705
loss_total = 7.37290096282959
loss_value = 0.9999791383743286
step = 1880
value_mean = 0.9999914765357971
