entropy_mean = 1.2675707340240479
loss_policy = 1.449578881263733
loss_total = 6.137608528137207
loss_value = 1.0390625
step = 2629
value_mean = -1.0
