entropy_mean = 2.1175453662872314
loss_policy = 2.1704914569854736
loss_total = 7.862397193908691
loss_value = 1.015610694885254
step = 1742
value_mean = 0.9999912977218628
