entropy_mean = 4.8860650062561035
loss_policy = 5.06616735458374
loss_total = 12.416857719421387
loss_value = 0.984375
step = 446
value_mean = -1.0
