entropy_mean = 1.9790691137313843
loss_policy = 2.287496566772461
loss_total = 7.96278190612793
loss_value = 0.9999858140945435
step = 1743
value_mean = 0.9999916553497314
