entropy_mean = 4.413406848907471
loss_policy = 4.9972147941589355
loss_total = 11.61816692352295
loss_value = 0.9999998211860657
step = 843
value_mean = -1.0
