entropy_mean = 5.329629898071289
loss_policy = 5.349383354187012
loss_total = 12.846834182739258
loss_value = 0.984375
step = 362
value_mean = -1.0
