entropy_mean = 4.562129497528076
loss_policy = 5.140609264373779
loss_total = 12.19951343536377
loss_value = 0.9999998807907104
step = 589
value_mean = -1.0
