entropy_mean = 4.998480796813965
loss_policy = 6.466368675231934
loss_total = 14.07113265991211
loss_value = 0.9921668767929077
step = 296
value_mean = -0.9999886751174927
