entropy_mean = 4.010382175445557
loss_policy = 4.46114444732666
loss_total = 10.900115013122559
loss_value = 0.9921873807907104
step = 975
value_mean = -0.9999998807907104
