entropy_mean = 1.5866202116012573
loss_policy = 1.5660905838012695
loss_total = 6.184674263000488
loss_value = 1.0078125
step = 2663
value_mean = -1.0
