entropy_mean = 4.495721817016602
loss_policy = 5.525712490081787
loss_total = 12.897297859191895
loss_value = 0.984375
step = 433
value_mean = -1.0
