entropy_mean = 1.5389082431793213
loss_policy = 1.592905044555664
loss_total = 6.614682197570801
loss_value = 1.0703125
step = 2388
value_mean = -1.0
