entropy_mean = 2.001156806945801
loss_policy = 2.391066074371338
loss_total = 8.286182403564453
loss_value = 0.992186963558197
step = 1524
value_mean = 0.9999997615814209
