entropy_mean = 5.7808098793029785
loss_policy = 7.855554103851318
loss_total = 15.687854766845703
loss_value = 1.0146303176879883
step = 6
value_mean = 0.9994834065437317
