entropy_mean = 1.6622639894485474
loss_policy = 1.7111001014709473
loss_total = 6.577514171600342
loss_value = 1.046875
step = 2487
value_mean = -1.0
