entropy_mean = 3.4674429893493652
loss_policy = 3.5135903358459473
loss_total = 9.776222229003906
loss_value = 1.0140633583068848
step = 1142
value_mean = 0.9756085872650146
