entropy_mean = 4.951850891113281
loss_policy = 5.289278984069824
loss_total = 12.188936233520508
loss_value = 0.9999926090240479
step = 674
value_mean = -0.9999963045120239
