entropy_mean = 2.5403897762298584
loss_policy = 2.50439453125
loss_total = 8.367033004760742
loss_value = 0.9999988675117493
step = 1563
value_mean = 0.9999992847442627
