entropy_mean = 1.5138909816741943
loss_policy = 1.7720451354980469
loss_total = 7.19279146194458
loss_value = 1.0
step = 1975
value_mean = -1.0
