entropy_mean = 3.1327617168426514
loss_policy = 3.2298507690429688
loss_total = 9.23755168914795
loss_value = 0.8403010964393616
step = 1225
value_mean = -0.6601616144180298
