entropy_mean = 2.3925538063049316
loss_policy = 2.267174243927002
loss_total = 8.085576057434082
loss_value = 1.0468697547912598
step = 1653
value_mean = 0.9999970197677612
