entropy_mean = 1.430330514907837
loss_policy = 1.6850539445877075
loss_total = 6.808404922485352
loss_value = 1.0
step = 2242
value_mean = -1.0
