entropy_mean = 2.039609670639038
loss_policy = 2.1792104244232178
loss_total = 7.918838024139404
loss_value = 0.9999982118606567
step = 1685
value_mean = 0.9999992847442627
