entropy_mean = 5.444657802581787
loss_policy = 5.6226067543029785
loss_total = 13.026806831359863
loss_value = 1.0234375
step = 437
value_mean = -1.0
