entropy_mean = 5.762847900390625
loss_policy = 5.872081756591797
loss_total = 13.319887161254883
loss_value = 0.6372615098953247
step = 50
value_mean = -0.38773179054260254
