entropy_mean = 1.643510103225708
loss_policy = 1.7333595752716064
loss_total = 6.796389102935791
loss_value = 0.984375
step = 2279
value_mean = -1.0
