entropy_mean = 1.5975390672683716
loss_policy = 1.7153618335723877
loss_total = 6.96455192565918
loss_value = 1.0
step = 2128
value_mean = -1.0
