entropy_mean = 1.5888911485671997
loss_policy = 1.527794599533081
loss_total = 6.670490264892578
loss_value = 1.0
step = 2226
value_mean = -1.0
