entropy_mean = 5.616114616394043
loss_policy = 5.822216033935547
loss_total = 13.40118408203125
loss_value = 0.7720605134963989
step = 64
value_mean = 0.5508681535720825
