entropy_mean = 1.480579137802124
loss_policy = 1.5991854667663574
loss_total = 6.42402458190918
loss_value = 1.0
step = 2483
value_mean = -1.0
