entropy_mean = 1.567474603652954
loss_policy = 1.9797735214233398
loss_total = 7.674767017364502
loss_value = 1.0156153440475464
step = 1739
value_mean = 0.9999953508377075
