entropy_mean = 3.803708553314209
loss_policy = 3.8743176460266113
loss_total = 10.186399459838867
loss_value = 0.9999323487281799
step = 1081
value_mean = -0.9999719262123108
