entropy_mean = 5.081984519958496
loss_policy = 5.46811056137085
loss_total = 12.978673934936523
loss_value = 1.0
step = 363
value_mean = -1.0
