entropy_mean = 4.469613075256348
loss_policy = 5.353165149688721
loss_total = 12.45866584777832
loss_value = 0.9999985694885254
step = 565
value_mean = -0.999998927116394
