entropy_mean = 5.634605884552002
loss_policy = 6.115879535675049
loss_total = 13.86710262298584
loss_value = 0.9921875
step = 172
value_mean = -1.0
