entropy_mean = 1.511918067932129
loss_policy = 1.5314260721206665
loss_total = 6.412753105163574
loss_value = 1.0
step = 2441
value_mean = -1.0
