entropy_mean = 1.5561891794204712
loss_policy = 1.437494158744812
loss_total = 5.854378700256348
loss_value = 1.0234375
step = 2846
value_mean = -1.0
