entropy_mean = 4.6319379806518555
loss_policy = 5.861058235168457
loss_total = 13.478495597839355
loss_value = 0.9921708106994629
step = 285
value_mean = -0.9999853372573853
