entropy_mean = 1.2814226150512695
loss_policy = 1.3366954326629639
loss_total = 5.825767517089844
loss_value = 1.0078125
step = 2772
value_mean = -1.0
