entropy_mean = 4.210675239562988
loss_policy = 4.361043930053711
loss_total = 10.810853004455566
loss_value = 0.9999998807907104
step = 973
value_mean = -0.9999999403953552
