entropy_mean = 4.050266265869141
loss_policy = 4.474771976470947
loss_total = 10.918643951416016
loss_value = 0.9999998211860657
step = 977
value_mean = -0.9999998807907104
