entropy_mean = 2.3043289184570312
loss_policy = 2.5803182125091553
loss_total = 8.397836685180664
loss_value = 0.9999987483024597
step = 1608
value_mean = 0.9999993443489075
