entropy_mean = 5.492682456970215
loss_policy = 6.103851795196533
loss_total = 13.787991523742676
loss_value = 0.9921841621398926
step = 238
value_mean = -0.9999984502792358
