entropy_mean = 1.5878410339355469
loss_policy = 1.5938146114349365
loss_total = 6.6135711669921875
loss_value = 1.015625
step = 2343
value_mean = -1.0
