entropy_mean = 1.6502312421798706
loss_policy = 1.768080711364746
loss_total = 7.111747741699219
loss_value = 1.0234375
step = 2065
value_mean = -1.0
