entropy_mean = 1.5550146102905273
loss_policy = 1.681671380996704
loss_total = 6.654982089996338
loss_value = 0.9921875
step = 2362
value_mean = -1.0
