entropy_mean = 1.4311109781265259
loss_policy = 1.538941740989685
loss_total = 5.9121198654174805
loss_value = 0.9921875
step = 2857
value_mean = -1.0
