entropy_mean = 5.441981315612793
loss_policy = 5.824260711669922
loss_total = 12.764776229858398
loss_value = 0.14423690736293793
step = 109
value_mean = 0.4606868028640747
