entropy_mean = 1.9000449180603027
loss_policy = 1.9062590599060059
loss_total = 7.46929931640625
loss_value = 0.9999873042106628
step = 1844
value_mean = 0.9999936819076538
