entropy_mean = 4.2020978927612305
loss_policy = 4.630506992340088
loss_total = 11.272099494934082
loss_value = 1.0468707084655762
step = 865
value_mean = -0.9999985694885254
