entropy_mean = 4.349115371704102
loss_policy = 4.870691776275635
loss_total = 11.522415161132812
loss_value = 0.9999995231628418
step = 821
value_mean = -0.9999997615814209
