entropy_mean = 2.0387396812438965
loss_policy = 2.120082378387451
loss_total = 7.735411167144775
loss_value = 1.0468618869781494
step = 1839
value_mean = 0.9999940395355225
