entropy_mean = 1.613886833190918
loss_policy = 1.6544806957244873
loss_total = 6.629927158355713
loss_value = 1.0
step = 2367
value_mean = -1.0
