entropy_mean = 4.521855354309082
loss_policy = 4.93918514251709
loss_total = 11.504897117614746
loss_value = 0.9999998807907104
step = 883
value_mean = -1.0
