entropy_mean = 4.307104110717773
loss_policy = 5.591377258300781
loss_total = 12.81798267364502
loss_value = 0.9921874403953552
step = 505
value_mean = -1.0
