entropy_mean = 3.9373135566711426
loss_policy = 4.417909622192383
loss_total = 10.8984375
loss_value = 1.0234365463256836
step = 968
value_mean = -0.9999996423721313
