entropy_mean = 4.154075622558594
loss_policy = 4.283868312835693
loss_total = 10.727396011352539
loss_value = 0.9921872019767761
step = 972
value_mean = -0.9999998807907104
