entropy_mean = 1.672702431678772
loss_policy = 1.7675021886825562
loss_total = 7.073081016540527
loss_value = 0.984375
step = 2064
value_mean = -1.0
