entropy_mean = 3.7332711219787598
loss_policy = 3.611915111541748
loss_total = 9.868093490600586
loss_value = 0.985805869102478
step = 1120
value_mean = 0.9949878454208374
