entropy_mean = 4.051535606384277
loss_policy = 6.5763726234436035
loss_total = 13.994344711303711
loss_value = 1.015625
step = 423
value_mean = -1.0
