entropy_mean = 1.497902512550354
loss_policy = 1.7397994995117188
loss_total = 6.6628570556640625
loss_value = 1.0
step = 2410
value_mean = -1.0
