entropy_mean = 4.16798210144043
loss_policy = 5.351391792297363
loss_total = 12.801835060119629
loss_value = 1.0234375
step = 407
value_mean = -1.0
