entropy_mean = 1.8521966934204102
loss_policy = 2.0019471645355225
loss_total = 7.7089314460754395
loss_value = 0.9999905824661255
step = 1714
value_mean = 0.9999951124191284
