entropy_mean = 1.5534114837646484
loss_policy = 1.7164506912231445
loss_total = 6.831035614013672
loss_value = 1.0234375
step = 2269
value_mean = -1.0
