entropy_mean = 5.316731929779053
loss_policy = 5.676168441772461
loss_total = 13.164009094238281
loss_value = 1.0234375
step = 387
value_mean = -1.0
