entropy_mean = 3.115828275680542
loss_policy = 3.061180353164673
loss_total = 9.163923263549805
loss_value = 0.996184229850769
step = 1291
value_mean = 0.9821940660476685
