entropy_mean = 1.6067147254943848
loss_policy = 1.7234615087509155
loss_total = 7.295170783996582
loss_value = 0.9999874234199524
step = 1836
value_mean = 0.9999937415122986
