entropy_mean = 5.089241981506348
loss_policy = 5.883487224578857
loss_total = 13.462692260742188
loss_value = 0.9999322891235352
step = 324
value_mean = -0.9999574422836304
