entropy_mean = 5.643257141113281
loss_policy = 5.903117656707764
loss_total = 13.676298141479492
loss_value = 0.9921871423721313
step = 144
value_mean = -0.9999998807907104
