entropy_mean = 4.823646545410156
loss_policy = 5.092201232910156
loss_total = 11.899101257324219
loss_value = 0.9922060966491699
step = 720
value_mean = -0.9862657785415649
