entropy_mean = 4.827316761016846
loss_policy = 5.026998519897461
loss_total = 11.802001953125
loss_value = 1.0703125
step = 786
value_mean = -1.0
