entropy_mean = 4.550396919250488
loss_policy = 4.774790287017822
loss_total = 11.301553726196289
loss_value = 0.9999998211860657
step = 913
value_mean = -0.9999998807907104
