entropy_mean = 2.7182412147521973
loss_policy = 2.821671962738037
loss_total = 8.77627182006836
loss_value = 0.9921872019767761
step = 1465
value_mean = 0.9999998211860657
