entropy_mean = 2.9628214836120605
loss_policy = 3.027806043624878
loss_total = 8.790474891662598
loss_value = 0.7022222280502319
step = 1350
value_mean = -0.5740023255348206
