entropy_mean = 1.851099967956543
loss_policy = 2.070063591003418
loss_total = 7.826128959655762
loss_value = 0.9999962449073792
step = 1669
value_mean = 0.9999983310699463
