entropy_mean = 1.9145512580871582
loss_policy = 2.048611879348755
loss_total = 7.877646446228027
loss_value = 1.0468530654907227
step = 1642
value_mean = 0.9999908208847046
