entropy_mean = 3.4052631855010986
loss_policy = 3.8282370567321777
loss_total = 10.088048934936523
loss_value = 1.0
step = 1130
value_mean = 1.0
