entropy_mean = 4.717817306518555
loss_policy = 5.011661052703857
loss_total = 12.125797271728516
loss_value = 1.0156241655349731
step = 569
value_mean = -0.9999995231628418
