entropy_mean = 3.740513801574707
loss_policy = 4.020008087158203
loss_total = 10.377948760986328
loss_value = 0.9999849796295166
step = 1042
value_mean = -0.9999939799308777
