entropy_mean = 1.6209455728530884
loss_policy = 1.6105811595916748
loss_total = 6.415830612182617
loss_value = 0.984375
step = 2486
value_mean = -1.0
