entropy_mean = 1.3225507736206055
loss_policy = 1.5634750127792358
loss_total = 5.917808532714844
loss_value = 1.0
step = 2879
value_mean = -1.0
