entropy_mean = 1.8784486055374146
loss_policy = 2.2617852687835693
loss_total = 7.8580169677734375
loss_value = 0.9999923706054688
step = 1814
value_mean = 0.9999959468841553
