entropy_mean = 1.8004789352416992
loss_policy = 1.846144437789917
loss_total = 7.4865899085998535
loss_value = 1.0234215259552002
step = 1797
value_mean = 0.9999924898147583
