entropy_mean = 3.089656352996826
loss_policy = 3.2119295597076416
loss_total = 9.294256210327148
loss_value = 0.8999306559562683
step = 1209
value_mean = -0.1569526493549347
