entropy_mean = 4.851094722747803
loss_policy = 4.926191329956055
loss_total = 11.745591163635254
loss_value = 1.0234373807907104
step = 731
value_mean = -1.0
