entropy_mean = 1.448101282119751
loss_policy = 1.6213139295578003
loss_total = 7.166633129119873
loss_value = 1.0234194993972778
step = 1881
value_mean = 0.9999927878379822
