entropy_mean = 4.539833068847656
loss_policy = 5.226526260375977
loss_total = 12.502547264099121
loss_value = 1.0234375
step = 498
value_mean = -1.0
