entropy_mean = 4.877859115600586
loss_policy = 5.7077107429504395
loss_total = 13.199556350708008
loss_value = 1.0
step = 371
value_mean = -1.0
