entropy_mean = 1.5524448156356812
loss_policy = 1.6924278736114502
loss_total = 6.345638275146484
loss_value = 0.984375
step = 2613
value_mean = -1.0
