entropy_mean = 1.6585686206817627
loss_policy = 1.823229432106018
loss_total = 7.280155181884766
loss_value = 0.9999025464057922
step = 1941
value_mean = 0.9999430775642395
