entropy_mean = 2.2824273109436035
loss_policy = 2.7669153213500977
loss_total = 8.814642906188965
loss_value = 1.015623688697815
step = 1396
value_mean = 0.9999992251396179
