entropy_mean = 5.490211486816406
loss_policy = 5.82207727432251
loss_total = 13.557722091674805
loss_value = 0.9999996423721313
step = 202
value_mean = -0.9999997019767761
