entropy_mean = 1.5569536685943604
loss_policy = 1.9280369281768799
loss_total = 6.9768781661987305
loss_value = 1.0
step = 2307
value_mean = -1.0
