entropy_mean = 1.966827630996704
loss_policy = 2.1844003200531006
loss_total = 8.03434944152832
loss_value = 0.999998152256012
step = 1575
value_mean = 0.9999990463256836
