entropy_mean = 4.918248176574707
loss_policy = 5.862103462219238
loss_total = 13.254098892211914
loss_value = 1.0
step = 430
value_mean = -1.0
