entropy_mean = 3.2793784141540527
loss_policy = 3.377756357192993
loss_total = 9.574237823486328
loss_value = 0.9924810528755188
step = 1187
value_mean = -0.9450013637542725
