entropy_mean = 1.640297532081604
loss_policy = 1.8693891763687134
loss_total = 7.358965873718262
loss_value = 1.0233620405197144
step = 1931
value_mean = 0.999967098236084
