entropy_mean = 1.8495841026306152
loss_policy = 1.9018088579177856
loss_total = 7.466536521911621
loss_value = 0.9843668341636658
step = 1828
value_mean = 0.9999958276748657
