entropy_mean = 4.087681293487549
loss_policy = 4.650313377380371
loss_total = 11.382843017578125
loss_value = 1.0234375
step = 783
value_mean = -1.0
