entropy_mean = 1.376941442489624
loss_policy = 1.6611623764038086
loss_total = 6.914455413818359
loss_value = 1.0
step = 2124
value_mean = -1.0
