entropy_mean = 1.8699630498886108
loss_policy = 2.094315528869629
loss_total = 7.74261999130249
loss_value = 1.0234248638153076
step = 1790
value_mean = 0.9999926090240479
