entropy_mean = 1.5034096240997314
loss_policy = 1.6473760604858398
loss_total = 6.367925643920898
loss_value = 1.0
step = 2570
value_mean = -1.0
