entropy_mean = 4.3179097175598145
loss_policy = 5.49598503112793
loss_total = 12.881339073181152
loss_value = 1.0078125
step = 439
value_mean = -1.0
