entropy_mean = 1.632656455039978
loss_policy = 1.5723204612731934
loss_total = 5.964547634124756
loss_value = 1.0
step = 2847
value_mean = -1.0
