entropy_mean = 1.9696056842803955
loss_policy = 1.881568193435669
loss_total = 7.440049648284912
loss_value = 0.9921751618385315
step = 1841
value_mean = 0.9999932050704956
