entropy_mean = 3.7152628898620605
loss_policy = 3.9706344604492188
loss_total = 10.284345626831055
loss_value = 1.0234375
step = 1099
value_mean = 1.0
