entropy_mean = 2.99062442779541
loss_policy = 3.4920926094055176
loss_total = 9.73145580291748
loss_value = 0.9927671551704407
step = 1144
value_mean = 0.9360107779502869
