entropy_mean = 2.650362968444824
loss_policy = 2.8401756286621094
loss_total = 8.64738655090332
loss_value = 0.7474244236946106
step = 1351
value_mean = -0.8728607892990112
