entropy_mean = 2.808276653289795
loss_policy = 3.2278501987457275
loss_total = 8.546623229980469
loss_value = 0.2542814016342163
step = 1344
value_mean = 0.19426076114177704
