entropy_mean = 1.3571215867996216
loss_policy = 1.7010390758514404
loss_total = 6.897740364074707
loss_value = 0.9921875
step = 2168
value_mean = -1.0
