entropy_mean = 3.0348262786865234
loss_policy = 2.9212775230407715
loss_total = 8.639883041381836
loss_value = 0.6381778120994568
step = 1323
value_mean = 0.8095153570175171
