entropy_mean = 1.560882329940796
loss_policy = 1.5538249015808105
loss_total = 6.374611854553223
loss_value = 0.9921875
step = 2480
value_mean = -1.0
