entropy_mean = 1.5109748840332031
loss_policy = 1.5210531949996948
loss_total = 6.108789443969727
loss_value = 1.0
step = 2683
value_mean = -1.0
