entropy_mean = 4.290101051330566
loss_policy = 5.09596586227417
loss_total = 12.05999755859375
loss_value = 1.0
step = 637
value_mean = -1.0
