entropy_mean = 1.5290007591247559
loss_policy = 1.5457181930541992
loss_total = 6.058832168579102
loss_value = 1.0
step = 2745
value_mean = -1.0
