entropy_mean = 5.693212032318115
loss_policy = 5.871644020080566
loss_total = 13.283784866333008
loss_value = 0.602403998374939
step = 53
value_mean = -0.20618945360183716
