entropy_mean = 3.6083438396453857
loss_policy = 4.086447238922119
loss_total = 10.45556640625
loss_value = 0.9999920129776001
step = 1034
value_mean = -0.9999934434890747
