entropy_mean = 2.143113613128662
loss_policy = 2.2522735595703125
loss_total = 8.025595664978027
loss_value = 0.9999969601631165
step = 1651
value_mean = 0.9999984502792358
