entropy_mean = 1.916792392730713
loss_policy = 2.1249661445617676
loss_total = 7.852531433105469
loss_value = 0.9999959468841553
step = 1696
value_mean = 0.9999971389770508
