entropy_mean = 1.666618824005127
loss_policy = 1.631438970565796
loss_total = 7.05610466003418
loss_value = 1.0625
step = 2029
value_mean = -1.0
