entropy_mean = 1.7091702222824097
loss_policy = 1.8154127597808838
loss_total = 6.575466156005859
loss_value = 1.03125
step = 2562
value_mean = -1.0
