entropy_mean = 5.307686805725098
loss_policy = 5.866716384887695
loss_total = 13.445768356323242
loss_value = 0.7881584167480469
step = 128
value_mean = 0.23443816602230072
