entropy_mean = 1.7648073434829712
loss_policy = 1.8669793605804443
loss_total = 7.225590229034424
loss_value = 0.9921875
step = 2025
value_mean = -1.0
