entropy_mean = 5.60218620300293
loss_policy = 6.123671531677246
loss_total = 13.962181091308594
loss_value = 1.0231349468231201
step = 30
value_mean = 0.9690589308738708
