entropy_mean = 4.833319664001465
loss_policy = 5.125178337097168
loss_total = 12.054616928100586
loss_value = 0.9999997615814209
step = 657
value_mean = -0.9999997615814209
