entropy_mean = 5.046993255615234
loss_policy = 6.24067497253418
loss_total = 14.0056791305542
loss_value = 1.0
step = 163
value_mean = -1.0
