entropy_mean = 3.911522626876831
loss_policy = 4.2567548751831055
loss_total = 10.772412300109863
loss_value = 1.039060115814209
step = 955
value_mean = -0.999998927116394
