entropy_mean = 2.903327465057373
loss_policy = 3.1926259994506836
loss_total = 9.378080368041992
loss_value = 0.9935257434844971
step = 1199
value_mean = 0.970573902130127
