entropy_mean = 2.0709547996520996
loss_policy = 2.2538437843322754
loss_total = 8.006678581237793
loss_value = 0.9999978542327881
step = 1672
value_mean = 0.9999990463256836
