entropy_mean = 1.7326531410217285
loss_policy = 1.6608762741088867
loss_total = 6.5531535148620605
loss_value = 0.9921875
step = 2428
value_mean = -1.0
