entropy_mean = 2.1810128688812256
loss_policy = 2.2199695110321045
loss_total = 8.07052993774414
loss_value = 0.9921842813491821
step = 1567
value_mean = 0.9999980926513672
