entropy_mean = 1.362034797668457
loss_policy = 1.5472266674041748
loss_total = 6.252172470092773
loss_value = 1.046875
step = 2621
value_mean = -1.0
