entropy_mean = 4.00882625579834
loss_policy = 5.109368801116943
loss_total = 11.632288932800293
loss_value = 0.9999996423721313
step = 916
value_mean = -0.9999999403953552
