entropy_mean = 4.473297119140625
loss_policy = 5.057308197021484
loss_total = 12.11289119720459
loss_value = 1.023437261581421
step = 602
value_mean = -1.0
