entropy_mean = 1.4565510749816895
loss_policy = 1.4537721872329712
loss_total = 6.093940734863281
loss_value = 1.0
step = 2638
value_mean = -1.0
