entropy_mean = 1.4724235534667969
loss_policy = 1.6985138654708862
loss_total = 6.204582214355469
loss_value = 0.984375
step = 2738
value_mean = -1.0
