entropy_mean = 4.22194242477417
loss_policy = 4.211946964263916
loss_total = 10.614227294921875
loss_value = 0.9921858310699463
step = 1003
value_mean = -0.9999993443489075
