entropy_mean = 5.132201671600342
loss_policy = 5.687482833862305
loss_total = 12.910735130310059
loss_value = 1.0
step = 510
value_mean = -1.0
