entropy_mean = 1.8722134828567505
loss_policy = 2.0522947311401367
loss_total = 7.546759605407715
loss_value = 0.9843315482139587
step = 1891
value_mean = 0.999981164932251
