entropy_mean = 2.2581863403320312
loss_policy = 2.336221218109131
loss_total = 8.247008323669434
loss_value = 0.9999986886978149
step = 1516
value_mean = 0.9999994039535522
