entropy_mean = 4.288346290588379
loss_policy = 5.433526515960693
loss_total = 12.78904914855957
loss_value = 1.0234375
step = 464
value_mean = -0.9999999403953552
