entropy_mean = 1.8183047771453857
loss_policy = 1.817699670791626
loss_total = 7.280178070068359
loss_value = 0.9999262094497681
step = 1935
value_mean = 0.9999621510505676
