entropy_mean = 1.4903788566589355
loss_policy = 1.676487684249878
loss_total = 6.471924781799316
loss_value = 0.9921875
step = 2500
value_mean = -1.0
