entropy_mean = 5.540050506591797
loss_policy = 5.854002952575684
loss_total = 13.377174377441406
loss_value = 0.7217485904693604
step = 89
value_mean = -0.7627760171890259
