entropy_mean = 1.4131196737289429
loss_policy = 1.6386572122573853
loss_total = 6.8275604248046875
loss_value = 1.0
step = 2183
value_mean = -1.0
