entropy_mean = 1.6719754934310913
loss_policy = 1.7722461223602295
loss_total = 7.0420427322387695
loss_value = 1.0078125
step = 2116
value_mean = -1.0
