entropy_mean = 2.301666498184204
loss_policy = 2.598545551300049
loss_total = 8.503414154052734
loss_value = 0.9999988675117493
step = 1522
value_mean = 0.9999994039535522
