entropy_mean = 5.608755111694336
loss_policy = 6.5482587814331055
loss_total = 14.388569831848145
loss_value = 1.0227127075195312
step = 10
value_mean = 0.9996304512023926
