entropy_mean = 4.835040092468262
loss_policy = 5.2126569747924805
loss_total = 12.296758651733398
loss_value = 0.9999998807907104
step = 577
value_mean = -0.9999999403953552
