entropy_mean = 4.6757636070251465
loss_policy = 5.324150085449219
loss_total = 12.568778991699219
loss_value = 1.0
step = 501
value_mean = -1.0
