entropy_mean = 2.3530423641204834
loss_policy = 2.555110216140747
loss_total = 8.52757740020752
loss_value = 0.9921873807907104
step = 1448
value_mean = 1.0
