entropy_mean = 3.5806355476379395
loss_policy = 3.8390674591064453
loss_total = 10.147796630859375
loss_value = 0.9999943971633911
step = 1084
value_mean = -0.9999963045120239
