entropy_mean = 4.547436714172363
loss_policy = 5.832616806030273
loss_total = 13.441166877746582
loss_value = 1.0467064380645752
step = 335
value_mean = -0.9998872876167297
