entropy_mean = 2.1253318786621094
loss_policy = 2.2671971321105957
loss_total = 8.10385513305664
loss_value = 0.9999951124191284
step = 1589
value_mean = 0.9999975562095642
