entropy_mean = 1.5449919700622559
loss_policy = 1.7337197065353394
loss_total = 7.241304397583008
loss_value = 1.069759488105774
step = 1959
value_mean = 0.9996894001960754
