entropy_mean = 5.924253463745117
loss_policy = 6.1180925369262695
loss_total = 13.930044174194336
loss_value = 1.022925853729248
step = 133
value_mean = -0.9999135732650757
