entropy_mean = 5.359616279602051
loss_policy = 5.434410572052002
loss_total = 12.884905815124512
loss_value = 1.0
step = 395
value_mean = -1.0
