entropy_mean = 5.736260414123535
loss_policy = 6.6676249504089355
loss_total = 14.46124267578125
loss_value = 0.9759945869445801
step = 9
value_mean = 0.9938477873802185
