entropy_mean = 4.35181188583374
loss_policy = 4.435984134674072
loss_total = 10.899557113647461
loss_value = 0.9999971389770508
step = 964
value_mean = -0.9999988675117493
