entropy_mean = 3.8403964042663574
loss_policy = 4.105441570281982
loss_total = 10.498127937316895
loss_value = 0.9921831488609314
step = 1011
value_mean = -0.9999962449073792
