entropy_mean = 2.682455539703369
loss_policy = 2.6415343284606934
loss_total = 8.644169807434082
loss_value = 0.9921844005584717
step = 1419
value_mean = 0.9999977350234985
