entropy_mean = 4.992904186248779
loss_policy = 5.288506984710693
loss_total = 12.409050941467285
loss_value = 0.9921874403953552
step = 554
value_mean = -1.0
