entropy_mean = 4.998396873474121
loss_policy = 6.7500505447387695
loss_total = 14.517843246459961
loss_value = 0.9999995231628418
step = 159
value_mean = -0.9999997615814209
