entropy_mean = 1.2733886241912842
loss_policy = 1.5131211280822754
loss_total = 6.21544885635376
loss_value = 1.0
step = 2586
value_mean = -1.0
