entropy_mean = 4.59116792678833
loss_policy = 5.0791215896606445
loss_total = 12.379831314086914
loss_value = 0.9921874403953552
step = 477
value_mean = -1.0
