entropy_mean = 3.535064220428467
loss_policy = 4.094545364379883
loss_total = 10.365617752075195
loss_value = 0.9921875
step = 1110
value_mean = 0.9999998807907104
