entropy_mean = 4.6692423820495605
loss_policy = 4.961006164550781
loss_total = 11.690956115722656
loss_value = 1.0
step = 770
value_mean = -1.0
