entropy_mean = 1.6003164052963257
loss_policy = 1.6596903800964355
loss_total = 6.407657623291016
loss_value = 0.9921875
step = 2537
value_mean = -1.0
