entropy_mean = 4.856538772583008
loss_policy = 6.1076340675354
loss_total = 13.908110618591309
loss_value = 1.0234252214431763
step = 148
value_mean = -0.9999922513961792
