entropy_mean = 4.417038440704346
loss_policy = 5.112771987915039
loss_total = 12.176986694335938
loss_value = 1.0234365463256836
step = 598
value_mean = -0.9999993443489075
