entropy_mean = 3.795056104660034
loss_policy = 4.58771276473999
loss_total = 11.215808868408203
loss_value = 0.9999998211860657
step = 838
value_mean = -0.9999998807907104
