entropy_mean = 1.4701297283172607
loss_policy = 1.6975767612457275
loss_total = 7.009497165679932
loss_value = 1.0
step = 2073
value_mean = -1.0
