entropy_mean = 4.066021919250488
loss_policy = 5.184180736541748
loss_total = 12.2578763961792
loss_value = 0.9999998807907104
step = 582
value_mean = -0.9999999403953552
