entropy_mean = 4.318927764892578
loss_policy = 4.666691780090332
loss_total = 11.480327606201172
loss_value = 1.005936622619629
step = 724
value_mean = -0.9854538440704346
