entropy_mean = 4.8705596923828125
loss_policy = 5.129303455352783
loss_total = 12.638692855834961
loss_value = 0.9921875
step = 360
value_mean = -1.0
