entropy_mean = 2.1267964839935303
loss_policy = 2.3124492168426514
loss_total = 8.171077728271484
loss_value = 1.015620231628418
step = 1582
value_mean = 0.9999979734420776
