entropy_mean = 2.1636457443237305
loss_policy = 2.099134683609009
loss_total = 7.930364608764648
loss_value = 0.9843710660934448
step = 1578
value_mean = 0.9999983310699463
