entropy_mean = 1.6086194515228271
loss_policy = 1.720905065536499
loss_total = 7.244049072265625
loss_value = 0.9921555519104004
step = 1873
value_mean = 0.9999855756759644
