entropy_mean = 2.0464110374450684
loss_policy = 2.122438669204712
loss_total = 7.756383419036865
loss_value = 1.0468637943267822
step = 1822
value_mean = 0.9999943971633911
