entropy_mean = 2.6106138229370117
loss_policy = 3.255558967590332
loss_total = 9.374342918395996
loss_value = 0.9999952912330627
step = 1276
value_mean = 0.9999980926513672
