entropy_mean = 5.368544578552246
loss_policy = 5.844287395477295
loss_total = 13.463566780090332
loss_value = 1.0234098434448242
step = 312
value_mean = -0.9999871253967285
