entropy_mean = 3.9874284267425537
loss_policy = 5.081234931945801
loss_total = 11.67379093170166
loss_value = 0.9843748807907104
step = 854
value_mean = -0.9999998211860657
