entropy_mean = 3.2886409759521484
loss_policy = 3.7009549140930176
loss_total = 9.859636306762695
loss_value = 1.0190144777297974
step = 1253
value_mean = -0.999800443649292
