entropy_mean = 2.350745677947998
loss_policy = 2.40518856048584
loss_total = 8.306459426879883
loss_value = 1.0234367847442627
step = 1549
value_mean = 0.9999995231628418
