entropy_mean = 5.701458930969238
loss_policy = 5.769669532775879
loss_total = 12.985212326049805
loss_value = 0.41127821803092957
step = 76
value_mean = -0.3154187798500061
