entropy_mean = 1.4204599857330322
loss_policy = 1.602226972579956
loss_total = 5.968585014343262
loss_value = 1.0
step = 2869
value_mean = -1.0
