entropy_mean = 3.667668342590332
loss_policy = 3.985097885131836
loss_total = 10.36879825592041
loss_value = 0.9999421834945679
step = 1024
value_mean = -0.9999741315841675
