entropy_mean = 4.374644756317139
loss_policy = 4.769103050231934
loss_total = 11.336304664611816
loss_value = 1.0
step = 882
value_mean = -1.0
