entropy_mean = 1.500903844833374
loss_policy = 1.6823489665985107
loss_total = 6.27463436126709
loss_value = 1.015625
step = 2693
value_mean = -1.0
