entropy_mean = 5.494169235229492
loss_policy = 6.476116180419922
loss_total = 13.947944641113281
loss_value = 1.0
step = 382
value_mean = -1.0
