entropy_mean = 1.313981294631958
loss_policy = 1.3228899240493774
loss_total = 6.057989597320557
loss_value = 1.046875
step = 2598
value_mean = -1.0
