entropy_mean = 4.0475311279296875
loss_policy = 4.759436130523682
loss_total = 11.327439308166504
loss_value = 1.0234375
step = 899
value_mean = -1.0
