entropy_mean = 1.5240477323532104
loss_policy = 1.5731854438781738
loss_total = 6.184864044189453
loss_value = 0.9921875
step = 2656
value_mean = -1.0
