entropy_mean = 4.240466117858887
loss_policy = 4.188838005065918
loss_total = 10.676349639892578
loss_value = 0.9999856948852539
step = 946
value_mean = -0.9999904632568359
