entropy_mean = 5.420704364776611
loss_policy = 5.0455002784729
loss_total = 12.372974395751953
loss_value = 1.0234375
step = 479
value_mean = -1.0
