entropy_mean = 1.684206247329712
loss_policy = 1.6193937063217163
loss_total = 6.798612594604492
loss_value = 1.0
step = 2192
value_mean = -1.0
