entropy_mean = 4.4755048751831055
loss_policy = 5.449761867523193
loss_total = 12.630998611450195
loss_value = 0.9921871423721313
step = 529
value_mean = -0.9999997615814209
