entropy_mean = 2.280465602874756
loss_policy = 2.4745821952819824
loss_total = 8.381598472595215
loss_value = 0.9921865463256836
step = 1512
value_mean = 0.9999994039535522
