entropy_mean = 2.721221923828125
loss_policy = 2.9262375831604004
loss_total = 8.464879035949707
loss_value = 0.471723347902298
step = 1341
value_mean = -0.5714138746261597
