entropy_mean = 5.6181817054748535
loss_policy = 5.944601058959961
loss_total = 13.271915435791016
loss_value = 0.5222240090370178
step = 72
value_mean = -0.619404137134552
