entropy_mean = 1.2674996852874756
loss_policy = 1.51047945022583
loss_total = 6.170803070068359
loss_value = 1.0234375
step = 2641
value_mean = -1.0
