entropy_mean = 3.0336053371429443
loss_policy = 2.9108638763427734
loss_total = 8.992338180541992
loss_value = 1.0468727350234985
step = 1393
value_mean = 0.9999991655349731
