entropy_mean = 1.63919997215271
loss_policy = 1.5978648662567139
loss_total = 6.908028602600098
loss_value = 1.015625
step = 2089
value_mean = -1.0
