entropy_mean = 4.765719890594482
loss_policy = 5.470401763916016
loss_total = 12.457817077636719
loss_value = 1.046875
step = 651
value_mean = -0.9999999403953552
