entropy_mean = 4.27816104888916
loss_policy = 5.361318588256836
loss_total = 12.3756685256958
loss_value = 1.0
step = 610
value_mean = -1.0
