entropy_mean = 5.219574928283691
loss_policy = 6.13356876373291
loss_total = 13.870492935180664
loss_value = 1.0234363079071045
step = 222
value_mean = -0.9999990463256836
