entropy_mean = 1.6787381172180176
loss_policy = 1.8117139339447021
loss_total = 7.395450592041016
loss_value = 0.9921773672103882
step = 1818
value_mean = 0.9999954700469971
