entropy_mean = 4.33223819732666
loss_policy = 4.8490800857543945
loss_total = 11.576154708862305
loss_value = 1.0
step = 772
value_mean = -1.0
