entropy_mean = 1.440504789352417
loss_policy = 1.7401329278945923
loss_total = 6.357354164123535
loss_value = 1.0234375
step = 2677
value_mean = -1.0
