entropy_mean = 2.3249263763427734
loss_policy = 2.4153246879577637
loss_total = 8.288497924804688
loss_value = 0.9921859502792358
step = 1546
value_mean = 0.999999463558197
