entropy_mean = 1.4294610023498535
loss_policy = 1.4206513166427612
loss_total = 5.760997772216797
loss_value = 1.0
step = 2892
value_mean = -1.0
