entropy_mean = 2.3697123527526855
loss_policy = 2.45917010307312
loss_total = 8.381343841552734
loss_value = 0.9999993443489075
step = 1505
value_mean = 0.9999995827674866
