entropy_mean = 4.842897415161133
loss_policy = 5.339086055755615
loss_total = 12.693687438964844
loss_value = 1.0
step = 452
value_mean = -1.0
