entropy_mean = 5.316522598266602
loss_policy = 6.718432426452637
loss_total = 14.537166595458984
loss_value = 1.001257300376892
step = 13
value_mean = 0.988319993019104
