entropy_mean = 3.1538338661193848
loss_policy = 3.3746204376220703
loss_total = 9.57794189453125
loss_value = 1.0094130039215088
step = 1197
value_mean = 0.9710217714309692
