entropy_mean = 4.425210952758789
loss_policy = 5.12750768661499
loss_total = 11.984079360961914
loss_value = 0.9921813011169434
step = 695
value_mean = -0.9999955892562866
