entropy_mean = 1.5171277523040771
loss_policy = 1.6711822748184204
loss_total = 6.725676536560059
loss_value = 1.0
step = 2302
value_mean = -1.0
