entropy_mean = 1.6027007102966309
loss_policy = 1.6026244163513184
loss_total = 6.0462965965271
loss_value = 1.0
step = 2804
value_mean = -1.0
