entropy_mean = 4.400966644287109
loss_policy = 5.084136009216309
loss_total = 11.79340934753418
loss_value = 0.9921874403953552
step = 778
value_mean = -1.0
