entropy_mean = 1.435529351234436
loss_policy = 1.6116528511047363
loss_total = 6.204400062561035
loss_value = 1.0
step = 2678
value_mean = -1.0
