entropy_mean = 2.1943020820617676
loss_policy = 2.2528884410858154
loss_total = 8.094210624694824
loss_value = 1.0468707084655762
step = 1630
value_mean = 0.9999979734420776
