entropy_mean = 2.4762887954711914
loss_policy = 2.749207019805908
loss_total = 8.672391891479492
loss_value = 0.9999992847442627
step = 1504
value_mean = 0.9999995827674866
