entropy_mean = 3.281304121017456
loss_policy = 3.323373317718506
loss_total = 9.470046997070312
loss_value = 0.9363390207290649
step = 1181
value_mean = 0.5396618843078613
