entropy_mean = 4.095531463623047
loss_policy = 4.811435699462891
loss_total = 11.392274856567383
loss_value = 1.0234375
step = 889
value_mean = -1.0
