entropy_mean = 1.8472329378128052
loss_policy = 1.9997615814208984
loss_total = 7.699520111083984
loss_value = 0.9999899864196777
step = 1721
value_mean = 0.9999949932098389
