entropy_mean = 4.181778907775879
loss_policy = 4.466523170471191
loss_total = 10.9679594039917
loss_value = 0.9999882578849792
step = 934
value_mean = -0.9999960064888
