entropy_mean = 1.5171254873275757
loss_policy = 1.8852221965789795
loss_total = 7.516713619232178
loss_value = 0.9999842047691345
step = 1784
value_mean = 0.9999918937683105
