entropy_mean = 1.933452844619751
loss_policy = 2.3491125106811523
loss_total = 8.108121871948242
loss_value = 0.9999953508377075
step = 1666
value_mean = 0.9999978542327881
