entropy_mean = 2.0367109775543213
loss_policy = 2.4451193809509277
loss_total = 8.36414623260498
loss_value = 0.9999966025352478
step = 1508
value_mean = 0.9999990463256836
