entropy_mean = 4.317566871643066
loss_policy = 5.091145038604736
loss_total = 12.08190631866455
loss_value = 1.015625
step = 630
value_mean = -1.0
