entropy_mean = 1.2155524492263794
loss_policy = 1.3303967714309692
loss_total = 5.807002067565918
loss_value = 1.046875
step = 2817
value_mean = -1.0
