entropy_mean = 1.4186465740203857
loss_policy = 1.4869509935379028
loss_total = 6.1236748695373535
loss_value = 1.0234375
step = 2661
value_mean = -1.0
