entropy_mean = 2.1281580924987793
loss_policy = 2.7323086261749268
loss_total = 8.725332260131836
loss_value = 1.023437261581421
step = 1458
value_mean = 0.9999998807907104
