entropy_mean = 4.561633110046387
loss_policy = 5.00846004486084
loss_total = 11.832850456237793
loss_value = 0.9921844005584717
step = 711
value_mean = -0.9999977350234985
