entropy_mean = 1.602863073348999
loss_policy = 1.720482587814331
loss_total = 7.004339218139648
loss_value = 1.0
step = 2098
value_mean = -1.0
