entropy_mean = 1.576645851135254
loss_policy = 1.5304770469665527
loss_total = 6.711220741271973
loss_value = 1.0234375
step = 2213
value_mean = -1.0
