entropy_mean = 5.019599914550781
loss_policy = 5.343386650085449
loss_total = 12.654705047607422
loss_value = 1.0234375
step = 485
value_mean = -1.0
