entropy_mean = 1.4525165557861328
loss_policy = 1.4517065286636353
loss_total = 5.870754241943359
loss_value = 1.0
step = 2826
value_mean = -1.0
