entropy_mean = 4.030697345733643
loss_policy = 4.229564666748047
loss_total = 10.661503791809082
loss_value = 0.9921866655349731
step = 980
value_mean = -0.9999995231628418
