entropy_mean = 1.6108403205871582
loss_policy = 1.5673452615737915
loss_total = 6.441697120666504
loss_value = 1.0
step = 2446
value_mean = -1.0
