entropy_mean = 1.6146128177642822
loss_policy = 1.6496503353118896
loss_total = 6.169437408447266
loss_value = 0.9921875
step = 2733
value_mean = -1.0
