entropy_mean = 1.4206960201263428
loss_policy = 1.6976964473724365
loss_total = 7.077648639678955
loss_value = 1.015625
step = 2027
value_mean = -1.0
