entropy_mean = 2.1406543254852295
loss_policy = 2.3708548545837402
loss_total = 8.212926864624023
loss_value = 1.0156235694885254
step = 1599
value_mean = 0.9999993443489075
