entropy_mean = 1.5071783065795898
loss_policy = 1.5329118967056274
loss_total = 5.93510627746582
loss_value = 1.0
step = 2839
value_mean = -1.0
