entropy_mean = 1.8446412086486816
loss_policy = 2.014650821685791
loss_total = 7.660696506500244
loss_value = 1.0234159231185913
step = 1792
value_mean = 0.9999878406524658
