entropy_mean = 2.3156914710998535
loss_policy = 2.340909957885742
loss_total = 8.227860450744629
loss_value = 0.9999991059303284
step = 1540
value_mean = 0.9999995231628418
