entropy_mean = 5.121588706970215
loss_policy = 6.001049041748047
loss_total = 13.68997573852539
loss_value = 0.9843735694885254
step = 229
value_mean = -0.9999993443489075
