entropy_mean = 1.335301399230957
loss_policy = 1.3786042928695679
loss_total = 5.956439971923828
loss_value = 1.0
step = 2692
value_mean = -1.0
