entropy_mean = 3.483518362045288
loss_policy = 3.7894411087036133
loss_total = 10.050612449645996
loss_value = 0.9871492385864258
step = 1116
value_mean = 0.8441051244735718
