entropy_mean = 1.574960470199585
loss_policy = 1.5007054805755615
loss_total = 6.1998090744018555
loss_value = 1.0234375
step = 2608
value_mean = -1.0
