entropy_mean = 4.001442909240723
loss_policy = 5.012601375579834
loss_total = 11.726325035095215
loss_value = 1.0
step = 780
value_mean = -1.0
