entropy_mean = 3.6665220260620117
loss_policy = 3.9297609329223633
loss_total = 10.281641006469727
loss_value = 1.0156140327453613
step = 1059
value_mean = -0.9999905228614807
