entropy_mean = 2.0648977756500244
loss_policy = 2.3622517585754395
loss_total = 8.194989204406738
loss_value = 0.9999992847442627
step = 1593
value_mean = 0.9999996423721313
