entropy_mean = 1.6116058826446533
loss_policy = 1.487539529800415
loss_total = 5.9865217208862305
loss_value = 1.0234375
step = 2777
value_mean = -1.0
