entropy_mean = 2.471818685531616
loss_policy = 2.9253435134887695
loss_total = 8.876011848449707
loss_value = 0.9999995827674866
step = 1476
value_mean = 0.9999998211860657
