entropy_mean = 4.454206466674805
loss_policy = 5.073056697845459
loss_total = 12.203795433044434
loss_value = 1.0
step = 553
value_mean = -1.0
