entropy_mean = 4.621159553527832
loss_policy = 4.7490458488464355
loss_total = 11.432692527770996
loss_value = 0.9921875
step = 796
value_mean = -1.0
