entropy_mean = 4.220479965209961
loss_policy = 5.52968692779541
loss_total = 12.588729858398438
loss_value = 1.046875
step = 611
value_mean = -1.0
