entropy_mean = 1.5689890384674072
loss_policy = 1.8498585224151611
loss_total = 6.917471408843994
loss_value = 1.0
step = 2289
value_mean = -1.0
