entropy_mean = 1.7497692108154297
loss_policy = 1.816232442855835
loss_total = 7.049586772918701
loss_value = 1.0
step = 2143
value_mean = -1.0
