entropy_mean = 4.821449279785156
loss_policy = 4.851562976837158
loss_total = 11.634852409362793
loss_value = 1.0
step = 738
value_mean = -1.0
