entropy_mean = 1.5955498218536377
loss_policy = 1.6507338285446167
loss_total = 6.638550281524658
loss_value = 0.9921875
step = 2350
value_mean = -1.0
