entropy_mean = 2.1009325981140137
loss_policy = 2.1628611087799072
loss_total = 7.6594648361206055
loss_value = 1.023395299911499
step = 1924
value_mean = 0.9999748468399048
