entropy_mean = 1.4692062139511108
loss_policy = 1.6910150051116943
loss_total = 6.275846481323242
loss_value = 1.0234375
step = 2705
value_mean = -1.0
