entropy_mean = 4.469110488891602
loss_policy = 4.689743995666504
loss_total = 11.236869812011719
loss_value = 0.9999998807907104
step = 897
value_mean = -1.0
