entropy_mean = 1.717362880706787
loss_policy = 1.6597661972045898
loss_total = 7.007252216339111
loss_value = 0.9921875
step = 2035
value_mean = -1.0
