entropy_mean = 1.6246309280395508
loss_policy = 1.6336736679077148
loss_total = 6.0137434005737305
loss_value = 1.0234375
step = 2877
value_mean = -1.0
