entropy_mean = 4.350058555603027
loss_policy = 4.576913833618164
loss_total = 11.177115440368652
loss_value = 1.0234375
step = 876
value_mean = -1.0
