entropy_mean = 1.6424667835235596
loss_policy = 1.7949494123458862
loss_total = 7.061506748199463
loss_value = 1.0
step = 2112
value_mean = -1.0
