entropy_mean = 1.7289918661117554
loss_policy = 2.0813915729522705
loss_total = 7.501223087310791
loss_value = 1.0
step = 1976
value_mean = -1.0
