entropy_mean = 1.4974925518035889
loss_policy = 1.7113451957702637
loss_total = 6.2902326583862305
loss_value = 0.9921875
step = 2684
value_mean = -1.0
