entropy_mean = 2.7876076698303223
loss_policy = 2.6097989082336426
loss_total = 7.823541641235352
loss_value = 0.16514244675636292
step = 1368
value_mean = -0.4005163311958313
