entropy_mean = 5.569337844848633
loss_policy = 6.012530326843262
loss_total = 13.677698135375977
loss_value = 0.8748868107795715
step = 130
value_mean = -0.9951046705245972
