entropy_mean = 1.3493585586547852
loss_policy = 1.745002031326294
loss_total = 6.101614952087402
loss_value = 1.0234375
step = 2898
value_mean = -1.0
