entropy_mean = 4.5449981689453125
loss_policy = 5.485459804534912
loss_total = 12.871310234069824
loss_value = 0.9921875
step = 429
value_mean = -1.0
