entropy_mean = 5.301610469818115
loss_policy = 5.912435054779053
loss_total = 13.39814281463623
loss_value = 0.9531055092811584
step = 352
value_mean = -0.012285925447940826
