entropy_mean = 4.676190376281738
loss_policy = 5.658430099487305
loss_total = 12.980873107910156
loss_value = 0.9999985694885254
step = 470
value_mean = -0.9999994039535522
