entropy_mean = 1.8069039583206177
loss_policy = 2.0366711616516113
loss_total = 7.5561017990112305
loss_value = 1.0234074592590332
step = 1903
value_mean = 0.9999860525131226
