entropy_mean = 1.422522783279419
loss_policy = 1.552229404449463
loss_total = 6.393027305603027
loss_value = 1.0
step = 2471
value_mean = -1.0
