entropy_mean = 1.460026741027832
loss_policy = 1.7012964487075806
loss_total = 6.5178117752075195
loss_value = 1.015625
step = 2502
value_mean = -1.0
