entropy_mean = 4.199323654174805
loss_policy = 4.652658939361572
loss_total = 11.413313865661621
loss_value = 1.0234375
step = 765
value_mean = -1.0
