entropy_mean = 3.1400513648986816
loss_policy = 3.203166961669922
loss_total = 9.2976713180542
loss_value = 0.9872578978538513
step = 1290
value_mean = 0.9554603099822998
