entropy_mean = 1.6541160345077515
loss_policy = 1.7040514945983887
loss_total = 7.009478569030762
loss_value = 1.0
step = 2079
value_mean = -1.0
