entropy_mean = 3.829625129699707
loss_policy = 4.04279088973999
loss_total = 10.44409465789795
loss_value = 1.023427128791809
step = 1028
value_mean = -0.9999978542327881
