entropy_mean = 2.4251837730407715
loss_policy = 2.658513307571411
loss_total = 8.60158920288086
loss_value = 0.9999983906745911
step = 1484
value_mean = 0.9999990463256836
