entropy_mean = 2.152371406555176
loss_policy = 2.356863498687744
loss_total = 8.32223892211914
loss_value = 1.0390617847442627
step = 1501
value_mean = 0.9999996423721313
