entropy_mean = 1.3875248432159424
loss_policy = 1.713165283203125
loss_total = 6.220983505249023
loss_value = 0.9921875
step = 2743
value_mean = -1.0
