entropy_mean = 2.1424598693847656
loss_policy = 2.2332937717437744
loss_total = 7.95416259765625
loss_value = 0.992184579372406
step = 1695
value_mean = 0.999997615814209
