entropy_mean = 3.788121223449707
loss_policy = 3.844372510910034
loss_total = 10.198603630065918
loss_value = 0.9921811819076538
step = 1039
value_mean = -0.9999969005584717
