entropy_mean = 1.8174917697906494
loss_policy = 1.9330370426177979
loss_total = 7.510105609893799
loss_value = 0.9999895691871643
step = 1831
value_mean = 0.9999938607215881
