entropy_mean = 3.002542018890381
loss_policy = 3.1085524559020996
loss_total = 9.249818801879883
loss_value = 1.0234248638153076
step = 1277
value_mean = 0.999998927116394
