entropy_mean = 1.7000515460968018
loss_policy = 1.8769166469573975
loss_total = 7.426896572113037
loss_value = 1.023417592048645
step = 1877
value_mean = 0.9999910593032837
