entropy_mean = 4.354016304016113
loss_policy = 5.04975700378418
loss_total = 11.96780014038086
loss_value = 0.9921869039535522
step = 659
value_mean = -0.9999997615814209
