entropy_mean = 5.80830192565918
loss_policy = 5.792081356048584
loss_total = 13.171834945678711
loss_value = 0.5758916735649109
step = 78
value_mean = 0.6675143241882324
