entropy_mean = 5.865627288818359
loss_policy = 5.96824312210083
loss_total = 13.050443649291992
loss_value = 0.2764519155025482
step = 69
value_mean = 0.3543936610221863
