entropy_mean = 4.295297622680664
loss_policy = 4.757607460021973
loss_total = 11.701812744140625
loss_value = 0.9999998211860657
step = 649
value_mean = -0.9999999403953552
