entropy_mean = 1.8588944673538208
loss_policy = 1.8266404867172241
loss_total = 7.324267864227295
loss_value = 1.0234122276306152
step = 1923
value_mean = 0.9999843239784241
