entropy_mean = 4.422931671142578
loss_policy = 4.975015163421631
loss_total = 11.805292129516602
loss_value = 0.9999997615814209
step = 712
value_mean = -0.9999997615814209
