entropy_mean = 1.6067975759506226
loss_policy = 1.8941576480865479
loss_total = 7.340054035186768
loss_value = 0.9998437166213989
step = 1952
value_mean = 0.9999069571495056
