entropy_mean = 1.5410822629928589
loss_policy = 1.5120434761047363
loss_total = 6.186331748962402
loss_value = 1.0
step = 2609
value_mean = -1.0
