entropy_mean = 4.1361284255981445
loss_policy = 4.823124885559082
loss_total = 11.457813262939453
loss_value = 0.9921873807907104
step = 828
value_mean = -1.0
