entropy_mean = 1.3710596561431885
loss_policy = 1.6044453382492065
loss_total = 6.283638954162598
loss_value = 0.9921875
step = 2599
value_mean = -1.0
