entropy_mean = 4.409543037414551
loss_policy = 5.0822906494140625
loss_total = 11.721549987792969
loss_value = 1.0156244039535522
step = 841
value_mean = -0.9999996423721313
