entropy_mean = 1.9836152791976929
loss_policy = 2.0625765323638916
loss_total = 7.778382301330566
loss_value = 0.9999953508377075
step = 1706
value_mean = 0.9999977350234985
