entropy_mean = 1.4158191680908203
loss_policy = 1.743766188621521
loss_total = 6.757796287536621
loss_value = 0.9921875
step = 2328
value_mean = -1.0
