entropy_mean = 1.6149080991744995
loss_policy = 1.6918108463287354
loss_total = 6.87630558013916
loss_value = 1.0
step = 2187
value_mean = -1.0
