entropy_mean = 1.7900596857070923
loss_policy = 1.6109479665756226
loss_total = 6.540401458740234
loss_value = 1.0
step = 2405
value_mean = -1.0
