entropy_mean = 1.3547124862670898
loss_policy = 1.5688257217407227
loss_total = 6.262847900390625
loss_value = 1.0
step = 2593
value_mean = -1.0
