entropy_mean = 4.951780319213867
loss_policy = 5.69503116607666
loss_total = 13.133630752563477
loss_value = 1.0
step = 401
value_mean = -1.0
