entropy_mean = 2.842867136001587
loss_policy = 2.996854305267334
loss_total = 9.091399192810059
loss_value = 0.9310487508773804
step = 1229
value_mean = -0.8156018853187561
