entropy_mean = 5.627559185028076
loss_policy = 5.8748979568481445
loss_total = 13.593963623046875
loss_value = 0.9160056710243225
step = 82
value_mean = -0.9353947639465332
