entropy_mean = 1.3884861469268799
loss_policy = 1.673319935798645
loss_total = 6.146649360656738
loss_value = 1.0
step = 2779
value_mean = -1.0
