entropy_mean = 1.5595417022705078
loss_policy = 1.7067559957504272
loss_total = 6.589913368225098
loss_value = 1.015625
step = 2451
value_mean = -1.0
