entropy_mean = 5.243410110473633
loss_policy = 5.754514694213867
loss_total = 13.536487579345703
loss_value = 0.9999991655349731
step = 143
value_mean = -0.9999997615814209
