entropy_mean = 2.280000686645508
loss_policy = 2.4714183807373047
loss_total = 8.40948486328125
loss_value = 0.9999969601631165
step = 1489
value_mean = 0.9999987483024597
