entropy_mean = 1.5722088813781738
loss_policy = 1.62184739112854
loss_total = 6.939080715179443
loss_value = 1.0
step = 2068
value_mean = -1.0
