entropy_mean = 1.5455845594406128
loss_policy = 1.5973902940750122
loss_total = 6.339709281921387
loss_value = 1.0
step = 2549
value_mean = -1.0
