entropy_mean = 5.788854598999023
loss_policy = 6.265101432800293
loss_total = 13.910076141357422
loss_value = 1.0233983993530273
step = 288
value_mean = -0.9999872446060181
