entropy_mean = 5.146391868591309
loss_policy = 5.863653659820557
loss_total = 13.26278305053711
loss_value = 0.9921875
step = 420
value_mean = -1.0
