entropy_mean = 5.213686943054199
loss_policy = 5.685513496398926
loss_total = 13.300228118896484
loss_value = 0.9999767541885376
step = 294
value_mean = -0.9999903440475464
