entropy_mean = 1.3683290481567383
loss_policy = 1.4158658981323242
loss_total = 6.089554786682129
loss_value = 1.0390625
step = 2643
value_mean = -1.0
