entropy_mean = 4.4346394538879395
loss_policy = 4.8491950035095215
loss_total = 11.638484954833984
loss_value = 1.0
step = 735
value_mean = -1.0
