entropy_mean = 5.275464057922363
loss_policy = 5.842769622802734
loss_total = 13.48570442199707
loss_value = 1.007798194885254
step = 278
value_mean = -0.9999945163726807
