entropy_mean = 2.619433641433716
loss_policy = 2.747467041015625
loss_total = 8.740769386291504
loss_value = 0.9999992847442627
step = 1436
value_mean = 0.9999995231628418
