entropy_mean = 2.650601387023926
loss_policy = 2.6552534103393555
loss_total = 8.715575218200684
loss_value = 1.0234296321868896
step = 1390
value_mean = 0.9999969601631165
