entropy_mean = 1.511122703552246
loss_policy = 1.6076734066009521
loss_total = 6.344929218292236
loss_value = 1.0
step = 2554
value_mean = -1.0
