entropy_mean = 4.617589950561523
loss_policy = 5.187385559082031
loss_total = 12.240184783935547
loss_value = 0.9999998807907104
step = 592
value_mean = -0.9999999403953552
