entropy_mean = 2.3579392433166504
loss_policy = 2.374128818511963
loss_total = 8.28187084197998
loss_value = 1.0078117847442627
step = 1527
value_mean = 0.9999997615814209
