entropy_mean = 1.47981858253479
loss_policy = 1.584939956665039
loss_total = 6.669702529907227
loss_value = 1.0
step = 2274
value_mean = -1.0
