entropy_mean = 4.621494293212891
loss_policy = 5.727981090545654
loss_total = 12.975656509399414
loss_value = 1.0156248807907104
step = 506
value_mean = -1.0
