entropy_mean = 1.5417077541351318
loss_policy = 1.7885257005691528
loss_total = 6.532851219177246
loss_value = 1.0
step = 2547
value_mean = -1.0
