entropy_mean = 1.665353536605835
loss_policy = 1.9415968656539917
loss_total = 7.313848495483398
loss_value = 0.9921875
step = 2012
value_mean = -1.0
