entropy_mean = 4.52850341796875
loss_policy = 4.711860656738281
loss_total = 11.385135650634766
loss_value = 0.9765617251396179
step = 792
value_mean = -0.9999994039535522
