entropy_mean = 3.9054622650146484
loss_policy = 4.530760288238525
loss_total = 11.058954238891602
loss_value = 1.0468664169311523
step = 951
value_mean = -0.9999978542327881
