entropy_mean = 1.3924901485443115
loss_policy = 1.5745484828948975
loss_total = 6.183725357055664
loss_value = 0.9921875
step = 2658
value_mean = -1.0
