entropy_mean = 1.7456271648406982
loss_policy = 1.9602969884872437
loss_total = 7.363230228424072
loss_value = 0.9921875
step = 1985
value_mean = -1.0
