entropy_mean = 2.957728862762451
loss_policy = 3.1180238723754883
loss_total = 9.242262840270996
loss_value = 0.9586496353149414
step = 1227
value_mean = -0.9257612228393555
