entropy_mean = 5.067089080810547
loss_policy = 5.542684555053711
loss_total = 12.509902954101562
loss_value = 1.0
step = 635
value_mean = -1.0
