entropy_mean = 2.5188841819763184
loss_policy = 2.9929685592651367
loss_total = 9.02130126953125
loss_value = 0.9921765327453613
step = 1391
value_mean = 0.999996542930603
