entropy_mean = 5.53310489654541
loss_policy = 5.699539661407471
loss_total = 13.429510116577148
loss_value = 0.9999994039535522
step = 208
value_mean = -0.9999997615814209
