entropy_mean = 1.9043487310409546
loss_policy = 2.1376614570617676
loss_total = 7.95037317276001
loss_value = 0.9921866059303284
step = 1605
value_mean = 0.9999994039535522
