entropy_mean = 2.0960044860839844
loss_policy = 1.9171652793884277
loss_total = 7.595697402954102
loss_value = 1.0234313011169434
step = 1763
value_mean = 0.9999961853027344
