entropy_mean = 4.827229976654053
loss_policy = 5.230042457580566
loss_total = 12.796634674072266
loss_value = 0.9842691421508789
step = 322
value_mean = -0.9999513030052185
