entropy_mean = 4.935318470001221
loss_policy = 5.609591484069824
loss_total = 13.12275505065918
loss_value = 1.0234375
step = 372
value_mean = -1.0
