entropy_mean = 1.489696979522705
loss_policy = 1.6934106349945068
loss_total = 7.129649639129639
loss_value = 1.0234375
step = 1983
value_mean = -1.0
