entropy_mean = 1.4676904678344727
loss_policy = 1.3933820724487305
loss_total = 5.855511665344238
loss_value = 0.9921875
step = 2782
value_mean = -1.0
