entropy_mean = 1.8723909854888916
loss_policy = 2.330881357192993
loss_total = 8.028108596801758
loss_value = 1.015618085861206
step = 1737
value_mean = 0.9999964237213135
