entropy_mean = 1.4347894191741943
loss_policy = 1.5780465602874756
loss_total = 6.323392391204834
loss_value = 1.0
step = 2546
value_mean = -1.0
