entropy_mean = 1.2870397567749023
loss_policy = 1.5859112739562988
loss_total = 5.973523139953613
loss_value = 1.0
step = 2851
value_mean = -1.0
