entropy_mean = 1.7414600849151611
loss_policy = 1.992600917816162
loss_total = 7.644585609436035
loss_value = 0.9999908208847046
step = 1766
value_mean = 0.9999961853027344
