entropy_mean = 1.4716356992721558
loss_policy = 1.641145944595337
loss_total = 6.668032169342041
loss_value = 1.0
step = 2324
value_mean = -1.0
