entropy_mean = 2.894148588180542
loss_policy = 3.1087491512298584
loss_total = 9.202069282531738
loss_value = 0.9223950505256653
step = 1221
value_mean = -0.5186018943786621
