entropy_mean = 5.028392791748047
loss_policy = 5.392343521118164
loss_total = 12.650291442871094
loss_value = 1.0
step = 496
value_mean = -1.0
