entropy_mean = 1.6043790578842163
loss_policy = 2.2306783199310303
loss_total = 7.876655578613281
loss_value = 1.0156140327453613
step = 1785
value_mean = 0.9999943971633911
