entropy_mean = 1.4654570817947388
loss_policy = 1.4772218465805054
loss_total = 6.083909034729004
loss_value = 0.9921875
step = 2660
value_mean = -1.0
