entropy_mean = 5.984428405761719
loss_policy = 5.883910179138184
loss_total = 13.1785888671875
loss_value = 0.49738770723342896
step = 105
value_mean = 0.5232954025268555
