entropy_mean = 5.800173759460449
loss_policy = 6.033881187438965
loss_total = 13.764289855957031
loss_value = 0.9921867847442627
step = 199
value_mean = -0.9999998211860657
