entropy_mean = 1.5873703956604004
loss_policy = 1.7146759033203125
loss_total = 6.985459804534912
loss_value = 1.0234375
step = 2130
value_mean = -1.0
