entropy_mean = 1.8188012838363647
loss_policy = 1.968226432800293
loss_total = 7.5942487716674805
loss_value = 0.9999878406524658
step = 1789
value_mean = 0.9999940991401672
