entropy_mean = 1.5688772201538086
loss_policy = 1.5792397260665894
loss_total = 6.192483901977539
loss_value = 1.0703125
step = 2720
value_mean = -1.0
