entropy_mean = 2.764012098312378
loss_policy = 3.154330253601074
loss_total = 8.971054077148438
loss_value = 0.7489621639251709
step = 1340
value_mean = -0.08184392005205154
