entropy_mean = 1.5876785516738892
loss_policy = 1.5790270566940308
loss_total = 6.4254536628723145
loss_value = 1.0
step = 2467
value_mean = -1.0
