entropy_mean = 2.289982318878174
loss_policy = 2.3587515354156494
loss_total = 8.174240112304688
loss_value = 0.9999983310699463
step = 1610
value_mean = 0.9999992847442627
