entropy_mean = 1.677579402923584
loss_policy = 1.9872424602508545
loss_total = 7.393721580505371
loss_value = 1.0
step = 1989
value_mean = -1.0
