entropy_mean = 2.235827684402466
loss_policy = 2.2934322357177734
loss_total = 8.011544227600098
loss_value = 0.9999963045120239
step = 1704
value_mean = 0.9999980330467224
