entropy_mean = 2.6030049324035645
loss_policy = 2.8545312881469727
loss_total = 8.83510684967041
loss_value = 1.023437261581421
step = 1470
value_mean = 0.9999998807907104
