entropy_mean = 2.41176438331604
loss_policy = 3.175990104675293
loss_total = 9.194997787475586
loss_value = 0.9202473163604736
step = 1301
value_mean = 0.23467907309532166
