entropy_mean = 3.572385787963867
loss_policy = 4.00760555267334
loss_total = 10.382064819335938
loss_value = 0.9921615123748779
step = 1025
value_mean = -0.9999874234199524
