entropy_mean = 1.4971923828125
loss_policy = 1.6031320095062256
loss_total = 6.7123236656188965
loss_value = 0.9921875
step = 2248
value_mean = -1.0
