entropy_mean = 1.878140926361084
loss_policy = 1.9349110126495361
loss_total = 7.553403854370117
loss_value = 1.0234266519546509
step = 1815
value_mean = 0.999994158744812
