entropy_mean = 4.251477241516113
loss_policy = 5.3901872634887695
loss_total = 12.607550621032715
loss_value = 1.0
step = 513
value_mean = -1.0
