entropy_mean = 2.135003089904785
loss_policy = 2.4532501697540283
loss_total = 8.34501838684082
loss_value = 1.0468734502792358
step = 1580
value_mean = 0.9999994039535522
