entropy_mean = 4.899563789367676
loss_policy = 5.392941474914551
loss_total = 12.848976135253906
loss_value = 1.0234375
step = 404
value_mean = -1.0
