entropy_mean = 3.8115944862365723
loss_policy = 4.508853435516357
loss_total = 11.033044815063477
loss_value = 0.9999995231628418
step = 915
value_mean = -0.9999998807907104
