entropy_mean = 2.5425682067871094
loss_policy = 3.0038630962371826
loss_total = 8.571608543395996
loss_value = 0.5053920745849609
step = 1347
value_mean = 0.9370285272598267
