entropy_mean = 2.3279459476470947
loss_policy = 2.7097408771514893
loss_total = 8.744568824768066
loss_value = 1.0234371423721313
step = 1418
value_mean = 0.9999998211860657
