entropy_mean = 1.5051159858703613
loss_policy = 1.532497525215149
loss_total = 6.040614604949951
loss_value = 1.0234375
step = 2769
value_mean = -1.0
