entropy_mean = 3.2408440113067627
loss_policy = 3.732403516769409
loss_total = 9.986522674560547
loss_value = 1.0
step = 1136
value_mean = 0.9999992251396179
