entropy_mean = 4.706323623657227
loss_policy = 4.977666854858398
loss_total = 11.764808654785156
loss_value = 1.046875
step = 763
value_mean = -1.0
