entropy_mean = 3.0357024669647217
loss_policy = 3.2632274627685547
loss_total = 9.45648193359375
loss_value = 0.9725152850151062
step = 1171
value_mean = 0.8806697130203247
