entropy_mean = 4.365180492401123
loss_policy = 4.876358509063721
loss_total = 11.394309043884277
loss_value = 1.0
step = 920
value_mean = -1.0
