entropy_mean = 5.32954216003418
loss_policy = 8.691656112670898
loss_total = 16.500957489013672
loss_value = 0.9916079640388489
step = 3
value_mean = 0.9924263954162598
