entropy_mean = 2.613375186920166
loss_policy = 3.0319533348083496
loss_total = 9.07766342163086
loss_value = 0.9542708992958069
step = 1310
value_mean = -0.6498396396636963
