entropy_mean = 4.587798118591309
loss_policy = 5.060601711273193
loss_total = 12.050841331481934
loss_value = 1.0390623807907104
step = 645
value_mean = -0.9999998807907104
