entropy_mean = 4.165494441986084
loss_policy = 4.716269493103027
loss_total = 11.142993927001953
loss_value = 0.9999998807907104
step = 990
value_mean = -0.9999998807907104
