entropy_mean = 4.852793216705322
loss_policy = 5.150883674621582
loss_total = 12.189542770385742
loss_value = 0.9999991655349731
step = 599
value_mean = -0.9999995231628418
