entropy_mean = 1.9621498584747314
loss_policy = 2.2237348556518555
loss_total = 8.015670776367188
loss_value = 1.070307970046997
step = 1701
value_mean = 0.9999979138374329
