entropy_mean = 5.820981025695801
loss_policy = 5.886935710906982
loss_total = 13.044281005859375
loss_value = 0.35642558336257935
step = 91
value_mean = 0.671136736869812
