entropy_mean = 5.487660884857178
loss_policy = 5.65815544128418
loss_total = 13.215431213378906
loss_value = 0.9997959136962891
step = 338
value_mean = -0.9998930096626282
