entropy_mean = 5.534449577331543
loss_policy = 6.027806758880615
loss_total = 13.788183212280273
loss_value = 1.0156246423721313
step = 191
value_mean = -0.9999998807907104
