entropy_mean = 1.346042275428772
loss_policy = 1.4313170909881592
loss_total = 5.978403091430664
loss_value = 0.984375
step = 2704
value_mean = -1.0
