entropy_mean = 1.606299638748169
loss_policy = 1.6143604516983032
loss_total = 6.9976654052734375
loss_value = 1.0234375
step = 2031
value_mean = -1.0
