entropy_mean = 3.9668021202087402
loss_policy = 4.58360481262207
loss_total = 11.072667121887207
loss_value = 0.9921867251396179
step = 938
value_mean = -0.9999996423721313
