entropy_mean = 1.5786492824554443
loss_policy = 1.5451167821884155
loss_total = 5.888217926025391
loss_value = 1.015625
step = 2903
value_mean = -1.0
