entropy_mean = 1.4456596374511719
loss_policy = 1.6442676782608032
loss_total = 6.199326992034912
loss_value = 1.0
step = 2710
value_mean = -1.0
