entropy_mean = 4.755472183227539
loss_policy = 5.7260422706604
loss_total = 13.068931579589844
loss_value = 1.0155484676361084
step = 467
value_mean = -0.9999631643295288
