entropy_mean = 1.7506310939788818
loss_policy = 2.1820976734161377
loss_total = 7.868373394012451
loss_value = 0.9999956488609314
step = 1733
value_mean = 0.9999976754188538
