entropy_mean = 1.9721095561981201
loss_policy = 2.2533020973205566
loss_total = 7.916579246520996
loss_value = 0.9921754002571106
step = 1747
value_mean = 0.9999939203262329
