entropy_mean = 5.469114780426025
loss_policy = 6.687316417694092
loss_total = 14.456645965576172
loss_value = 0.9999998807907104
step = 157
value_mean = -1.0
