entropy_mean = 5.462693214416504
loss_policy = 5.727449417114258
loss_total = 13.477843284606934
loss_value = 1.0234369039535522
step = 211
value_mean = -0.9999996423721313
