entropy_mean = 4.442111015319824
loss_policy = 5.048370838165283
loss_total = 11.799863815307617
loss_value = 1.0
step = 756
value_mean = -1.0
