entropy_mean = 5.264256477355957
loss_policy = 6.1484599113464355
loss_total = 13.699163436889648
loss_value = 0.9842623472213745
step = 332
value_mean = -0.9999470710754395
