entropy_mean = 2.756207227706909
loss_policy = 3.11777400970459
loss_total = 9.089741706848145
loss_value = 0.885425329208374
step = 1316
value_mean = 0.1823999136686325
