entropy_mean = 3.0136213302612305
loss_policy = 3.0730526447296143
loss_total = 9.098677635192871
loss_value = 0.9293357729911804
step = 1304
value_mean = -0.1852796971797943
