entropy_mean = 1.5793561935424805
loss_policy = 1.6862852573394775
loss_total = 6.878260135650635
loss_value = 1.0
step = 2180
value_mean = -1.0
