entropy_mean = 3.304473876953125
loss_policy = 3.2578957080841064
loss_total = 9.440893173217773
loss_value = 0.9684311151504517
step = 1177
value_mean = 0.5032743215560913
