entropy_mean = 1.7750990390777588
loss_policy = 1.9081326723098755
loss_total = 7.5891499519348145
loss_value = 1.0078003406524658
step = 1745
value_mean = 0.9999949932098389
