entropy_mean = 1.4368901252746582
loss_policy = 1.4432868957519531
loss_total = 5.984841346740723
loss_value = 1.0234375
step = 2741
value_mean = -1.0
