entropy_mean = 2.6414787769317627
loss_policy = 2.8027093410491943
loss_total = 8.826446533203125
loss_value = 1.0234371423721313
step = 1429
value_mean = 0.9999997615814209
