entropy_mean = 4.3389434814453125
loss_policy = 4.639860153198242
loss_total = 11.156821250915527
loss_value = 1.0234344005584717
step = 941
value_mean = -0.9999976754188538
