entropy_mean = 1.4637047052383423
loss_policy = 1.6682367324829102
loss_total = 6.224113941192627
loss_value = 1.0234375
step = 2729
value_mean = -1.0
