entropy_mean = 1.4274473190307617
loss_policy = 1.5825594663619995
loss_total = 6.421971321105957
loss_value = 1.0
step = 2472
value_mean = -1.0
