entropy_mean = 1.530656099319458
loss_policy = 1.4527775049209595
loss_total = 6.076784133911133
loss_value = 1.0234375
step = 2671
value_mean = -1.0
