entropy_mean = 5.28817081451416
loss_policy = 5.5717878341674805
loss_total = 13.188797950744629
loss_value = 1.0234118700027466
step = 314
value_mean = -0.9999820590019226
