entropy_mean = 4.255934238433838
loss_policy = 5.3374223709106445
loss_total = 12.813369750976562
loss_value = 0.9921875
step = 375
value_mean = -1.0
