entropy_mean = 2.980630874633789
loss_policy = 3.2738771438598633
loss_total = 9.359979629516602
loss_value = 0.9248292446136475
step = 1231
value_mean = -0.4509556293487549
