entropy_mean = 2.7789359092712402
loss_policy = 2.866230010986328
loss_total = 8.414498329162598
loss_value = 0.5029368996620178
step = 1375
value_mean = 0.8018860816955566
