entropy_mean = 1.499969720840454
loss_policy = 1.6666529178619385
loss_total = 6.463935852050781
loss_value = 1.0
step = 2505
value_mean = -1.0
