entropy_mean = 1.7201265096664429
loss_policy = 1.9955129623413086
loss_total = 7.566107273101807
loss_value = 0.9999865889549255
step = 1837
value_mean = 0.9999933242797852
