entropy_mean = 2.9777700901031494
loss_policy = 3.307138442993164
loss_total = 9.450162887573242
loss_value = 0.9411716461181641
step = 1189
value_mean = -0.538912296295166
