entropy_mean = 4.930169105529785
loss_policy = 6.138219356536865
loss_total = 13.780316352844238
loss_value = 0.9999920129776001
step = 273
value_mean = -0.9999966621398926
