entropy_mean = 1.6753671169281006
loss_policy = 2.113280773162842
loss_total = 7.915629863739014
loss_value = 0.9999971389770508
step = 1622
value_mean = 0.9999985694885254
