entropy_mean = 5.582091331481934
loss_policy = 5.969574928283691
loss_total = 13.66504192352295
loss_value = 1.0468641519546509
step = 269
value_mean = -0.9999933838844299
