entropy_mean = 4.965518951416016
loss_policy = 5.475076675415039
loss_total = 12.628133773803711
loss_value = 1.0
step = 544
value_mean = -1.0
