entropy_mean = 2.3228759765625
loss_policy = 2.807690143585205
loss_total = 8.655526161193848
loss_value = 0.9999974370002747
step = 1577
value_mean = 0.9999984502792358
