entropy_mean = 2.4924092292785645
loss_policy = 2.55192494392395
loss_total = 8.4968900680542
loss_value = 0.9921872615814209
step = 1474
value_mean = 0.9999998807907104
