entropy_mean = 1.4324982166290283
loss_policy = 1.6382145881652832
loss_total = 6.731571197509766
loss_value = 0.9921875
step = 2261
value_mean = -1.0
