entropy_mean = 2.2020134925842285
loss_policy = 2.705198049545288
loss_total = 8.709749221801758
loss_value = 0.9921864867210388
step = 1417
value_mean = 0.9999995827674866
