entropy_mean = 1.4878593683242798
loss_policy = 1.7379494905471802
loss_total = 6.804269790649414
loss_value = 0.9921875
step = 2283
value_mean = -1.0
