entropy_mean = 1.5931148529052734
loss_policy = 1.4641910791397095
loss_total = 5.949324607849121
loss_value = 1.0234375
step = 2789
value_mean = -1.0
