entropy_mean = 4.893736362457275
loss_policy = 5.2562689781188965
loss_total = 12.224480628967285
loss_value = 0.96875
step = 617
value_mean = -1.0
