entropy_mean = 1.627335548400879
loss_policy = 1.6484315395355225
loss_total = 6.5420708656311035
loss_value = 0.9921875
step = 2427
value_mean = -1.0
