entropy_mean = 1.4352205991744995
loss_policy = 1.6338574886322021
loss_total = 6.494956970214844
loss_value = 0.9921875
step = 2450
value_mean = -1.0
