entropy_mean = 5.471108436584473
loss_policy = 5.81761360168457
loss_total = 13.605939865112305
loss_value = 0.9997681379318237
step = 134
value_mean = -0.9999548196792603
