entropy_mean = 1.7503283023834229
loss_policy = 1.7391002178192139
loss_total = 6.9372100830078125
loss_value = 1.0
step = 2174
value_mean = -1.0
