entropy_mean = 4.567658424377441
loss_policy = 5.081768035888672
loss_total = 12.138603210449219
loss_value = 0.9999977350234985
step = 590
value_mean = -0.9999990463256836
