entropy_mean = 2.459907054901123
loss_policy = 2.8888912200927734
loss_total = 8.963576316833496
loss_value = 0.9695625305175781
step = 1293
value_mean = 0.97935950756073
