entropy_mean = 4.006312370300293
loss_policy = 4.423652648925781
loss_total = 10.779298782348633
loss_value = 0.9921747446060181
step = 1038
value_mean = -0.9999942779541016
