entropy_mean = 1.8840069770812988
loss_policy = 1.8120487928390503
loss_total = 7.15431022644043
loss_value = 1.0
step = 2046
value_mean = -1.0
