entropy_mean = 5.595635890960693
loss_policy = 5.919043064117432
loss_total = 13.677886962890625
loss_value = 1.015624761581421
step = 193
value_mean = -0.9999997615814209
