entropy_mean = 2.244175434112549
loss_policy = 2.243297815322876
loss_total = 7.9297590255737305
loss_value = 1.0234252214431763
step = 1755
value_mean = 0.9999927282333374
