entropy_mean = 3.2679026126861572
loss_policy = 3.4467639923095703
loss_total = 9.62856674194336
loss_value = 1.002394437789917
step = 1212
value_mean = -0.9788832664489746
