entropy_mean = 1.6682976484298706
loss_policy = 1.855902075767517
loss_total = 7.2234039306640625
loss_value = 1.0
step = 2024
value_mean = -1.0
