entropy_mean = 4.567886829376221
loss_policy = 4.761770248413086
loss_total = 11.484038352966309
loss_value = 1.0
step = 775
value_mean = -1.0
