entropy_mean = 1.6442965269088745
loss_policy = 1.8450257778167725
loss_total = 7.293039321899414
loss_value = 0.9998761415481567
step = 1950
value_mean = 0.9999285936355591
