entropy_mean = 5.322296142578125
loss_policy = 6.320909023284912
loss_total = 14.130287170410156
loss_value = 0.9919538497924805
step = 14
value_mean = 0.9998756051063538
