entropy_mean = 5.515356063842773
loss_policy = 6.872186660766602
loss_total = 14.494898796081543
loss_value = 0.9999631643295288
step = 287
value_mean = -0.9999834299087524
