entropy_mean = 1.8434314727783203
loss_policy = 1.8323142528533936
loss_total = 7.250239849090576
loss_value = 1.0
step = 1978
value_mean = -1.0
