entropy_mean = 2.033613681793213
loss_policy = 2.2994561195373535
loss_total = 8.083864212036133
loss_value = 1.0468735694885254
step = 1687
value_mean = 0.9999994039535522
