entropy_mean = 1.8444509506225586
loss_policy = 2.0273654460906982
loss_total = 7.542255401611328
loss_value = 1.023395299911499
step = 1907
value_mean = 0.9999794960021973
