entropy_mean = 1.5830756425857544
loss_policy = 1.8527421951293945
loss_total = 7.205666542053223
loss_value = 1.0
step = 2037
value_mean = -1.0
