entropy_mean = 1.610715389251709
loss_policy = 2.035081386566162
loss_total = 7.735919952392578
loss_value = 0.9999929666519165
step = 1720
value_mean = 0.9999964237213135
