entropy_mean = 4.758607387542725
loss_policy = 4.8754448890686035
loss_total = 11.972213745117188
loss_value = 1.0
step = 570
value_mean = -1.0
