entropy_mean = 2.711625576019287
loss_policy = 2.884347438812256
loss_total = 8.90163516998291
loss_value = 0.9999995231628418
step = 1412
value_mean = 0.9999997615814209
