entropy_mean = 4.250494956970215
loss_policy = 5.9359893798828125
loss_total = 13.05754280090332
loss_value = 0.9999999403953552
step = 557
value_mean = -1.0
