entropy_mean = 3.689459800720215
loss_policy = 3.9928135871887207
loss_total = 10.301283836364746
loss_value = 1.015625
step = 1097
value_mean = 1.0
