entropy_mean = 5.655591011047363
loss_policy = 5.799262046813965
loss_total = 12.962043762207031
loss_value = 0.3649616539478302
step = 103
value_mean = -0.15097221732139587
