entropy_mean = 3.7626943588256836
loss_policy = 4.070822715759277
loss_total = 10.414706230163574
loss_value = 1.0232667922973633
step = 1073
value_mean = -0.9998944401741028
