entropy_mean = 1.3707754611968994
loss_policy = 1.4749424457550049
loss_total = 6.046891212463379
loss_value = 1.0
step = 2697
value_mean = -1.0
