entropy_mean = 4.409006595611572
loss_policy = 5.029898643493652
loss_total = 12.245615005493164
loss_value = 1.046874761581421
step = 538
value_mean = -0.9999998807907104
