entropy_mean = 1.5638034343719482
loss_policy = 1.8544931411743164
loss_total = 7.293027400970459
loss_value = 0.9995290040969849
step = 1958
value_mean = 0.9997644424438477
