entropy_mean = 1.7522660493850708
loss_policy = 1.8761417865753174
loss_total = 7.320426940917969
loss_value = 0.9921247959136963
step = 1946
value_mean = 0.999970018863678
