entropy_mean = 3.62556791305542
loss_policy = 3.8489341735839844
loss_total = 10.2059965133667
loss_value = 0.9921811819076538
step = 1037
value_mean = -0.9999967217445374
