entropy_mean = 1.9741829633712769
loss_policy = 1.9077446460723877
loss_total = 7.624446868896484
loss_value = 1.0234311819076538
step = 1727
value_mean = 0.9999966621398926
