entropy_mean = 1.7709999084472656
loss_policy = 1.903891682624817
loss_total = 7.319787979125977
loss_value = 1.0
step = 1980
value_mean = -1.0
