entropy_mean = 4.497805595397949
loss_policy = 5.346609592437744
loss_total = 12.54994010925293
loss_value = 1.0
step = 521
value_mean = -1.0
