entropy_mean = 1.7548056840896606
loss_policy = 1.7353160381317139
loss_total = 6.886185646057129
loss_value = 0.984375
step = 2205
value_mean = -1.0
