entropy_mean = 2.4602155685424805
loss_policy = 2.5142464637756348
loss_total = 8.408088684082031
loss_value = 0.9999988079071045
step = 1533
value_mean = 0.9999994039535522
