entropy_mean = 4.638459205627441
loss_policy = 5.6265869140625
loss_total = 12.966312408447266
loss_value = 1.0155948400497437
step = 469
value_mean = -0.9999788403511047
