entropy_mean = 4.114803314208984
loss_policy = 4.574422836303711
loss_total = 11.143119812011719
loss_value = 1.0
step = 881
value_mean = -1.0
