entropy_mean = 5.691850662231445
loss_policy = 5.833091735839844
loss_total = 13.501015663146973
loss_value = 0.9999933242797852
step = 256
value_mean = -0.9999960660934448
