entropy_mean = 4.187980651855469
loss_policy = 5.174132823944092
loss_total = 12.190596580505371
loss_value = 1.0234375
step = 620
value_mean = -1.0
