entropy_mean = 1.7398431301116943
loss_policy = 1.8980087041854858
loss_total = 7.471676826477051
loss_value = 0.9921790957450867
step = 1827
value_mean = 0.9999957084655762
