entropy_mean = 5.717103958129883
loss_policy = 6.659313201904297
loss_total = 14.275096893310547
loss_value = 0.9999719262123108
step = 293
value_mean = -0.9999872446060181
