entropy_mean = 1.7049729824066162
loss_policy = 1.6482036113739014
loss_total = 7.067122459411621
loss_value = 1.0
step = 1977
value_mean = -1.0
