entropy_mean = 1.6303675174713135
loss_policy = 1.5907177925109863
loss_total = 6.786605358123779
loss_value = 1.0234375
step = 2199
value_mean = -1.0
