entropy_mean = 5.133574485778809
loss_policy = 6.468362808227539
loss_total = 14.255471229553223
loss_value = 1.0234375
step = 165
value_mean = -1.0
