entropy_mean = 1.948144793510437
loss_policy = 1.9133950471878052
loss_total = 7.437640190124512
loss_value = 0.9999676942825317
step = 1879
value_mean = 0.9999825954437256
