entropy_mean = 1.5435394048690796
loss_policy = 1.7066481113433838
loss_total = 6.970472812652588
loss_value = 1.0234375
step = 2137
value_mean = -1.0
