entropy_mean = 4.185702800750732
loss_policy = 5.182529926300049
loss_total = 11.935452461242676
loss_value = 1.0
step = 755
value_mean = -1.0
