entropy_mean = 1.5874261856079102
loss_policy = 1.683293342590332
loss_total = 6.035490036010742
loss_value = 1.0078125
step = 2888
value_mean = -1.0
