entropy_mean = 3.5811102390289307
loss_policy = 3.9076898097991943
loss_total = 10.245121002197266
loss_value = 0.9999736547470093
step = 1058
value_mean = -0.9999786019325256
