entropy_mean = 1.5967655181884766
loss_policy = 1.7218921184539795
loss_total = 7.054018974304199
loss_value = 1.0234375
step = 2076
value_mean = -1.0
