entropy_mean = 3.475891351699829
loss_policy = 4.229428291320801
loss_total = 10.666841506958008
loss_value = 1.0234365463256836
step = 1000
value_mean = -0.9999995827674866
