entropy_mean = 1.5406897068023682
loss_policy = 1.650672197341919
loss_total = 6.302506446838379
loss_value = 0.984375
step = 2614
value_mean = -1.0
