entropy_mean = 1.687671422958374
loss_policy = 1.7514851093292236
loss_total = 7.3060197830200195
loss_value = 1.007768154144287
step = 1859
value_mean = 0.9999737739562988
