entropy_mean = 4.547578811645508
loss_policy = 5.150932312011719
loss_total = 11.892807006835938
loss_value = 1.0
step = 762
value_mean = -1.0
