entropy_mean = 4.835861682891846
loss_policy = 5.890917778015137
loss_total = 12.879883766174316
loss_value = 1.0
step = 622
value_mean = -1.0
