entropy_mean = 1.3829712867736816
loss_policy = 1.6516287326812744
loss_total = 6.583770751953125
loss_value = 1.0
step = 2403
value_mean = -1.0
