entropy_mean = 1.668084740638733
loss_policy = 1.8332282304763794
loss_total = 7.282156944274902
loss_value = 0.9997991323471069
step = 1949
value_mean = 0.9998520612716675
