entropy_mean = 5.670134544372559
loss_policy = 5.787544250488281
loss_total = 13.216894149780273
loss_value = 0.6212009787559509
step = 59
value_mean = -0.8799195289611816
