entropy_mean = 1.5636205673217773
loss_policy = 1.943356990814209
loss_total = 7.4239044189453125
loss_value = 0.9999639987945557
step = 1917
value_mean = 0.999981164932251
