entropy_mean = 1.4546990394592285
loss_policy = 1.4374805688858032
loss_total = 6.4167256355285645
loss_value = 1.0390625
step = 2397
value_mean = -1.0
