entropy_mean = 1.517546534538269
loss_policy = 1.498774766921997
loss_total = 6.233922004699707
loss_value = 1.015625
step = 2571
value_mean = -1.0
