entropy_mean = 5.851921081542969
loss_policy = 6.059223175048828
loss_total = 13.86887264251709
loss_value = 0.9932687282562256
step = 24
value_mean = 0.9801054000854492
