entropy_mean = 5.595431804656982
loss_policy = 8.124017715454102
loss_total = 15.934557914733887
loss_value = 0.9928613305091858
step = 5
value_mean = 0.994536817073822
