entropy_mean = 1.574573040008545
loss_policy = 1.5731347799301147
loss_total = 5.998595237731934
loss_value = 0.9921875
step = 2814
value_mean = -1.0
