entropy_mean = 5.935537815093994
loss_policy = 7.159750461578369
loss_total = 14.975257873535156
loss_value = 0.9978639483451843
step = 8
value_mean = 0.9988307952880859
