entropy_mean = 1.4974474906921387
loss_policy = 1.7831854820251465
loss_total = 6.953665733337402
loss_value = 1.0234375
step = 2222
value_mean = -1.0
