entropy_mean = 1.4566279649734497
loss_policy = 1.5253866910934448
loss_total = 6.133634090423584
loss_value = 1.0
step = 2665
value_mean = -1.0
