entropy_mean = 4.624458312988281
loss_policy = 5.130819320678711
loss_total = 12.025533676147461
loss_value = 0.9999982714653015
step = 677
value_mean = -0.9999988079071045
