entropy_mean = 5.7868475914001465
loss_policy = 5.86679744720459
loss_total = 13.541297912597656
loss_value = 0.9921822547912598
step = 245
value_mean = -0.9999970197677612
