entropy_mean = 1.5453697443008423
loss_policy = 1.8094497919082642
loss_total = 7.127660751342773
loss_value = 1.0
step = 2067
value_mean = -1.0
