entropy_mean = 1.6948504447937012
loss_policy = 1.8368659019470215
loss_total = 7.441898345947266
loss_value = 0.9999881386756897
step = 1807
value_mean = 0.9999946355819702
