entropy_mean = 2.7312355041503906
loss_policy = 2.8218955993652344
loss_total = 8.75338077545166
loss_value = 1.0156246423721313
step = 1511
value_mean = 0.9999997615814209
