entropy_mean = 1.3420943021774292
loss_policy = 1.4011496305465698
loss_total = 5.831968307495117
loss_value = 0.9921875
step = 2809
value_mean = -1.0
