entropy_mean = 3.780423879623413
loss_policy = 4.811639308929443
loss_total = 11.333343505859375
loss_value = 1.0
step = 917
value_mean = -1.0
