entropy_mean = 3.6264147758483887
loss_policy = 3.802201271057129
loss_total = 10.140588760375977
loss_value = 0.9921665191650391
step = 1051
value_mean = -0.9999939799308777
