entropy_mean = 3.782933235168457
loss_policy = 4.197324752807617
loss_total = 10.629344940185547
loss_value = 0.9999998807907104
step = 986
value_mean = -0.9999999403953552
