entropy_mean = 4.164098739624023
loss_policy = 4.836099624633789
loss_total = 11.348709106445312
loss_value = 0.9921875
step = 918
value_mean = -1.0
