entropy_mean = 1.3955192565917969
loss_policy = 1.4562814235687256
loss_total = 6.2279052734375
loss_value = 0.9921875
step = 2520
value_mean = -1.0
