entropy_mean = 3.0113167762756348
loss_policy = 2.80648136138916
loss_total = 8.845738410949707
loss_value = 0.998323380947113
step = 1384
value_mean = 0.9996685981750488
