entropy_mean = 1.522025227546692
loss_policy = 1.665313959121704
loss_total = 6.115926742553711
loss_value = 1.0
step = 2798
value_mean = -1.0
