entropy_mean = 2.155388355255127
loss_policy = 2.0341553688049316
loss_total = 7.847148418426514
loss_value = 1.0234332084655762
step = 1635
value_mean = 0.9999971389770508
