entropy_mean = 2.8412747383117676
loss_policy = 2.7397167682647705
loss_total = 8.656617164611816
loss_value = 0.9999998807907104
step = 1510
value_mean = 0.9999998807907104
