entropy_mean = 1.8911329507827759
loss_policy = 2.050075054168701
loss_total = 7.6521806716918945
loss_value = 0.9921766519546509
step = 1803
value_mean = 0.9999927282333374
