entropy_mean = 1.4584612846374512
loss_policy = 1.7034845352172852
loss_total = 7.007813930511475
loss_value = 1.0
step = 2080
value_mean = -1.0
