entropy_mean = 4.445063591003418
loss_policy = 6.3354573249816895
loss_total = 13.808841705322266
loss_value = 1.0
step = 381
value_mean = -1.0
