entropy_mean = 1.5904393196105957
loss_policy = 1.901479721069336
loss_total = 7.434792518615723
loss_value = 0.9843425750732422
step = 1857
value_mean = 0.9999804496765137
