entropy_mean = 1.4095063209533691
loss_policy = 1.7408597469329834
loss_total = 6.145484924316406
loss_value = 1.0
step = 2837
value_mean = -1.0
