entropy_mean = 2.044703722000122
loss_policy = 1.8347527980804443
loss_total = 7.258580207824707
loss_value = 0.991507887840271
step = 1964
value_mean = 0.999552845954895
