entropy_mean = 5.060013294219971
loss_policy = 5.760120391845703
loss_total = 13.3374662399292
loss_value = 0.9921293258666992
step = 320
value_mean = -0.9999653100967407
