entropy_mean = 4.018013000488281
loss_policy = 5.42625093460083
loss_total = 12.055440902709961
loss_value = 1.015625
step = 849
value_mean = -1.0
