entropy_mean = 1.9716033935546875
loss_policy = 2.3237416744232178
loss_total = 8.099847793579102
loss_value = 0.9999964237213135
step = 1648
value_mean = 0.9999982714653015
