entropy_mean = 1.4060328006744385
loss_policy = 1.5042426586151123
loss_total = 6.061816692352295
loss_value = 0.984375
step = 2696
value_mean = -1.0
