entropy_mean = 4.31208610534668
loss_policy = 5.2817606925964355
loss_total = 12.216682434082031
loss_value = 0.9999999403953552
step = 654
value_mean = -0.9999999403953552
