entropy_mean = 1.4367008209228516
loss_policy = 1.524309515953064
loss_total = 5.942451477050781
loss_value = 1.0234375
step = 2845
value_mean = -1.0
