entropy_mean = 4.5285868644714355
loss_policy = 4.935863018035889
loss_total = 12.000486373901367
loss_value = 0.9843746423721313
step = 579
value_mean = -0.9999997615814209
