entropy_mean = 1.845254898071289
loss_policy = 2.1122775077819824
loss_total = 7.6216349601745605
loss_value = 1.0234276056289673
step = 1912
value_mean = 0.9999946355819702
