entropy_mean = 1.4828466176986694
loss_policy = 1.5887477397918701
loss_total = 6.1294169425964355
loss_value = 0.984375
step = 2709
value_mean = -1.0
