entropy_mean = 4.5466203689575195
loss_policy = 5.540576934814453
loss_total = 12.814982414245605
loss_value = 1.046875
step = 508
value_mean = -1.0
