entropy_mean = 1.6917827129364014
loss_policy = 1.6985366344451904
loss_total = 6.968362331390381
loss_value = 0.9921875
step = 2103
value_mean = -1.0
