entropy_mean = 2.152614116668701
loss_policy = 2.1917524337768555
loss_total = 7.997471809387207
loss_value = 0.9999971389770508
step = 1619
value_mean = 0.9999985694885254
