entropy_mean = 1.5197428464889526
loss_policy = 1.4311856031417847
loss_total = 6.178040504455566
loss_value = 1.046875
step = 2588
value_mean = -1.0
