entropy_mean = 3.26450252532959
loss_policy = 3.3434762954711914
loss_total = 9.369388580322266
loss_value = 0.9246855974197388
step = 1298
value_mean = -0.02413983643054962
