entropy_mean = 2.0216145515441895
loss_policy = 2.429388999938965
loss_total = 8.242292404174805
loss_value = 1.0156166553497314
step = 1627
value_mean = 0.9999959468841553
