entropy_mean = 1.3109477758407593
loss_policy = 1.5922564268112183
loss_total = 6.100225925445557
loss_value = 1.0
step = 2749
value_mean = -1.0
