entropy_mean = 3.335524559020996
loss_policy = 3.632998466491699
loss_total = 9.891144752502441
loss_value = 0.9868090152740479
step = 1119
value_mean = 0.999715268611908
