entropy_mean = 1.5642280578613281
loss_policy = 2.042085886001587
loss_total = 7.554920673370361
loss_value = 0.992168128490448
step = 1882
value_mean = 0.9999905228614807
