entropy_mean = 1.6785019636154175
loss_policy = 1.9284725189208984
loss_total = 7.31130313873291
loss_value = 0.9921875
step = 2003
value_mean = -1.0
