entropy_mean = 3.949347972869873
loss_policy = 3.8214969635009766
loss_total = 10.09959888458252
loss_value = 1.0
step = 1111
value_mean = 1.0
