entropy_mean = 2.625854730606079
loss_policy = 2.669194221496582
loss_total = 8.067580223083496
loss_value = 0.34509527683258057
step = 1360
value_mean = -0.3102816343307495
