entropy_mean = 2.5935544967651367
loss_policy = 2.8713085651397705
loss_total = 8.932382583618164
loss_value = 0.9878421425819397
step = 1333
value_mean = 0.9310166239738464
