entropy_mean = 1.2743420600891113
loss_policy = 1.407088279724121
loss_total = 5.856167793273926
loss_value = 0.9921875
step = 2793
value_mean = -1.0
