entropy_mean = 1.3832190036773682
loss_policy = 1.7334703207015991
loss_total = 6.171027183532715
loss_value = 1.0
step = 2810
value_mean = -1.0
