entropy_mean = 2.943464517593384
loss_policy = 2.985276222229004
loss_total = 9.000995635986328
loss_value = 0.8654699921607971
step = 1242
value_mean = 0.013170547783374786
