entropy_mean = 2.491133451461792
loss_policy = 2.9729225635528564
loss_total = 8.900213241577148
loss_value = 0.9921854734420776
step = 1492
value_mean = 0.9999988675117493
