entropy_mean = 5.638431549072266
loss_policy = 5.898133277893066
loss_total = 13.665313720703125
loss_value = 1.0156245231628418
step = 182
value_mean = -0.9999997615814209
