entropy_mean = 1.846024990081787
loss_policy = 1.985280990600586
loss_total = 7.559832572937012
loss_value = 1.0234044790267944
step = 1855
value_mean = 0.9999818801879883
