entropy_mean = 3.8473057746887207
loss_policy = 4.492311954498291
loss_total = 10.952919006347656
loss_value = 1.0234360694885254
step = 982
value_mean = -0.9999995231628418
