entropy_mean = 4.4418840408325195
loss_policy = 4.7245283126831055
loss_total = 11.264726638793945
loss_value = 1.0234373807907104
step = 921
value_mean = -0.9999998807907104
