entropy_mean = 4.022074222564697
loss_policy = 4.527199745178223
loss_total = 11.080822944641113
loss_value = 0.9921875
step = 886
value_mean = -1.0
