entropy_mean = 3.049635887145996
loss_policy = 3.5077009201049805
loss_total = 9.48769760131836
loss_value = 0.8288102746009827
step = 1241
value_mean = -0.7772267460823059
