entropy_mean = 1.648179531097412
loss_policy = 1.6330291032791138
loss_total = 6.444769859313965
loss_value = 0.984375
step = 2481
value_mean = -1.0
