entropy_mean = 1.607828140258789
loss_policy = 1.625488519668579
loss_total = 6.885697841644287
loss_value = 1.015625
step = 2133
value_mean = -1.0
