entropy_mean = 1.5600405931472778
loss_policy = 1.5394970178604126
loss_total = 6.052126407623291
loss_value = 1.0234375
step = 2765
value_mean = -1.0
