entropy_mean = 4.830835342407227
loss_policy = 5.710101127624512
loss_total = 13.33049488067627
loss_value = 0.9999790191650391
step = 289
value_mean = -0.9999926090240479
