entropy_mean = 5.472620010375977
loss_policy = 6.178582191467285
loss_total = 13.98311996459961
loss_value = 0.9876283407211304
step = 20
value_mean = 0.9837777614593506
