entropy_mean = 1.6311639547348022
loss_policy = 1.604581356048584
loss_total = 6.559018135070801
loss_value = 0.9921875
step = 2379
value_mean = -1.0
