entropy_mean = 1.3552333116531372
loss_policy = 1.4770944118499756
loss_total = 6.072415351867676
loss_value = 0.9921875
step = 2669
value_mean = -1.0
