entropy_mean = 1.4814956188201904
loss_policy = 1.5015192031860352
loss_total = 6.111049175262451
loss_value = 1.0
step = 2664
value_mean = -1.0
