entropy_mean = 1.4845197200775146
loss_policy = 1.6623225212097168
loss_total = 6.013522624969482
loss_value = 0.9921875
step = 2875
value_mean = -1.0
