entropy_mean = 1.4667516946792603
loss_policy = 1.4986172914505005
loss_total = 6.28817892074585
loss_value = 1.015625
step = 2524
value_mean = -1.0
