entropy_mean = 1.9304745197296143
loss_policy = 2.007110595703125
loss_total = 7.38755989074707
loss_value = 0.9921875
step = 2005
value_mean = -1.0
