entropy_mean = 1.6751924753189087
loss_policy = 2.052564859390259
loss_total = 7.663566589355469
loss_value = 1.046860933303833
step = 1843
value_mean = 0.999993085861206
