entropy_mean = 5.910157203674316
loss_policy = 6.233323097229004
loss_total = 14.037691116333008
loss_value = 0.9881425499916077
step = 25
value_mean = 0.9738861918449402
