entropy_mean = 4.177048683166504
loss_policy = 4.756464004516602
loss_total = 11.60228157043457
loss_value = 1.0234370231628418
step = 716
value_mean = -0.9999997019767761
