entropy_mean = 5.932596206665039
loss_policy = 7.518407821655273
loss_total = 15.335237503051758
loss_value = 0.9991716146469116
step = 7
value_mean = 0.9995612502098083
