entropy_mean = 2.3134167194366455
loss_policy = 2.5799190998077393
loss_total = 8.439905166625977
loss_value = 0.9921861290931702
step = 1558
value_mean = 0.9999992251396179
