entropy_mean = 1.5913578271865845
loss_policy = 1.6775577068328857
loss_total = 7.065237522125244
loss_value = 0.9921875
step = 1999
value_mean = -1.0
