entropy_mean = 1.5972316265106201
loss_policy = 1.943007469177246
loss_total = 7.35056209564209
loss_value = 1.0
step = 1988
value_mean = -1.0
