entropy_mean = 3.886476516723633
loss_policy = 4.659068584442139
loss_total = 11.221546173095703
loss_value = 0.9921875
step = 880
value_mean = -1.0
