entropy_mean = 1.9188268184661865
loss_policy = 2.1815528869628906
loss_total = 7.962710380554199
loss_value = 0.9999953508377075
step = 1643
value_mean = 0.9999977350234985
