entropy_mean = 5.715823650360107
loss_policy = 6.21481466293335
loss_total = 13.86166000366211
loss_value = 0.9999860525131226
step = 270
value_mean = -0.9999929666519165
