entropy_mean = 3.9000401496887207
loss_policy = 3.8177123069763184
loss_total = 10.147138595581055
loss_value = 0.9999731779098511
step = 1065
value_mean = -0.9999880790710449
