entropy_mean = 1.530045509338379
loss_policy = 1.5504496097564697
loss_total = 6.494436264038086
loss_value = 1.0234375
step = 2412
value_mean = -1.0
