entropy_mean = 4.300783157348633
loss_policy = 5.747445583343506
loss_total = 13.227519035339355
loss_value = 1.0
step = 377
value_mean = -1.0
