entropy_mean = 4.094998359680176
loss_policy = 4.48242712020874
loss_total = 11.091071128845215
loss_value = 1.023436427116394
step = 871
value_mean = -0.9999997019767761
