entropy_mean = 1.4010727405548096
loss_policy = 1.473888874053955
loss_total = 6.249291896820068
loss_value = 0.9921875
step = 2517
value_mean = -1.0
