entropy_mean = 2.234334945678711
loss_policy = 2.2663698196411133
loss_total = 8.096433639526367
loss_value = 1.0156241655349731
step = 1611
value_mean = 0.9999995231628418
