entropy_mean = 4.786473274230957
loss_policy = 5.986659049987793
loss_total = 13.586783409118652
loss_value = 0.9999840259552002
step = 308
value_mean = -0.9999914765357971
