entropy_mean = 1.6037529706954956
loss_policy = 1.8544466495513916
loss_total = 7.263101577758789
loss_value = 1.0
step = 1987
value_mean = -1.0
