entropy_mean = 1.6070666313171387
loss_policy = 1.7815860509872437
loss_total = 6.247633457183838
loss_value = 1.0234375
step = 2805
value_mean = -1.0
