entropy_mean = 1.6919581890106201
loss_policy = 1.6692599058151245
loss_total = 6.639129638671875
loss_value = 1.0390625
step = 2404
value_mean = -1.0
