entropy_mean = 5.7593488693237305
loss_policy = 6.104160308837891
loss_total = 13.691791534423828
loss_value = 0.7964581847190857
step = 127
value_mean = 0.8099843263626099
