entropy_mean = 4.342762470245361
loss_policy = 4.177650451660156
loss_total = 10.580461502075195
loss_value = 0.9999976754188538
step = 1009
value_mean = -0.9999988675117493
