entropy_mean = 5.13134765625
loss_policy = 6.150259494781494
loss_total = 13.776833534240723
loss_value = 0.9999845027923584
step = 284
value_mean = -0.9999905824661255
