entropy_mean = 3.542476177215576
loss_policy = 3.9059898853302
loss_total = 10.221299171447754
loss_value = 0.9999270439147949
step = 1078
value_mean = -0.9999698400497437
