entropy_mean = 5.433865547180176
loss_policy = 5.936326026916504
loss_total = 13.681842803955078
loss_value = 0.9999992251396179
step = 190
value_mean = -0.9999996423721313
