entropy_mean = 3.131802797317505
loss_policy = 3.585714817047119
loss_total = 9.749719619750977
loss_value = 0.9203523397445679
step = 1147
value_mean = -0.5182727575302124
