entropy_mean = 2.389708995819092
loss_policy = 2.84424090385437
loss_total = 8.913683891296387
loss_value = 0.9771925806999207
step = 1309
value_mean = -0.6430095434188843
