entropy_mean = 1.301327109336853
loss_policy = 1.9093056917190552
loss_total = 7.247961521148682
loss_value = 1.0
step = 2049
value_mean = -1.0
