entropy_mean = 4.356825828552246
loss_policy = 4.9823503494262695
loss_total = 11.976272583007812
loss_value = 1.0234375
step = 633
value_mean = -1.0
