entropy_mean = 2.094578742980957
loss_policy = 2.287907123565674
loss_total = 8.091290473937988
loss_value = 0.9921860098838806
step = 1614
value_mean = 0.9999988079071045
