entropy_mean = 1.3298965692520142
loss_policy = 1.4584460258483887
loss_total = 6.154793739318848
loss_value = 1.0
step = 2591
value_mean = -1.0
