entropy_mean = 2.421375274658203
loss_policy = 2.930591106414795
loss_total = 8.758036613464355
loss_value = 0.7644110321998596
step = 1346
value_mean = -0.5633782744407654
