entropy_mean = 1.5042555332183838
loss_policy = 1.6734446287155151
loss_total = 6.389737129211426
loss_value = 1.0234375
step = 2594
value_mean = -1.0
