entropy_mean = 1.290870189666748
loss_policy = 1.6071321964263916
loss_total = 6.491270065307617
loss_value = 1.0
step = 2439
value_mean = -1.0
