entropy_mean = 3.5453503131866455
loss_policy = 3.6067371368408203
loss_total = 9.73685073852539
loss_value = 0.896722137928009
step = 1158
value_mean = -0.8586419820785522
