entropy_mean = 1.5053558349609375
loss_policy = 1.7105637788772583
loss_total = 6.810538291931152
loss_value = 1.0
step = 2262
value_mean = -1.0
