entropy_mean = 1.7255425453186035
loss_policy = 1.9517817497253418
loss_total = 7.462195873260498
loss_value = 1.0234159231185913
step = 1911
value_mean = 0.9999900460243225
