entropy_mean = 1.479963779449463
loss_policy = 1.5884337425231934
loss_total = 6.7484588623046875
loss_value = 1.0234375
step = 2231
value_mean = -1.0
