entropy_mean = 3.968374490737915
loss_policy = 4.704070091247559
loss_total = 11.613100051879883
loss_value = 0.9921873211860657
step = 664
value_mean = -0.9999998807907104
