entropy_mean = 1.4331259727478027
loss_policy = 1.6407606601715088
loss_total = 6.026199817657471
loss_value = 1.0
step = 2853
value_mean = -1.0
