entropy_mean = 4.6203508377075195
loss_policy = 5.156586647033691
loss_total = 12.388616561889648
loss_value = 1.023437261581421
step = 518
value_mean = -0.9999998807907104
