entropy_mean = 3.2738943099975586
loss_policy = 3.2028422355651855
loss_total = 9.242520332336426
loss_value = 0.8437473177909851
step = 1195
value_mean = 0.7127355337142944
