entropy_mean = 1.4934921264648438
loss_policy = 1.4895236492156982
loss_total = 6.788256645202637
loss_value = 0.9921875
step = 2078
value_mean = -1.0
