entropy_mean = 1.3686647415161133
loss_policy = 1.654579997062683
loss_total = 6.252758979797363
loss_value = 1.0
step = 2673
value_mean = -1.0
