entropy_mean = 1.4487435817718506
loss_policy = 1.8775722980499268
loss_total = 7.312537670135498
loss_value = 0.9994046688079834
step = 1961
value_mean = 0.9996663331985474
