entropy_mean = 2.2904164791107178
loss_policy = 2.2964839935302734
loss_total = 8.106610298156738
loss_value = 0.9999969005584717
step = 1615
value_mean = 0.999997615814209
