entropy_mean = 2.703392744064331
loss_policy = 2.8549575805664062
loss_total = 8.8294095993042
loss_value = 0.8904801607131958
step = 1319
value_mean = 0.30040600895881653
