entropy_mean = 4.9268388748168945
loss_policy = 5.3970746994018555
loss_total = 12.766694068908691
loss_value = 1.0
step = 444
value_mean = -1.0
