entropy_mean = 5.753767013549805
loss_policy = 5.687228202819824
loss_total = 12.950462341308594
loss_value = 0.45770925283432007
step = 70
value_mean = 0.08748631179332733
