entropy_mean = 4.195183753967285
loss_policy = 4.61366081237793
loss_total = 11.472870826721191
loss_value = 0.9999831318855286
step = 698
value_mean = -0.9999891519546509
