entropy_mean = 5.633978843688965
loss_policy = 6.1049909591674805
loss_total = 13.120875358581543
loss_value = 0.21141572296619415
step = 75
value_mean = -0.5270746946334839
