entropy_mean = 5.430665969848633
loss_policy = 6.17872428894043
loss_total = 13.817934036254883
loss_value = 0.9999930262565613
step = 275
value_mean = -0.9999958276748657
