entropy_mean = 1.6403015851974487
loss_policy = 1.5569868087768555
loss_total = 6.13935661315918
loss_value = 1.0
step = 2688
value_mean = -1.0
