entropy_mean = 1.4537004232406616
loss_policy = 1.5911229848861694
loss_total = 6.19747257232666
loss_value = 1.015625
step = 2680
value_mean = -1.0
