entropy_mean = 2.3728270530700684
loss_policy = 2.495879650115967
loss_total = 8.463059425354004
loss_value = 0.9921873807907104
step = 1453
value_mean = 1.0
