entropy_mean = 1.6557610034942627
loss_policy = 1.9226741790771484
loss_total = 7.673915863037109
loss_value = 0.9843714237213135
step = 1658
value_mean = 0.9999982118606567
