entropy_mean = 1.9737894535064697
loss_policy = 1.988588809967041
loss_total = 7.582454204559326
loss_value = 0.9999905824661255
step = 1816
value_mean = 0.9999951720237732
