entropy_mean = 1.4162704944610596
loss_policy = 1.6263766288757324
loss_total = 6.475919723510742
loss_value = 1.0234375
step = 2482
value_mean = -1.0
