entropy_mean = 4.931399822235107
loss_policy = 5.349246501922607
loss_total = 12.564695358276367
loss_value = 1.015624761581421
step = 523
value_mean = -0.9999998807907104
