entropy_mean = 1.628654956817627
loss_policy = 1.6887669563293457
loss_total = 6.673897743225098
loss_value = 0.984375
step = 2346
value_mean = -1.0
