entropy_mean = 5.586211204528809
loss_policy = 6.046297550201416
loss_total = 13.793067932128906
loss_value = 0.9921872615814209
step = 178
value_mean = -0.9999998807907104
