entropy_mean = 5.531668663024902
loss_policy = 5.698492527008057
loss_total = 13.297780990600586
loss_value = 1.0155339241027832
step = 321
value_mean = -0.9999405145645142
