entropy_mean = 1.495054006576538
loss_policy = 1.8434648513793945
loss_total = 7.258481025695801
loss_value = 0.986987829208374
step = 1968
value_mean = 0.9915656447410583
