entropy_mean = 1.7666982412338257
loss_policy = 1.658774495124817
loss_total = 6.0823211669921875
loss_value = 1.0
step = 2822
value_mean = -1.0
