entropy_mean = 2.6035046577453613
loss_policy = 2.945700168609619
loss_total = 9.004544258117676
loss_value = 1.0234313011169434
step = 1392
value_mean = 0.9999984502792358
