entropy_mean = 1.532653570175171
loss_policy = 1.597571611404419
loss_total = 6.331558704376221
loss_value = 1.0
step = 2557
value_mean = -1.0
