entropy_mean = 2.396672248840332
loss_policy = 2.3732593059539795
loss_total = 8.333752632141113
loss_value = 1.0234366655349731
step = 1490
value_mean = 0.9999996423721313
