entropy_mean = 1.7041643857955933
loss_policy = 1.721711277961731
loss_total = 7.223601341247559
loss_value = 1.0234158039093018
step = 1919
value_mean = 0.9999885559082031
