entropy_mean = 3.4279208183288574
loss_policy = 4.1138386726379395
loss_total = 10.41389274597168
loss_value = 1.015625
step = 1104
value_mean = 1.0
