entropy_mean = 1.4853601455688477
loss_policy = 1.6688424348831177
loss_total = 6.409030914306641
loss_value = 1.0390625
step = 2587
value_mean = -1.0
