entropy_mean = 1.6250622272491455
loss_policy = 1.5380573272705078
loss_total = 6.04989767074585
loss_value = 1.0
step = 2746
value_mean = -1.0
