entropy_mean = 3.9792566299438477
loss_policy = 4.769171714782715
loss_total = 11.46979808807373
loss_value = 1.0
step = 789
value_mean = -1.0
