entropy_mean = 1.7596529722213745
loss_policy = 1.9876611232757568
loss_total = 7.487341403961182
loss_value = 1.023416519165039
step = 1921
value_mean = 0.9999899864196777
