entropy_mean = 1.5581386089324951
loss_policy = 1.6210087537765503
loss_total = 6.833461284637451
loss_value = 1.0
step = 2161
value_mean = -1.0
