entropy_mean = 2.2460367679595947
loss_policy = 2.162266731262207
loss_total = 7.797088623046875
loss_value = 0.9999738931655884
step = 1781
value_mean = 0.9999902248382568
