entropy_mean = 4.588208198547363
loss_policy = 4.896299362182617
loss_total = 11.685765266418457
loss_value = 1.0234375
step = 747
value_mean = -1.0
