entropy_mean = 1.556931734085083
loss_policy = 1.4746896028518677
loss_total = 6.307727813720703
loss_value = 1.0234375
step = 2495
value_mean = -1.0
