entropy_mean = 4.755669593811035
loss_policy = 5.272895336151123
loss_total = 12.591896057128906
loss_value = 0.9999994039535522
step = 472
value_mean = -0.9999996423721313
