entropy_mean = 1.8184595108032227
loss_policy = 1.8687727451324463
loss_total = 7.370632648468018
loss_value = 0.9999473094940186
step = 1898
value_mean = 0.9999699592590332
