entropy_mean = 1.426754117012024
loss_policy = 1.5471866130828857
loss_total = 6.425312519073486
loss_value = 1.0234375
step = 2461
value_mean = -1.0
