entropy_mean = 3.4584507942199707
loss_policy = 3.949814558029175
loss_total = 10.268258094787598
loss_value = 0.9999374151229858
step = 1075
value_mean = -0.9999651312828064
