entropy_mean = 1.9357926845550537
loss_policy = 1.9713643789291382
loss_total = 7.513053894042969
loss_value = 1.023416519165039
step = 1884
value_mean = 0.9999870657920837
