entropy_mean = 1.9368605613708496
loss_policy = 1.9819525480270386
loss_total = 7.579054832458496
loss_value = 1.007804274559021
step = 1820
value_mean = 0.9999949932098389
