entropy_mean = 3.724844455718994
loss_policy = 4.056094646453857
loss_total = 10.317437171936035
loss_value = 1.01092529296875
step = 1140
value_mean = 0.9853883385658264
