entropy_mean = 1.7423961162567139
loss_policy = 1.668123722076416
loss_total = 6.090533256530762
loss_value = 1.0
step = 2823
value_mean = -1.0
