entropy_mean = 1.8213058710098267
loss_policy = 2.1121504306793213
loss_total = 7.732513427734375
loss_value = 0.9999714493751526
step = 1794
value_mean = 0.9999856948852539
