entropy_mean = 3.1473793983459473
loss_policy = 3.5405640602111816
loss_total = 9.730682373046875
loss_value = 0.9634820818901062
step = 1165
value_mean = 0.9339900016784668
