entropy_mean = 2.728503704071045
loss_policy = 2.5848565101623535
loss_total = 8.616926193237305
loss_value = 0.9917247295379639
step = 1385
value_mean = 0.9999039769172668
