entropy_mean = 4.422142028808594
loss_policy = 4.582729339599609
loss_total = 11.142327308654785
loss_value = 1.054673671722412
step = 931
value_mean = -0.999992311000824
