entropy_mean = 4.423383712768555
loss_policy = 5.095520973205566
loss_total = 11.897249221801758
loss_value = 0.9923410415649414
step = 723
value_mean = -0.9927403926849365
