entropy_mean = 1.7071712017059326
loss_policy = 1.9559929370880127
loss_total = 7.454790115356445
loss_value = 0.9921638369560242
step = 1894
value_mean = 0.9999873638153076
