entropy_mean = 1.5248942375183105
loss_policy = 1.762688159942627
loss_total = 6.1124491691589355
loss_value = 1.0
step = 2883
value_mean = -1.0
