entropy_mean = 4.923916816711426
loss_policy = 5.621986389160156
loss_total = 13.086006164550781
loss_value = 1.0234375
step = 400
value_mean = -1.0
