entropy_mean = 1.6478145122528076
loss_policy = 1.8068034648895264
loss_total = 7.192719459533691
loss_value = 1.0
step = 2007
value_mean = -1.0
