entropy_mean = 3.9790194034576416
loss_policy = 4.4167633056640625
loss_total = 10.94742202758789
loss_value = 0.9921875
step = 904
value_mean = -1.0
