entropy_mean = 1.577883243560791
loss_policy = 1.5942317247390747
loss_total = 6.069995403289795
loss_value = 0.9921875
step = 2770
value_mean = -1.0
