entropy_mean = 2.0243728160858154
loss_policy = 2.0776262283325195
loss_total = 7.7584147453308105
loss_value = 0.9921815395355225
step = 1731
value_mean = 0.9999974966049194
