entropy_mean = 5.668092727661133
loss_policy = 6.047840118408203
loss_total = 13.531919479370117
loss_value = 0.6829097270965576
step = 90
value_mean = -0.298697829246521
