entropy_mean = 4.731837272644043
loss_policy = 4.75149393081665
loss_total = 11.316752433776855
loss_value = 1.0156245231628418
step = 895
value_mean = -0.9999997615814209
