entropy_mean = 1.8121953010559082
loss_policy = 1.852518081665039
loss_total = 7.3745622634887695
loss_value = 0.9921665191650391
step = 1874
value_mean = 0.9999895095825195
