entropy_mean = 2.2765164375305176
loss_policy = 2.4326653480529785
loss_total = 8.395523071289062
loss_value = 0.9921870827674866
step = 1457
value_mean = 0.9999998807907104
