entropy_mean = 4.082949161529541
loss_policy = 4.429471969604492
loss_total = 11.069640159606934
loss_value = 1.0468740463256836
step = 866
value_mean = -0.9999996423721313
