entropy_mean = 1.7031141519546509
loss_policy = 1.816237211227417
loss_total = 7.381892204284668
loss_value = 1.023400068283081
step = 1863
value_mean = 0.9999817609786987
