entropy_mean = 2.812318801879883
loss_policy = 2.821308135986328
loss_total = 8.937477111816406
loss_value = 0.9728584289550781
step = 1249
value_mean = 0.9307490587234497
