entropy_mean = 4.6149749755859375
loss_policy = 4.950791358947754
loss_total = 11.826873779296875
loss_value = 1.0312327146530151
step = 705
value_mean = -0.999993085861206
