entropy_mean = 5.22098445892334
loss_policy = 5.684088230133057
loss_total = 13.25843620300293
loss_value = 0.9997202157974243
step = 327
value_mean = -0.9998874664306641
