entropy_mean = 3.3448729515075684
loss_policy = 3.465024709701538
loss_total = 9.60429859161377
loss_value = 0.9619110822677612
step = 1214
value_mean = -0.8516899347305298
