entropy_mean = 1.6767206192016602
loss_policy = 1.8192543983459473
loss_total = 7.4585442543029785
loss_value = 1.0234243869781494
step = 1798
value_mean = 0.999994158744812
