entropy_mean = 1.6344547271728516
loss_policy = 1.6331684589385986
loss_total = 6.152524948120117
loss_value = 1.0
step = 2740
value_mean = -1.0
