entropy_mean = 1.5514390468597412
loss_policy = 1.6952521800994873
loss_total = 6.023836135864258
loss_value = 1.0
step = 2902
value_mean = -1.0
