entropy_mean = 1.543630599975586
loss_policy = 1.6991552114486694
loss_total = 7.077049255371094
loss_value = 1.0
step = 2014
value_mean = -1.0
