entropy_mean = 2.885953187942505
loss_policy = 2.9039320945739746
loss_total = 8.914958953857422
loss_value = 0.9130810499191284
step = 1302
value_mean = 0.44965028762817383
