entropy_mean = 5.6169233322143555
loss_policy = 6.070467472076416
loss_total = 13.31993293762207
loss_value = 0.4430200457572937
step = 66
value_mean = -0.6407595872879028
