entropy_mean = 1.4949567317962646
loss_policy = 1.3786571025848389
loss_total = 5.784190654754639
loss_value = 1.0234375
step = 2856
value_mean = -1.0
