entropy_mean = 4.926701545715332
loss_policy = 6.461223602294922
loss_total = 14.071698188781738
loss_value = 0.9999700784683228
step = 298
value_mean = -0.9999828338623047
