entropy_mean = 5.241048336029053
loss_policy = 5.907805442810059
loss_total = 13.644445419311523
loss_value = 1.0156230926513672
step = 216
value_mean = -0.9999992847442627
