entropy_mean = 2.124080181121826
loss_policy = 2.4137990474700928
loss_total = 8.3169527053833
loss_value = 1.0468707084655762
step = 1569
value_mean = 0.9999978542327881
