entropy_mean = 2.0649266242980957
loss_policy = 2.2206966876983643
loss_total = 7.885147571563721
loss_value = 1.0156173706054688
step = 1769
value_mean = 0.9999955892562866
