entropy_mean = 1.9687387943267822
loss_policy = 2.008136034011841
loss_total = 7.695612907409668
loss_value = 1.0234276056289673
step = 1754
value_mean = 0.9999936819076538
