entropy_mean = 1.396803617477417
loss_policy = 1.7865502834320068
loss_total = 7.085653305053711
loss_value = 1.046875
step = 2125
value_mean = -1.0
