entropy_mean = 2.415133476257324
loss_policy = 2.6624703407287598
loss_total = 8.704797744750977
loss_value = 1.015622615814209
step = 1402
value_mean = 0.999998927116394
