entropy_mean = 4.37856912612915
loss_policy = 5.146963119506836
loss_total = 12.120162963867188
loss_value = 1.015625
step = 641
value_mean = -1.0
