entropy_mean = 1.3559670448303223
loss_policy = 1.4282138347625732
loss_total = 5.840603828430176
loss_value = 0.9921875
step = 2825
value_mean = -1.0
