entropy_mean = 2.8194661140441895
loss_policy = 3.291807174682617
loss_total = 9.42615032196045
loss_value = 1.0234371423721313
step = 1285
value_mean = 0.9999998807907104
