entropy_mean = 1.5507292747497559
loss_policy = 1.6493806838989258
loss_total = 6.095235347747803
loss_value = 1.0
step = 2802
value_mean = -1.0
