entropy_mean = 1.4178838729858398
loss_policy = 1.6575589179992676
loss_total = 6.558042526245117
loss_value = 1.0078125
step = 2433
value_mean = -1.0
