entropy_mean = 1.5333740711212158
loss_policy = 1.4951465129852295
loss_total = 6.232606887817383
loss_value = 1.0234375
step = 2576
value_mean = -1.0
