entropy_mean = 2.165372848510742
loss_policy = 2.4139256477355957
loss_total = 8.281310081481934
loss_value = 1.0234363079071045
step = 1581
value_mean = 0.999999463558197
