entropy_mean = 1.517447829246521
loss_policy = 1.7636409997940063
loss_total = 6.79579496383667
loss_value = 1.0
step = 2320
value_mean = -1.0
