entropy_mean = 1.3351656198501587
loss_policy = 1.486016869544983
loss_total = 6.166805267333984
loss_value = 1.0
step = 2604
value_mean = -1.0
