entropy_mean = 1.7367475032806396
loss_policy = 2.039435625076294
loss_total = 7.672080993652344
loss_value = 0.9921736717224121
step = 1776
value_mean = 0.9999911785125732
