entropy_mean = 4.136396408081055
loss_policy = 4.111894607543945
loss_total = 10.529661178588867
loss_value = 0.9999997019767761
step = 997
value_mean = -0.9999997615814209
