entropy_mean = 2.20281720161438
loss_policy = 2.3383514881134033
loss_total = 8.205101013183594
loss_value = 0.9999984502792358
step = 1559
value_mean = 0.9999991655349731
