entropy_mean = 1.3799870014190674
loss_policy = 1.3988869190216064
loss_total = 5.720831871032715
loss_value = 0.9921875
step = 2901
value_mean = -1.0
