entropy_mean = 1.5854785442352295
loss_policy = 1.888148307800293
loss_total = 7.291421890258789
loss_value = 1.0
step = 1992
value_mean = -1.0
