entropy_mean = 4.645559310913086
loss_policy = 5.390939235687256
loss_total = 12.562209129333496
loss_value = 1.0234371423721313
step = 546
value_mean = -0.9999998807907104
