entropy_mean = 4.823465824127197
loss_policy = 5.336120128631592
loss_total = 12.381046295166016
loss_value = 0.9999982118606567
step = 596
value_mean = -0.999998927116394
