entropy_mean = 1.9863120317459106
loss_policy = 2.3760018348693848
loss_total = 8.197765350341797
loss_value = 0.9921854138374329
step = 1596
value_mean = 0.9999989867210388
