entropy_mean = 2.6995697021484375
loss_policy = 3.171656370162964
loss_total = 8.97389030456543
loss_value = 0.7249794006347656
step = 1327
value_mean = 0.3475545644760132
