entropy_mean = 1.9200687408447266
loss_policy = 2.0686841011047363
loss_total = 7.661386489868164
loss_value = 0.9999876022338867
step = 1817
value_mean = 0.9999940395355225
