entropy_mean = 5.074170112609863
loss_policy = 5.399034023284912
loss_total = 12.811582565307617
loss_value = 0.9921875
step = 411
value_mean = -1.0
