entropy_mean = 1.6765360832214355
loss_policy = 1.8163745403289795
loss_total = 7.439260482788086
loss_value = 1.0468608140945435
step = 1832
value_mean = 0.9999920725822449
