entropy_mean = 1.5994008779525757
loss_policy = 1.649538278579712
loss_total = 6.769721984863281
loss_value = 1.0
step = 2245
value_mean = -1.0
