entropy_mean = 5.688316345214844
loss_policy = 6.3445305824279785
loss_total = 13.968605041503906
loss_value = 1.0155975818634033
step = 300
value_mean = -0.9999896287918091
