entropy_mean = 4.512897968292236
loss_policy = 5.010799407958984
loss_total = 11.807149887084961
loss_value = 0.9921473264694214
step = 726
value_mean = -0.9894118309020996
