entropy_mean = 1.8408806324005127
loss_policy = 1.8785748481750488
loss_total = 7.6248602867126465
loss_value = 1.023431658744812
step = 1700
value_mean = 0.9999974370002747
