entropy_mean = 1.4334547519683838
loss_policy = 1.628389596939087
loss_total = 6.429864406585693
loss_value = 1.0234375
step = 2521
value_mean = -1.0
