entropy_mean = 1.469778299331665
loss_policy = 1.538878083229065
loss_total = 5.932567596435547
loss_value = 1.0234375
step = 2866
value_mean = -1.0
