entropy_mean = 1.5908586978912354
loss_policy = 1.6782057285308838
loss_total = 6.898484230041504
loss_value = 1.0
step = 2154
value_mean = -1.0
