entropy_mean = 2.2212345600128174
loss_policy = 2.2112040519714355
loss_total = 7.975223541259766
loss_value = 0.9999954700469971
step = 1661
value_mean = 0.9999964237213135
