entropy_mean = 1.5436244010925293
loss_policy = 1.6635082960128784
loss_total = 6.848711967468262
loss_value = 0.9921875
step = 2179
value_mean = -1.0
