entropy_mean = 1.460862636566162
loss_policy = 1.5444194078445435
loss_total = 6.132561683654785
loss_value = 0.9921875
step = 2675
value_mean = -1.0
