entropy_mean = 1.541132926940918
loss_policy = 1.6136343479156494
loss_total = 6.3072333335876465
loss_value = 1.0078125
step = 2600
value_mean = -1.0
