entropy_mean = 1.4415318965911865
loss_policy = 1.6693006753921509
loss_total = 6.321623802185059
loss_value = 1.0234375
step = 2648
value_mean = -1.0
