entropy_mean = 1.4049431085586548
loss_policy = 1.501481056213379
loss_total = 6.764183044433594
loss_value = 1.0234375
step = 2138
value_mean = -1.0
