entropy_mean = 1.5555999279022217
loss_policy = 1.6947933435440063
loss_total = 6.066339492797852
loss_value = 1.0
step = 2865
value_mean = -1.0
