entropy_mean = 4.251020431518555
loss_policy = 4.5712738037109375
loss_total = 11.273077011108398
loss_value = 1.0234370231628418
step = 804
value_mean = -0.9999995231628418
