entropy_mean = 1.5600523948669434
loss_policy = 1.6632835865020752
loss_total = 6.9652299880981445
loss_value = 0.9921875
step = 2075
value_mean = -1.0
