entropy_mean = 2.9144978523254395
loss_policy = 2.8790316581726074
loss_total = 8.941307067871094
loss_value = 0.8999060988426208
step = 1230
value_mean = -0.7885243892669678
