entropy_mean = 1.5782887935638428
loss_policy = 1.650016188621521
loss_total = 6.960842132568359
loss_value = 1.0
step = 2074
value_mean = -1.0
