entropy_mean = 1.4890930652618408
loss_policy = 1.67038094997406
loss_total = 6.735785484313965
loss_value = 0.984375
step = 2277
value_mean = -1.0
