entropy_mean = 4.861159324645996
loss_policy = 5.616510391235352
loss_total = 13.05108642578125
loss_value = 1.0234375
step = 417
value_mean = -1.0
