entropy_mean = 1.4624919891357422
loss_policy = 1.5008368492126465
loss_total = 6.372881889343262
loss_value = 0.9921875
step = 2442
value_mean = -1.0
