entropy_mean = 2.0658059120178223
loss_policy = 2.4188549518585205
loss_total = 8.293310165405273
loss_value = 0.9999995827674866
step = 1552
value_mean = 0.9999997615814209
