entropy_mean = 4.3760809898376465
loss_policy = 5.179930210113525
loss_total = 12.370193481445312
loss_value = 0.9921872615814209
step = 524
value_mean = -0.9999998807907104
