entropy_mean = 1.9808541536331177
loss_policy = 2.518923759460449
loss_total = 8.427677154541016
loss_value = 0.9999992251396179
step = 1518
value_mean = 0.9999997615814209
