entropy_mean = 1.4263355731964111
loss_policy = 1.585340976715088
loss_total = 6.336522102355957
loss_value = 1.0234375
step = 2563
value_mean = -1.0
