entropy_mean = 1.8465754985809326
loss_policy = 1.7545146942138672
loss_total = 6.817440032958984
loss_value = 0.9921875
step = 2286
value_mean = -1.0
