entropy_mean = 5.798324108123779
loss_policy = 5.95423698425293
loss_total = 13.68802261352539
loss_value = 0.9999993443489075
step = 204
value_mean = -0.9999997615814209
