entropy_mean = 3.0546185970306396
loss_policy = 4.212806701660156
loss_total = 10.494352340698242
loss_value = 1.0
step = 1107
value_mean = 1.0
