entropy_mean = 5.984070777893066
loss_policy = 6.089757919311523
loss_total = 13.869173049926758
loss_value = 0.9899153113365173
step = 132
value_mean = -0.9996850490570068
