entropy_mean = 4.093655109405518
loss_policy = 4.2819719314575195
loss_total = 10.712740898132324
loss_value = 1.0
step = 987
value_mean = -1.0
