entropy_mean = 2.5231637954711914
loss_policy = 2.9343149662017822
loss_total = 8.842145919799805
loss_value = 0.8487193584442139
step = 1352
value_mean = -0.771172821521759
