entropy_mean = 1.580166220664978
loss_policy = 1.739325761795044
loss_total = 7.2837958335876465
loss_value = 0.9999592900276184
step = 1861
value_mean = 0.9999815821647644
