entropy_mean = 5.823471546173096
loss_policy = 6.081395626068115
loss_total = 13.442304611206055
loss_value = 0.564384400844574
step = 108
value_mean = 0.020214857533574104
