entropy_mean = 3.794400691986084
loss_policy = 4.285380840301514
loss_total = 10.737317085266113
loss_value = 0.9765611886978149
step = 956
value_mean = -0.9999996423721313
