entropy_mean = 2.997042655944824
loss_policy = 3.311206340789795
loss_total = 9.46472454071045
loss_value = 1.0156192779541016
step = 1255
value_mean = -0.9999991655349731
