entropy_mean = 4.482842445373535
loss_policy = 5.152469635009766
loss_total = 12.437430381774902
loss_value = 0.9999998807907104
step = 486
value_mean = -1.0
