entropy_mean = 2.6672558784484863
loss_policy = 3.088465929031372
loss_total = 9.203559875488281
loss_value = 1.0
step = 1280
value_mean = 1.0
