entropy_mean = 1.882603645324707
loss_policy = 2.357499837875366
loss_total = 8.063511848449707
loss_value = 0.9999936819076538
step = 1715
value_mean = 0.9999970197677612
