entropy_mean = 1.6905896663665771
loss_policy = 1.9600359201431274
loss_total = 7.296896934509277
loss_value = 0.9921875
step = 2044
value_mean = -1.0
