entropy_mean = 1.809345006942749
loss_policy = 1.8881577253341675
loss_total = 7.320779800415039
loss_value = 0.9992180466651917
step = 1963
value_mean = 0.9994836449623108
