entropy_mean = 1.603981375694275
loss_policy = 1.635345458984375
loss_total = 6.989563941955566
loss_value = 1.0390625
step = 2070
value_mean = -1.0
