entropy_mean = 4.181211471557617
loss_policy = 5.28122615814209
loss_total = 12.189175605773926
loss_value = 1.0234339237213135
step = 683
value_mean = -0.999998927116394
