entropy_mean = 2.4416375160217285
loss_policy = 2.440216302871704
loss_total = 8.301824569702148
loss_value = 0.9999986290931702
step = 1564
value_mean = 0.9999992847442627
