entropy_mean = 4.100635528564453
loss_policy = 4.73656702041626
loss_total = 11.256795883178711
loss_value = 0.9921873807907104
step = 912
value_mean = -0.9999999403953552
