entropy_mean = 1.6799259185791016
loss_policy = 2.1035726070404053
loss_total = 7.7818779945373535
loss_value = 0.9999877214431763
step = 1740
value_mean = 0.9999936819076538
