entropy_mean = 4.931363582611084
loss_policy = 5.101692199707031
loss_total = 12.472922325134277
loss_value = 1.0
step = 443
value_mean = -1.0
