entropy_mean = 1.6214584112167358
loss_policy = 1.679186463356018
loss_total = 6.642532825469971
loss_value = 1.0
step = 2378
value_mean = -1.0
