entropy_mean = 4.889301300048828
loss_policy = 5.719478607177734
loss_total = 12.832597732543945
loss_value = 1.0
step = 561
value_mean = -1.0
