entropy_mean = 1.4594671726226807
loss_policy = 1.5248206853866577
loss_total = 5.835628509521484
loss_value = 0.984375
step = 2904
value_mean = -1.0
