entropy_mean = 1.4625682830810547
loss_policy = 1.6090248823165894
loss_total = 6.378865718841553
loss_value = 1.0234375
step = 2545
value_mean = -1.0
