entropy_mean = 2.0539350509643555
loss_policy = 2.339986801147461
loss_total = 8.062091827392578
loss_value = 1.0234280824661255
step = 1722
value_mean = 0.9999953508377075
