entropy_mean = 4.874813556671143
loss_policy = 5.409130096435547
loss_total = 12.377954483032227
loss_value = 0.9999998807907104
step = 634
value_mean = -0.9999999403953552
