entropy_mean = 5.730014324188232
loss_policy = 5.822162628173828
loss_total = 13.43686294555664
loss_value = 0.807060718536377
step = 61
value_mean = -0.5129715800285339
