entropy_mean = 4.775176048278809
loss_policy = 5.411089897155762
loss_total = 12.540998458862305
loss_value = 0.9921805262565613
step = 550
value_mean = -0.9999967217445374
