entropy_mean = 3.7434632778167725
loss_policy = 3.534142017364502
loss_total = 9.689643859863281
loss_value = 0.9211512207984924
step = 1157
value_mean = -0.5463294982910156
