entropy_mean = 2.080216884613037
loss_policy = 2.3136367797851562
loss_total = 8.180912971496582
loss_value = 1.0078091621398926
step = 1566
value_mean = 0.9999978542327881
