entropy_mean = 1.4131171703338623
loss_policy = 1.5124938488006592
loss_total = 6.40876579284668
loss_value = 0.9921875
step = 2425
value_mean = -1.0
