entropy_mean = 1.6433950662612915
loss_policy = 1.8949705362319946
loss_total = 7.3921589851379395
loss_value = 0.9999750852584839
step = 1902
value_mean = 0.999988317489624
