entropy_mean = 1.4674017429351807
loss_policy = 1.6247364282608032
loss_total = 6.437927722930908
loss_value = 1.0
step = 2492
value_mean = -1.0
