entropy_mean = 1.7520740032196045
loss_policy = 1.8726412057876587
loss_total = 7.401378154754639
loss_value = 0.9999737739562988
step = 1875
value_mean = 0.9999873638153076
