entropy_mean = 1.3380942344665527
loss_policy = 1.655927300453186
loss_total = 7.076410293579102
loss_value = 1.046875
step = 2018
value_mean = -1.0
