entropy_mean = 1.3920068740844727
loss_policy = 1.5315966606140137
loss_total = 6.264529705047607
loss_value = 1.0
step = 2558
value_mean = -1.0
