entropy_mean = 1.6484452486038208
loss_policy = 1.9579131603240967
loss_total = 7.332475662231445
loss_value = 0.9921875
step = 2010
value_mean = -1.0
