entropy_mean = 5.514795303344727
loss_policy = 5.942203521728516
loss_total = 13.447704315185547
loss_value = 0.7140526175498962
step = 126
value_mean = 0.8596453666687012
