entropy_mean = 3.3084421157836914
loss_policy = 3.9104456901550293
loss_total = 10.16926383972168
loss_value = 1.0
step = 1131
value_mean = 1.0
