entropy_mean = 1.4244942665100098
loss_policy = 1.71108078956604
loss_total = 6.800959587097168
loss_value = 1.0
step = 2270
value_mean = -1.0
