entropy_mean = 4.775188446044922
loss_policy = 5.909080982208252
loss_total = 13.47085952758789
loss_value = 0.9920940399169922
step = 330
value_mean = -0.9999419450759888
