entropy_mean = 1.5108380317687988
loss_policy = 1.5989702939987183
loss_total = 6.1778974533081055
loss_value = 1.0
step = 2691
value_mean = -1.0
