entropy_mean = 1.5124448537826538
loss_policy = 1.636088252067566
loss_total = 6.164985656738281
loss_value = 1.0234375
step = 2751
value_mean = -1.0
