entropy_mean = 1.5492321252822876
loss_policy = 1.6686208248138428
loss_total = 6.883315086364746
loss_value = 1.0
step = 2159
value_mean = -1.0
