entropy_mean = 4.104459762573242
loss_policy = 4.702202796936035
loss_total = 11.36076545715332
loss_value = 0.9999992847442627
step = 816
value_mean = -0.9999996423721313
