entropy_mean = 5.632597923278809
loss_policy = 6.263205051422119
loss_total = 14.036617279052734
loss_value = 0.9999986886978149
step = 152
value_mean = -0.9999992847442627
