entropy_mean = 1.469909906387329
loss_policy = 1.6506550312042236
loss_total = 6.6437811851501465
loss_value = 1.0
step = 2352
value_mean = -1.0
