entropy_mean = 3.2091965675354004
loss_policy = 3.6821553707122803
loss_total = 9.730976104736328
loss_value = 0.8071093559265137
step = 1149
value_mean = 0.30875450372695923
