entropy_mean = 4.807249546051025
loss_policy = 5.4359450340271
loss_total = 12.901912689208984
loss_value = 1.0
step = 386
value_mean = -1.0
