entropy_mean = 1.6474993228912354
loss_policy = 1.6607954502105713
loss_total = 6.998324871063232
loss_value = 1.0234375
step = 2071
value_mean = -1.0
