entropy_mean = 2.4025344848632812
loss_policy = 2.3596224784851074
loss_total = 8.354048728942871
loss_value = 0.9999995827674866
step = 1435
value_mean = 0.9999997615814209
