entropy_mean = 1.887844204902649
loss_policy = 1.8872053623199463
loss_total = 7.463924407958984
loss_value = 1.0234137773513794
step = 1853
value_mean = 0.9999872446060181
