entropy_mean = 1.4420150518417358
loss_policy = 1.4887425899505615
loss_total = 5.9435529708862305
loss_value = 1.0078125
step = 2801
value_mean = -1.0
