entropy_mean = 5.260832786560059
loss_policy = 5.490015983581543
loss_total = 12.855016708374023
loss_value = 0.9921875
step = 442
value_mean = -1.0
