entropy_mean = 1.5775120258331299
loss_policy = 1.7206060886383057
loss_total = 6.975164890289307
loss_value = 0.984375
step = 2109
value_mean = -1.0
