entropy_mean = 1.5545676946640015
loss_policy = 1.6201975345611572
loss_total = 6.893344879150391
loss_value = 1.015625
step = 2120
value_mean = -1.0
