entropy_mean = 1.5743709802627563
loss_policy = 1.6785627603530884
loss_total = 6.818866729736328
loss_value = 1.0
step = 2228
value_mean = -1.0
