entropy_mean = 5.586014747619629
loss_policy = 5.877190589904785
loss_total = 13.628005981445312
loss_value = 0.9999998211860657
step = 183
value_mean = -0.9999998807907104
