entropy_mean = 5.644813537597656
loss_policy = 5.722859859466553
loss_total = 13.380450248718262
loss_value = 0.8486558198928833
step = 56
value_mean = 0.565319836139679
