entropy_mean = 1.5650779008865356
loss_policy = 1.7355949878692627
loss_total = 7.285592079162598
loss_value = 0.9999434947967529
step = 1856
value_mean = 0.9999724626541138
