entropy_mean = 1.452521562576294
loss_policy = 1.557922601699829
loss_total = 6.083158493041992
loss_value = 1.0
step = 2735
value_mean = -1.0
