entropy_mean = 4.313330173492432
loss_policy = 4.962685585021973
loss_total = 12.055357933044434
loss_value = 1.0233317613601685
step = 584
value_mean = -0.999826192855835
