entropy_mean = 5.355499744415283
loss_policy = 5.972249984741211
loss_total = 13.632179260253906
loss_value = 1.023425579071045
step = 277
value_mean = -0.9999935030937195
