entropy_mean = 4.428898811340332
loss_policy = 4.911671161651611
loss_total = 12.105857849121094
loss_value = 1.0156248807907104
step = 534
value_mean = -0.9999998807907104
