entropy_mean = 2.99821138381958
loss_policy = 3.1427621841430664
loss_total = 9.15256118774414
loss_value = 0.8406600952148438
step = 1223
value_mean = 0.7733132243156433
