entropy_mean = 4.729989051818848
loss_policy = 5.566461563110352
loss_total = 13.110647201538086
loss_value = 0.999700129032135
step = 346
value_mean = -0.9998031854629517
