entropy_mean = 4.1084442138671875
loss_policy = 4.752802848815918
loss_total = 11.297782897949219
loss_value = 1.015625
step = 911
value_mean = -1.0
