entropy_mean = 1.2342002391815186
loss_policy = 1.4055414199829102
loss_total = 5.832730770111084
loss_value = 1.0
step = 2819
value_mean = -1.0
