entropy_mean = 2.9357385635375977
loss_policy = 3.351562261581421
loss_total = 9.359231948852539
loss_value = 0.8474479913711548
step = 1232
value_mean = 0.27055823802948
