entropy_mean = 5.4844465255737305
loss_policy = 6.114806652069092
loss_total = 13.959383010864258
loss_value = 1.0703125
step = 151
value_mean = -1.0
