entropy_mean = 1.5067164897918701
loss_policy = 1.664097547531128
loss_total = 6.472445487976074
loss_value = 1.0
step = 2496
value_mean = -1.0
