entropy_mean = 4.343225955963135
loss_policy = 5.0016255378723145
loss_total = 11.964104652404785
loss_value = 1.0
step = 638
value_mean = -1.0
