entropy_mean = 5.112065315246582
loss_policy = 5.76100492477417
loss_total = 13.48608112335205
loss_value = 1.0468707084655762
step = 248
value_mean = -0.9999983310699463
