entropy_mean = 1.6466681957244873
loss_policy = 1.6443467140197754
loss_total = 6.559802532196045
loss_value = 1.0
step = 2416
value_mean = -1.0
