entropy_mean = 3.3997621536254883
loss_policy = 3.644131660461426
loss_total = 9.76025390625
loss_value = 0.9172567129135132
step = 1192
value_mean = -0.5529753565788269
