entropy_mean = 2.709254741668701
loss_policy = 2.90805983543396
loss_total = 9.005483627319336
loss_value = 0.9915586709976196
step = 1292
value_mean = 0.9850428104400635
