entropy_mean = 2.221928119659424
loss_policy = 2.118277072906494
loss_total = 7.933929920196533
loss_value = 0.9921866655349731
step = 1602
value_mean = 0.9999995827674866
