entropy_mean = 1.6052273511886597
loss_policy = 1.8812010288238525
loss_total = 7.210131645202637
loss_value = 1.0
step = 2057
value_mean = -1.0
