entropy_mean = 5.7987165451049805
loss_policy = 6.015776634216309
loss_total = 13.68243408203125
loss_value = 0.999993085861206
step = 257
value_mean = -0.9999968409538269
