entropy_mean = 3.507572650909424
loss_policy = 3.5316147804260254
loss_total = 9.644671440124512
loss_value = 0.8722735047340393
step = 1150
value_mean = -0.2554847002029419
