entropy_mean = 4.594779968261719
loss_policy = 4.971442222595215
loss_total = 11.735729217529297
loss_value = 1.0
step = 748
value_mean = -1.0
