entropy_mean = 2.726600170135498
loss_policy = 2.82137131690979
loss_total = 8.81499195098877
loss_value = 0.94732666015625
step = 1373
value_mean = -0.8627797365188599
