entropy_mean = 4.359261989593506
loss_policy = 5.049924850463867
loss_total = 12.10079288482666
loss_value = 0.9999964237213135
step = 593
value_mean = -0.9999977350234985
