entropy_mean = 2.0558271408081055
loss_policy = 2.057309865951538
loss_total = 7.754489421844482
loss_value = 0.9921802878379822
step = 1716
value_mean = 0.9999963045120239
