entropy_mean = 4.557382106781006
loss_policy = 4.939704418182373
loss_total = 11.58746337890625
loss_value = 0.9999998807907104
step = 824
value_mean = -0.9999999403953552
