entropy_mean = 2.1020312309265137
loss_policy = 2.152651309967041
loss_total = 7.992038249969482
loss_value = 0.9999985694885254
step = 1586
value_mean = 0.9999991655349731
