entropy_mean = 2.141630172729492
loss_policy = 2.1924993991851807
loss_total = 7.854511260986328
loss_value = 0.9999908208847046
step = 1756
value_mean = 0.9999954700469971
