entropy_mean = 2.351086378097534
loss_policy = 2.6617794036865234
loss_total = 8.691211700439453
loss_value = 0.9999971389770508
step = 1399
value_mean = 0.9999986886978149
