entropy_mean = 2.7363295555114746
loss_policy = 3.179135799407959
loss_total = 8.517444610595703
loss_value = 0.28760433197021484
step = 1364
value_mean = -0.47008079290390015
