entropy_mean = 1.4357211589813232
loss_policy = 1.5957841873168945
loss_total = 6.431228160858154
loss_value = 1.0234375
step = 2493
value_mean = -1.0
