entropy_mean = 1.6272464990615845
loss_policy = 1.4815187454223633
loss_total = 5.970949172973633
loss_value = 0.9921875
step = 2758
value_mean = -1.0
