entropy_mean = 1.2358033657073975
loss_policy = 1.6446267366409302
loss_total = 6.893854141235352
loss_value = 1.046875
step = 2170
value_mean = -1.0
