entropy_mean = 4.259510040283203
loss_policy = 4.433339595794678
loss_total = 11.103200912475586
loss_value = 0.9843749403953552
step = 800
value_mean = -1.0
