entropy_mean = 1.3036956787109375
loss_policy = 1.5244619846343994
loss_total = 5.973823547363281
loss_value = 1.0234375
step = 2820
value_mean = -1.0
