entropy_mean = 3.9757561683654785
loss_policy = 4.414013862609863
loss_total = 10.913152694702148
loss_value = 0.9999934434890747
step = 936
value_mean = -0.9999980330467224
