entropy_mean = 1.5235168933868408
loss_policy = 1.5455454587936401
loss_total = 6.273919105529785
loss_value = 0.9921875
step = 2555
value_mean = -1.0
