entropy_mean = 4.311441421508789
loss_policy = 4.655659198760986
loss_total = 11.139104843139648
loss_value = 0.9921829104423523
step = 943
value_mean = -0.9999973177909851
