entropy_mean = 1.5760343074798584
loss_policy = 1.7023078203201294
loss_total = 6.856151580810547
loss_value = 1.0
step = 2216
value_mean = -1.0
