entropy_mean = 4.6373090744018555
loss_policy = 6.335444450378418
loss_total = 13.748044967651367
loss_value = 1.0
step = 416
value_mean = -1.0
