entropy_mean = 4.915359020233154
loss_policy = 6.529545307159424
loss_total = 14.120844841003418
loss_value = 1.0232659578323364
step = 331
value_mean = -0.9999138116836548
