entropy_mean = 1.5605653524398804
loss_policy = 1.5654842853546143
loss_total = 6.868959426879883
loss_value = 1.015625
step = 2095
value_mean = -1.0
