entropy_mean = 1.705270528793335
loss_policy = 1.7877274751663208
loss_total = 7.135952949523926
loss_value = 1.0
step = 2041
value_mean = -1.0
