entropy_mean = 1.555234432220459
loss_policy = 1.7896449565887451
loss_total = 6.516359329223633
loss_value = 1.0
step = 2564
value_mean = -1.0
