entropy_mean = 1.7695398330688477
loss_policy = 1.7834761142730713
loss_total = 7.4733452796936035
loss_value = 1.0156099796295166
step = 1744
value_mean = 0.9999926686286926
