entropy_mean = 1.4806289672851562
loss_policy = 1.5448269844055176
loss_total = 6.107819557189941
loss_value = 1.0234375
step = 2723
value_mean = -1.0
