entropy_mean = 6.049459457397461
loss_policy = 5.903035640716553
loss_total = 13.612532615661621
loss_value = 0.9921857118606567
step = 219
value_mean = -0.9999991655349731
