entropy_mean = 3.4471635818481445
loss_policy = 3.775449275970459
loss_total = 10.117181777954102
loss_value = 1.0077993869781494
step = 1061
value_mean = -0.9999858736991882
