entropy_mean = 3.4416072368621826
loss_policy = 3.548734664916992
loss_total = 9.776538848876953
loss_value = 0.983187198638916
step = 1146
value_mean = 0.5487667322158813
