entropy_mean = 4.7737555503845215
loss_policy = 5.357456684112549
loss_total = 12.878364562988281
loss_value = 0.9959069490432739
step = 356
value_mean = -0.9999969601631165
