entropy_mean = 4.74289608001709
loss_policy = 5.181494235992432
loss_total = 12.355353355407715
loss_value = 1.0234260559082031
step = 545
value_mean = -0.9999947547912598
