entropy_mean = 4.056039810180664
loss_policy = 5.203523635864258
loss_total = 11.819429397583008
loss_value = 0.9999999403953552
step = 847
value_mean = -1.0
