entropy_mean = 1.4381555318832397
loss_policy = 1.6524245738983154
loss_total = 6.1246795654296875
loss_value = 1.0
step = 2780
value_mean = -1.0
