entropy_mean = 5.827322483062744
loss_policy = 5.870436668395996
loss_total = 13.62190055847168
loss_value = 0.9369385242462158
step = 34
value_mean = 0.8210466504096985
