entropy_mean = 1.530111312866211
loss_policy = 1.5156304836273193
loss_total = 6.068140983581543
loss_value = 1.0
step = 2712
value_mean = -1.0
