entropy_mean = 1.4350930452346802
loss_policy = 1.5109567642211914
loss_total = 5.888690948486328
loss_value = 1.0
step = 2860
value_mean = -1.0
