entropy_mean = 2.418663263320923
loss_policy = 2.233135461807251
loss_total = 8.06887149810791
loss_value = 0.9999970197677612
step = 1590
value_mean = 0.9999988079071045
