entropy_mean = 1.5576756000518799
loss_policy = 1.5654884576797485
loss_total = 6.6171417236328125
loss_value = 1.0234375
step = 2323
value_mean = -1.0
