entropy_mean = 4.03929328918457
loss_policy = 4.092094421386719
loss_total = 10.465630531311035
loss_value = 0.9999960660934448
step = 1031
value_mean = -0.9999982118606567
