entropy_mean = 5.66664981842041
loss_policy = 5.921889781951904
loss_total = 13.25689697265625
loss_value = 0.5290340185165405
step = 68
value_mean = -0.14668914675712585
