entropy_mean = 1.476292371749878
loss_policy = 1.725067377090454
loss_total = 7.02388334274292
loss_value = 1.0
step = 2085
value_mean = -1.0
