entropy_mean = 2.432058334350586
loss_policy = 2.650947093963623
loss_total = 8.54782485961914
loss_value = 0.9999988079071045
step = 1530
value_mean = 0.9999992251396179
