entropy_mean = 2.3171792030334473
loss_policy = 2.6937828063964844
loss_total = 8.713032722473145
loss_value = 0.9999994039535522
step = 1410
value_mean = 0.9999996423721313
