entropy_mean = 4.280730724334717
loss_policy = 5.462696075439453
loss_total = 12.676422119140625
loss_value = 1.0
step = 515
value_mean = -1.0
