entropy_mean = 1.3445184230804443
loss_policy = 1.5718775987625122
loss_total = 6.505380153656006
loss_value = 1.0
step = 2402
value_mean = -1.0
