entropy_mean = 4.353819847106934
loss_policy = 5.132330417633057
loss_total = 11.815704345703125
loss_value = 1.023437261581421
step = 815
value_mean = -0.9999998211860657
