entropy_mean = 3.2362589836120605
loss_policy = 3.662750720977783
loss_total = 9.839250564575195
loss_value = 0.9835928082466125
step = 1198
value_mean = 0.9124071598052979
