entropy_mean = 1.541170358657837
loss_policy = 1.5965180397033691
loss_total = 6.416135787963867
loss_value = 0.984375
step = 2475
value_mean = -1.0
