entropy_mean = 1.4967474937438965
loss_policy = 1.519784927368164
loss_total = 6.049798011779785
loss_value = 1.015625
step = 2744
value_mean = -1.0
