entropy_mean = 5.802383899688721
loss_policy = 5.770951271057129
loss_total = 13.5130033493042
loss_value = 1.023436427116394
step = 218
value_mean = -0.9999992847442627
