entropy_mean = 1.7856268882751465
loss_policy = 2.0358128547668457
loss_total = 7.5429863929748535
loss_value = 1.0234094858169556
step = 1914
value_mean = 0.9999834299087524
