entropy_mean = 1.6665356159210205
loss_policy = 1.8149207830429077
loss_total = 6.820134162902832
loss_value = 1.0
step = 2342
value_mean = -1.0
