entropy_mean = 1.4742971658706665
loss_policy = 1.5896859169006348
loss_total = 5.9507222175598145
loss_value = 1.015625
step = 2887
value_mean = -1.0
