entropy_mean = 5.280160903930664
loss_policy = 6.170866966247559
loss_total = 13.946917533874512
loss_value = 1.0156248807907104
step = 170
value_mean = -1.0
