entropy_mean = 4.4055681228637695
loss_policy = 4.984649658203125
loss_total = 12.302667617797852
loss_value = 0.9921875
step = 468
value_mean = -1.0
