entropy_mean = 1.4206039905548096
loss_policy = 1.5805213451385498
loss_total = 6.340284824371338
loss_value = 1.0
step = 2534
value_mean = -1.0
