entropy_mean = 1.5390712022781372
loss_policy = 1.591421127319336
loss_total = 6.250750541687012
loss_value = 1.0
step = 2620
value_mean = -1.0
