entropy_mean = 5.363129615783691
loss_policy = 5.904781341552734
loss_total = 13.581642150878906
loss_value = 0.999994158744812
step = 249
value_mean = -0.9999969005584717
