entropy_mean = 4.451179504394531
loss_policy = 4.770920276641846
loss_total = 11.841168403625488
loss_value = 0.9921873807907104
step = 580
value_mean = -0.9999999403953552
