entropy_mean = 2.918301582336426
loss_policy = 3.0584118366241455
loss_total = 9.024332046508789
loss_value = 0.8907711505889893
step = 1330
value_mean = -0.7811897993087769
