entropy_mean = 1.4459683895111084
loss_policy = 1.5915447473526
loss_total = 6.533969402313232
loss_value = 1.015625
step = 2407
value_mean = -1.0
