entropy_mean = 4.120858192443848
loss_policy = 4.785543918609619
loss_total = 11.37242317199707
loss_value = 0.9999988675117493
step = 870
value_mean = -0.9999995827674866
