entropy_mean = 3.8699774742126465
loss_policy = 4.373189926147461
loss_total = 10.814311981201172
loss_value = 1.0078125
step = 985
value_mean = -1.0
