entropy_mean = 2.5456745624542236
loss_policy = 2.6265110969543457
loss_total = 8.613892555236816
loss_value = 1.0156242847442627
step = 1456
value_mean = 0.9999996423721313
