entropy_mean = 4.399067401885986
loss_policy = 4.513975143432617
loss_total = 11.193334579467773
loss_value = 0.9921875
step = 799
value_mean = -1.0
