entropy_mean = 2.8828229904174805
loss_policy = 3.2365036010742188
loss_total = 9.150374412536621
loss_value = 0.8281795382499695
step = 1317
value_mean = 0.012811433523893356
