entropy_mean = 2.2865004539489746
loss_policy = 2.354175090789795
loss_total = 8.210002899169922
loss_value = 0.9921855330467224
step = 1562
value_mean = 0.9999991655349731
