entropy_mean = 1.8720628023147583
loss_policy = 2.220770835876465
loss_total = 7.988578796386719
loss_value = 0.9999961853027344
step = 1657
value_mean = 0.9999982714653015
