entropy_mean = 3.357160806655884
loss_policy = 3.8919572830200195
loss_total = 10.132490158081055
loss_value = 0.9765625
step = 1126
value_mean = 1.0
