entropy_mean = 1.724696159362793
loss_policy = 1.8779561519622803
loss_total = 7.417331695556641
loss_value = 1.0234178304672241
step = 1886
value_mean = 0.9999895095825195
