entropy_mean = 1.3413019180297852
loss_policy = 1.5296950340270996
loss_total = 5.952838897705078
loss_value = 1.0234375
step = 2841
value_mean = -1.0
