entropy_mean = 5.0112385749816895
loss_policy = 5.199758529663086
loss_total = 12.294702529907227
loss_value = 1.0
step = 571
value_mean = -1.0
