entropy_mean = 3.185192346572876
loss_policy = 3.5907018184661865
loss_total = 9.58401870727539
loss_value = 0.8215059041976929
step = 1220
value_mean = -0.7807621955871582
