entropy_mean = 4.66310977935791
loss_policy = 4.982831001281738
loss_total = 11.878107070922852
loss_value = 0.9921871423721313
step = 672
value_mean = -0.9999996423721313
