entropy_mean = 2.230297327041626
loss_policy = 2.2619948387145996
loss_total = 8.034414291381836
loss_value = 0.9999974966049194
step = 1652
value_mean = 0.9999985694885254
