entropy_mean = 2.591294288635254
loss_policy = 2.78916072845459
loss_total = 8.820897102355957
loss_value = 0.9920209646224976
step = 1386
value_mean = 0.9999725222587585
