entropy_mean = 1.4159657955169678
loss_policy = 1.541154384613037
loss_total = 6.188885688781738
loss_value = 1.0234375
step = 2652
value_mean = -1.0
