entropy_mean = 2.6821823120117188
loss_policy = 2.9270031452178955
loss_total = 8.98702335357666
loss_value = 0.9138689041137695
step = 1246
value_mean = -0.7756097912788391
