entropy_mean = 3.624213933944702
loss_policy = 4.10825252532959
loss_total = 10.520906448364258
loss_value = 0.9999985694885254
step = 1001
value_mean = -0.9999990463256836
