entropy_mean = 4.2425618171691895
loss_policy = 5.095268726348877
loss_total = 11.928047180175781
loss_value = 1.031967282295227
step = 728
value_mean = -0.9997574090957642
