entropy_mean = 3.3403983116149902
loss_policy = 3.620209217071533
loss_total = 9.720799446105957
loss_value = 0.9036409854888916
step = 1194
value_mean = -0.04081685096025467
