entropy_mean = 1.883042812347412
loss_policy = 2.2819528579711914
loss_total = 7.780588150024414
loss_value = 1.0234168767929077
step = 1922
value_mean = 0.9999892711639404
