entropy_mean = 1.4672324657440186
loss_policy = 1.4884129762649536
loss_total = 6.5275421142578125
loss_value = 1.0234375
step = 2333
value_mean = -1.0
