entropy_mean = 2.350456953048706
loss_policy = 2.221208333969116
loss_total = 8.014749526977539
loss_value = 0.9999958276748657
step = 1631
value_mean = 0.9999980926513672
