entropy_mean = 5.617923736572266
loss_policy = 5.758177280426025
loss_total = 13.20899486541748
loss_value = 0.6489107608795166
step = 87
value_mean = -0.17840205132961273
