entropy_mean = 2.761639356613159
loss_policy = 3.2771377563476562
loss_total = 9.313775062561035
loss_value = 0.8524101972579956
step = 1207
value_mean = 0.3118883967399597
