entropy_mean = 2.4001708030700684
loss_policy = 2.6895699501037598
loss_total = 8.663497924804688
loss_value = 0.9999998211860657
step = 1454
value_mean = 0.9999998211860657
