entropy_mean = 3.700000524520874
loss_policy = 6.217350006103516
loss_total = 13.636905670166016
loss_value = 1.015625
step = 422
value_mean = -1.0
