entropy_mean = 2.255343198776245
loss_policy = 2.5742926597595215
loss_total = 8.630720138549805
loss_value = 1.023435115814209
step = 1395
value_mean = 0.999998927116394
