entropy_mean = 4.13104248046875
loss_policy = 4.2712297439575195
loss_total = 10.74106216430664
loss_value = 0.9999988675117493
step = 960
value_mean = -0.9999990463256836
