entropy_mean = 1.4679373502731323
loss_policy = 1.5582722425460815
loss_total = 6.356998920440674
loss_value = 1.0234375
step = 2523
value_mean = -1.0
