entropy_mean = 4.136470794677734
loss_policy = 4.8315510749816895
loss_total = 11.651809692382812
loss_value = 0.999843955039978
step = 717
value_mean = -0.9998846054077148
