entropy_mean = 1.6136385202407837
loss_policy = 1.583690881729126
loss_total = 6.252125263214111
loss_value = 1.0234375
step = 2633
value_mean = -1.0
