entropy_mean = 4.708247661590576
loss_policy = 5.750397682189941
loss_total = 13.256091117858887
loss_value = 1.0
step = 365
value_mean = -1.0
