entropy_mean = 3.075479745864868
loss_policy = 3.128749370574951
loss_total = 9.044923782348633
loss_value = 0.7640095353126526
step = 1240
value_mean = -0.7145410180091858
