entropy_mean = 4.575234413146973
loss_policy = 5.440541744232178
loss_total = 12.829347610473633
loss_value = 1.0
step = 432
value_mean = -1.0
