entropy_mean = 1.4360108375549316
loss_policy = 1.6103887557983398
loss_total = 6.71522331237793
loss_value = 1.0
step = 2258
value_mean = -1.0
