entropy_mean = 4.555881023406982
loss_policy = 4.451619625091553
loss_total = 11.225181579589844
loss_value = 1.0234375
step = 757
value_mean = -1.0
