entropy_mean = 1.7695411443710327
loss_policy = 1.5595636367797852
loss_total = 6.6454973220825195
loss_value = 0.9921875
step = 2267
value_mean = -1.0
