entropy_mean = 4.470949649810791
loss_policy = 5.094367504119873
loss_total = 12.219575881958008
loss_value = 0.9921875
step = 552
value_mean = -1.0
