entropy_mean = 4.643181800842285
loss_policy = 5.886840343475342
loss_total = 13.295856475830078
loss_value = 1.0234375
step = 434
value_mean = -1.0
