entropy_mean = 2.730933904647827
loss_policy = 2.983943462371826
loss_total = 8.92847728729248
loss_value = 0.8596832156181335
step = 1318
value_mean = 0.1033845767378807
