entropy_mean = 4.726585388183594
loss_policy = 5.216596603393555
loss_total = 12.60058879852295
loss_value = 1.0
step = 435
value_mean = -1.0
