entropy_mean = 2.870142936706543
loss_policy = 2.951777458190918
loss_total = 8.724615097045898
loss_value = 0.6983609795570374
step = 1331
value_mean = 0.8631377220153809
