entropy_mean = 4.166163444519043
loss_policy = 4.683368682861328
loss_total = 11.235604286193848
loss_value = 0.9921875
step = 887
value_mean = -1.0
