entropy_mean = 4.3151750564575195
loss_policy = 4.81944465637207
loss_total = 11.397854804992676
loss_value = 0.9999996423721313
step = 875
value_mean = -0.9999998807907104
