entropy_mean = 5.893664360046387
loss_policy = 5.828899383544922
loss_total = 13.632689476013184
loss_value = 1.0138182640075684
step = 131
value_mean = -0.9989136457443237
