entropy_mean = 5.513844966888428
loss_policy = 5.722604274749756
loss_total = 13.410872459411621
loss_value = 0.8854274153709412
step = 83
value_mean = -0.6820221543312073
