entropy_mean = 5.770575046539307
loss_policy = 6.04138708114624
loss_total = 12.927999496459961
loss_value = 0.0890515074133873
step = 104
value_mean = 0.7150252461433411
