entropy_mean = 4.91770076751709
loss_policy = 5.266566753387451
loss_total = 12.634587287902832
loss_value = 1.0
step = 445
value_mean = -1.0
