entropy_mean = 1.4805458784103394
loss_policy = 1.565271258354187
loss_total = 5.881824493408203
loss_value = 0.9921875
step = 2906
value_mean = -1.0
