entropy_mean = 4.507350921630859
loss_policy = 4.848237991333008
loss_total = 11.531935691833496
loss_value = 0.9999999403953552
step = 801
value_mean = -1.0
