entropy_mean = 3.5347542762756348
loss_policy = 3.6297972202301025
loss_total = 9.881166458129883
loss_value = 0.9999990463256836
step = 1139
value_mean = 0.9999998807907104
