entropy_mean = 5.495048999786377
loss_policy = 6.171741485595703
loss_total = 13.876111030578613
loss_value = 0.9921846985816956
step = 223
value_mean = -0.9999984502792358
