entropy_mean = 2.9299540519714355
loss_policy = 3.2007267475128174
loss_total = 9.21201229095459
loss_value = 0.8376862406730652
step = 1218
value_mean = -0.58186274766922
