entropy_mean = 4.417459964752197
loss_policy = 5.019977569580078
loss_total = 11.654748916625977
loss_value = 0.9843741655349731
step = 822
value_mean = -0.9999995231628418
