entropy_mean = 2.816958427429199
loss_policy = 2.852224826812744
loss_total = 8.750574111938477
loss_value = 0.8281381130218506
step = 1337
value_mean = -0.6437029242515564
