entropy_mean = 4.003353118896484
loss_policy = 5.0733795166015625
loss_total = 11.827330589294434
loss_value = 0.984375
step = 745
value_mean = -1.0
