entropy_mean = 2.2281224727630615
loss_policy = 2.7800850868225098
loss_total = 8.727884292602539
loss_value = 0.9999998211860657
step = 1479
value_mean = 0.9999998211860657
