entropy_mean = 2.686328887939453
loss_policy = 3.03756046295166
loss_total = 8.960264205932617
loss_value = 0.8344959616661072
step = 1314
value_mean = 0.45277535915374756
