entropy_mean = 1.4287887811660767
loss_policy = 1.4475775957107544
loss_total = 6.025411605834961
loss_value = 0.9921875
step = 2685
value_mean = -1.0
