entropy_mean = 3.8529293537139893
loss_policy = 3.7735702991485596
loss_total = 10.099695205688477
loss_value = 0.9999775886535645
step = 1068
value_mean = -0.9999875426292419
