entropy_mean = 1.4448318481445312
loss_policy = 1.601043701171875
loss_total = 5.980921268463135
loss_value = 1.0
step = 2858
value_mean = -1.0
