entropy_mean = 1.4176499843597412
loss_policy = 1.7478116750717163
loss_total = 6.970468521118164
loss_value = 1.0
step = 2152
value_mean = -1.0
