entropy_mean = 1.857755184173584
loss_policy = 2.5393142700195312
loss_total = 8.390237808227539
loss_value = 1.023436188697815
step = 1598
value_mean = 0.9999994039535522
