entropy_mean = 4.120865821838379
loss_policy = 4.819944381713867
loss_total = 11.54782485961914
loss_value = 0.9921875
step = 766
value_mean = -1.0
