entropy_mean = 1.4160268306732178
loss_policy = 1.5419036149978638
loss_total = 6.6677165031433105
loss_value = 1.0234375
step = 2260
value_mean = -1.0
