entropy_mean = 1.416574239730835
loss_policy = 1.540493130683899
loss_total = 6.11601448059082
loss_value = 1.0
step = 2694
value_mean = -1.0
