entropy_mean = 3.9419310092926025
loss_policy = 4.706982135772705
loss_total = 11.317350387573242
loss_value = 0.9999998807907104
step = 852
value_mean = -0.9999998807907104
