entropy_mean = 2.855915069580078
loss_policy = 2.520784854888916
loss_total = 8.141142845153809
loss_value = 0.5640319585800171
step = 1356
value_mean = -0.32997453212738037
