entropy_mean = 4.501705169677734
loss_policy = 5.37192440032959
loss_total = 12.479251861572266
loss_value = 0.9999999403953552
step = 564
value_mean = -0.9999999403953552
