entropy_mean = 1.3317924737930298
loss_policy = 1.556607723236084
loss_total = 6.14670467376709
loss_value = 1.0234375
step = 2701
value_mean = -1.0
