entropy_mean = 5.179299354553223
loss_policy = 5.425522804260254
loss_total = 13.025030136108398
loss_value = 1.0233066082000732
step = 326
value_mean = -0.9999260306358337
