entropy_mean = 4.238502502441406
loss_policy = 4.318966388702393
loss_total = 10.801384925842285
loss_value = 1.0156230926513672
step = 962
value_mean = -0.9999992847442627
