entropy_mean = 1.3416380882263184
loss_policy = 1.5755035877227783
loss_total = 5.9110870361328125
loss_value = 1.0
step = 2896
value_mean = -1.0
