entropy_mean = 1.7489782571792603
loss_policy = 1.9008692502975464
loss_total = 6.958376884460449
loss_value = 1.0
step = 2299
value_mean = -1.0
