entropy_mean = 2.4332423210144043
loss_policy = 2.6440634727478027
loss_total = 8.680583000183105
loss_value = 1.039061427116394
step = 1432
value_mean = 0.9999995231628418
