entropy_mean = 2.2638440132141113
loss_policy = 2.590364694595337
loss_total = 8.54319953918457
loss_value = 1.0234370231628418
step = 1498
value_mean = 0.9999997019767761
