entropy_mean = 4.954128742218018
loss_policy = 4.783886432647705
loss_total = 11.422392845153809
loss_value = 1.0
step = 831
value_mean = -1.0
