entropy_mean = 3.6474368572235107
loss_policy = 4.159455299377441
loss_total = 10.52009391784668
loss_value = 0.9999921321868896
step = 1040
value_mean = -0.9999945163726807
