entropy_mean = 4.517697811126709
loss_policy = 4.943096160888672
loss_total = 12.280923843383789
loss_value = 1.0468745231628418
step = 484
value_mean = -0.9999997615814209
