entropy_mean = 4.277253150939941
loss_policy = 4.985904216766357
loss_total = 12.0288724899292
loss_value = 0.9999998211860657
step = 597
value_mean = -0.9999998211860657
