entropy_mean = 4.817018985748291
loss_policy = 5.169871807098389
loss_total = 12.347220420837402
loss_value = 0.9921872615814209
step = 531
value_mean = -0.9999999403953552
