entropy_mean = 1.6806355714797974
loss_policy = 1.7921466827392578
loss_total = 7.035706043243408
loss_value = 1.0
step = 2134
value_mean = -1.0
