entropy_mean = 5.393624782562256
loss_policy = 6.034234523773193
loss_total = 13.719809532165527
loss_value = 0.9921830892562866
step = 237
value_mean = -0.9999983906745911
