entropy_mean = 2.0058727264404297
loss_policy = 2.2550220489501953
loss_total = 8.067307472229004
loss_value = 0.999998152256012
step = 1613
value_mean = 0.9999987483024597
