entropy_mean = 4.590446949005127
loss_policy = 4.921374797821045
loss_total = 11.56649398803711
loss_value = 0.9999995231628418
step = 826
value_mean = -0.9999998211860657
