entropy_mean = 1.4187285900115967
loss_policy = 1.4488599300384521
loss_total = 5.8102874755859375
loss_value = 1.0234375
step = 2894
value_mean = -1.0
