entropy_mean = 4.217642784118652
loss_policy = 4.840362071990967
loss_total = 11.374788284301758
loss_value = 1.0
step = 907
value_mean = -1.0
