entropy_mean = 1.7576115131378174
loss_policy = 2.1122524738311768
loss_total = 7.753912925720215
loss_value = 0.9999875426292419
step = 1775
value_mean = 0.9999930262565613
