entropy_mean = 1.4905834197998047
loss_policy = 1.6515629291534424
loss_total = 6.351104736328125
loss_value = 0.984375
step = 2575
value_mean = -1.0
