entropy_mean = 1.4043540954589844
loss_policy = 1.8315050601959229
loss_total = 7.278151988983154
loss_value = 0.9995609521865845
step = 1951
value_mean = 0.9997209906578064
