entropy_mean = 1.6046208143234253
loss_policy = 1.5580699443817139
loss_total = 6.735324382781982
loss_value = 1.0
step = 2194
value_mean = -1.0
