entropy_mean = 4.219695568084717
loss_policy = 4.692606449127197
loss_total = 11.36281681060791
loss_value = 1.0390625
step = 836
value_mean = -0.9999999403953552
