entropy_mean = 1.4067147970199585
loss_policy = 1.5500887632369995
loss_total = 6.852351188659668
loss_value = 1.046875
step = 2122
value_mean = -1.0
