entropy_mean = 1.3619794845581055
loss_policy = 1.558002233505249
loss_total = 6.40751838684082
loss_value = 1.015625
step = 2476
value_mean = -1.0
