entropy_mean = 1.4095408916473389
loss_policy = 1.6191415786743164
loss_total = 6.57009220123291
loss_value = 0.9921875
step = 2382
value_mean = -1.0
