entropy_mean = 1.615146517753601
loss_policy = 1.7107690572738647
loss_total = 6.801712989807129
loss_value = 0.9921875
step = 2263
value_mean = -1.0
