entropy_mean = 1.4108080863952637
loss_policy = 1.6091735363006592
loss_total = 6.646326065063477
loss_value = 0.9765625
step = 2296
value_mean = -1.0
