entropy_mean = 4.51271915435791
loss_policy = 4.930637359619141
loss_total = 11.837310791015625
loss_value = 1.0703073740005493
step = 709
value_mean = -0.9999974966049194
