entropy_mean = 3.5057730674743652
loss_policy = 3.8162505626678467
loss_total = 10.052511215209961
loss_value = 0.9906682372093201
step = 1145
value_mean = 0.8855943083763123
