entropy_mean = 5.677865028381348
loss_policy = 6.042694568634033
loss_total = 13.856782913208008
loss_value = 0.9989124536514282
step = 31
value_mean = 0.9434648752212524
