entropy_mean = 1.633899211883545
loss_policy = 1.86588716506958
loss_total = 7.087343215942383
loss_value = 1.0
step = 2153
value_mean = -1.0
