entropy_mean = 1.5969290733337402
loss_policy = 1.5345509052276611
loss_total = 6.456611156463623
loss_value = 1.0234375
step = 2429
value_mean = -1.0
