entropy_mean = 2.647162914276123
loss_policy = 2.6464426517486572
loss_total = 8.618162155151367
loss_value = 1.0156244039535522
step = 1471
value_mean = 0.9999997615814209
