entropy_mean = 1.724982738494873
loss_policy = 1.8664524555206299
loss_total = 7.26865291595459
loss_value = 1.0
step = 1993
value_mean = -1.0
