entropy_mean = 3.1481645107269287
loss_policy = 3.3296666145324707
loss_total = 9.443046569824219
loss_value = 1.0
step = 1282
value_mean = 1.0
