entropy_mean = 1.563384771347046
loss_policy = 1.8679049015045166
loss_total = 7.289588928222656
loss_value = 1.0
step = 1974
value_mean = -1.0
