entropy_mean = 1.6252830028533936
loss_policy = 1.6414610147476196
loss_total = 6.315651893615723
loss_value = 0.9921875
step = 2603
value_mean = -1.0
