entropy_mean = 5.6463303565979
loss_policy = 5.8118367195129395
loss_total = 13.512397766113281
loss_value = 0.999998152256012
step = 232
value_mean = -0.9999988079071045
