entropy_mean = 3.7431159019470215
loss_policy = 3.813882350921631
loss_total = 10.10957145690918
loss_value = 0.9978289008140564
step = 1093
value_mean = -0.9890527129173279
