entropy_mean = 5.854274272918701
loss_policy = 6.2498602867126465
loss_total = 14.027853965759277
loss_value = 0.9999996423721313
step = 147
value_mean = -0.9999998211860657
