entropy_mean = 5.494983673095703
loss_policy = 5.890906810760498
loss_total = 13.691605567932129
loss_value = 1.0468748807907104
step = 179
value_mean = -0.9999999403953552
