entropy_mean = 1.4629825353622437
loss_policy = 1.5222760438919067
loss_total = 6.0315093994140625
loss_value = 1.0234375
step = 2768
value_mean = -1.0
