entropy_mean = 1.5395711660385132
loss_policy = 1.725414514541626
loss_total = 6.907732009887695
loss_value = 1.0
step = 2189
value_mean = -1.0
