entropy_mean = 1.6305588483810425
loss_policy = 1.6467128992080688
loss_total = 7.116229057312012
loss_value = 0.9921525716781616
step = 1920
value_mean = 0.9999842643737793
