entropy_mean = 5.024969100952148
loss_policy = 5.566397666931152
loss_total = 12.525553703308105
loss_value = 0.9999998807907104
step = 640
value_mean = -0.9999999403953552
