entropy_mean = 4.478625297546387
loss_policy = 5.355312347412109
loss_total = 12.951709747314453
loss_value = 1.0233038663864136
step = 328
value_mean = -0.9999593496322632
