entropy_mean = 2.1393837928771973
loss_policy = 2.2171273231506348
loss_total = 8.01632022857666
loss_value = 0.9999954104423523
step = 1625
value_mean = 0.9999966621398926
