entropy_mean = 5.610498428344727
loss_policy = 6.002603530883789
loss_total = 12.952232360839844
loss_value = 0.15506243705749512
step = 115
value_mean = 0.45807892084121704
