entropy_mean = 3.1758975982666016
loss_policy = 3.1039681434631348
loss_total = 8.58008861541748
loss_value = 0.4284680485725403
step = 1370
value_mean = 0.12538021802902222
