entropy_mean = 1.8566031455993652
loss_policy = 1.9041800498962402
loss_total = 7.460720062255859
loss_value = 0.9999670386314392
step = 1850
value_mean = 0.9999861717224121
