entropy_mean = 1.4786510467529297
loss_policy = 1.582592248916626
loss_total = 6.4776997566223145
loss_value = 1.0234375
step = 2448
value_mean = -1.0
