entropy_mean = 1.5007967948913574
loss_policy = 1.6694949865341187
loss_total = 6.314520835876465
loss_value = 0.984375
step = 2619
value_mean = -1.0
