entropy_mean = 2.071939706802368
loss_policy = 2.445524215698242
loss_total = 8.341614723205566
loss_value = 0.9921858906745911
step = 1523
value_mean = 0.9999992251396179
