entropy_mean = 2.695277690887451
loss_policy = 2.7325639724731445
loss_total = 8.452702522277832
loss_value = 0.6752557754516602
step = 1376
value_mean = 0.11718472093343735
