entropy_mean = 4.184149742126465
loss_policy = 4.8741679191589355
loss_total = 11.60986328125
loss_value = 0.9921875
step = 761
value_mean = -1.0
