entropy_mean = 3.079434394836426
loss_policy = 3.0848164558410645
loss_total = 9.195903778076172
loss_value = 0.9845645427703857
step = 1268
value_mean = -0.9579660892486572
