entropy_mean = 2.1673834323883057
loss_policy = 2.2048439979553223
loss_total = 7.838553428649902
loss_value = 0.9999741315841675
step = 1782
value_mean = 0.9999905824661255
