entropy_mean = 4.240337371826172
loss_policy = 4.6236090660095215
loss_total = 11.101364135742188
loss_value = 0.9999988079071045
step = 954
value_mean = -0.999999463558197
