entropy_mean = 3.778540849685669
loss_policy = 4.052399158477783
loss_total = 10.363624572753906
loss_value = 1.0234375
step = 1101
value_mean = 1.0
