entropy_mean = 1.4354969263076782
loss_policy = 1.561126708984375
loss_total = 6.169153690338135
loss_value = 1.0234375
step = 2686
value_mean = -1.0
