entropy_mean = 1.3875473737716675
loss_policy = 1.4529591798782349
loss_total = 6.591183185577393
loss_value = 1.0234375
step = 2250
value_mean = -1.0
