entropy_mean = 4.630127906799316
loss_policy = 5.3330206871032715
loss_total = 12.441157341003418
loss_value = 0.984375
step = 556
value_mean = -1.0
