entropy_mean = 1.5098938941955566
loss_policy = 1.5941407680511475
loss_total = 6.841951370239258
loss_value = 1.015625
step = 2144
value_mean = -1.0
