entropy_mean = 1.581794261932373
loss_policy = 1.5764915943145752
loss_total = 6.554990768432617
loss_value = 1.0234375
step = 2385
value_mean = -1.0
