entropy_mean = 2.9289746284484863
loss_policy = 3.2461764812469482
loss_total = 9.382183074951172
loss_value = 0.9999139904975891
step = 1257
value_mean = -0.9999789595603943
