entropy_mean = 5.520585536956787
loss_policy = 5.830632209777832
loss_total = 13.02825927734375
loss_value = 0.3977161645889282
step = 95
value_mean = -0.5538207292556763
