entropy_mean = 1.4829075336456299
loss_policy = 1.874586582183838
loss_total = 7.2676191329956055
loss_value = 1.0
step = 2001
value_mean = -1.0
