entropy_mean = 1.4741485118865967
loss_policy = 1.554265022277832
loss_total = 6.047717094421387
loss_value = 1.015625
step = 2775
value_mean = -1.0
