entropy_mean = 1.467046856880188
loss_policy = 1.685185432434082
loss_total = 6.920827865600586
loss_value = 1.0
step = 2141
value_mean = -1.0
