entropy_mean = 2.471877098083496
loss_policy = 3.0600552558898926
loss_total = 9.228963851928711
loss_value = 1.0390440225601196
step = 1264
value_mean = -0.9999606609344482
