entropy_mean = 2.735642910003662
loss_policy = 3.586782455444336
loss_total = 9.86009407043457
loss_value = 0.9975864887237549
step = 1114
value_mean = 0.920296847820282
