entropy_mean = 5.395528793334961
loss_policy = 6.280293941497803
loss_total = 14.096939086914062
loss_value = 0.999626636505127
step = 19
value_mean = 0.9997464418411255
