entropy_mean = 1.430710792541504
loss_policy = 1.6379711627960205
loss_total = 6.352784156799316
loss_value = 0.9921875
step = 2568
value_mean = -1.0
