entropy_mean = 1.588836431503296
loss_policy = 1.663022518157959
loss_total = 6.652133941650391
loss_value = 0.9921875
step = 2349
value_mean = -1.0
