entropy_mean = 2.99345064163208
loss_policy = 3.1978282928466797
loss_total = 9.229278564453125
loss_value = 0.8569415211677551
step = 1217
value_mean = 0.7927408218383789
