entropy_mean = 4.294820785522461
loss_policy = 4.253965854644775
loss_total = 10.722314834594727
loss_value = 0.9999984502792358
step = 961
value_mean = -0.9999989867210388
