entropy_mean = 2.407576084136963
loss_policy = 2.9880740642547607
loss_total = 9.011991500854492
loss_value = 0.9999989867210388
step = 1405
value_mean = 0.9999996423721313
