entropy_mean = 1.589835524559021
loss_policy = 1.7614179849624634
loss_total = 6.679399490356445
loss_value = 1.0
step = 2414
value_mean = -1.0
