entropy_mean = 2.421227216720581
loss_policy = 2.831488609313965
loss_total = 8.860029220581055
loss_value = 0.9999957084655762
step = 1400
value_mean = 0.9999977350234985
