entropy_mean = 4.394927501678467
loss_policy = 4.867485046386719
loss_total = 11.749911308288574
loss_value = 0.984371542930603
step = 675
value_mean = -0.9999978542327881
