entropy_mean = 2.1243669986724854
loss_policy = 2.4391233921051025
loss_total = 8.364381790161133
loss_value = 0.9999996423721313
step = 1502
value_mean = 0.9999998211860657
