entropy_mean = 1.685643196105957
loss_policy = 1.6961052417755127
loss_total = 6.7525954246521
loss_value = 1.0
step = 2300
value_mean = -1.0
