entropy_mean = 1.547384262084961
loss_policy = 1.5726169347763062
loss_total = 6.738026142120361
loss_value = 1.0
step = 2206
value_mean = -1.0
