entropy_mean = 4.829907417297363
loss_policy = 6.276782989501953
loss_total = 13.882610321044922
loss_value = 0.99216628074646
step = 295
value_mean = -0.9999911189079285
