entropy_mean = 4.6776580810546875
loss_policy = 5.221514701843262
loss_total = 12.732686042785645
loss_value = 1.0078125
step = 366
value_mean = -1.0
