entropy_mean = 1.594447374343872
loss_policy = 1.5869982242584229
loss_total = 6.106515884399414
loss_value = 1.0234375
step = 2759
value_mean = -1.0
