entropy_mean = 2.003032684326172
loss_policy = 2.1017210483551025
loss_total = 7.882233142852783
loss_value = 1.023433804512024
step = 1668
value_mean = 0.9999982118606567
