entropy_mean = 1.7594757080078125
loss_policy = 1.8045713901519775
loss_total = 7.327571392059326
loss_value = 1.0233863592147827
step = 1900
value_mean = 0.9999778270721436
