entropy_mean = 4.350451469421387
loss_policy = 4.527905464172363
loss_total = 11.023792266845703
loss_value = 0.9921442866325378
step = 932
value_mean = -0.9999797344207764
