entropy_mean = 4.483097076416016
loss_policy = 4.745028972625732
loss_total = 11.458542823791504
loss_value = 1.0234375
step = 797
value_mean = -1.0
