entropy_mean = 2.6088218688964844
loss_policy = 2.8622751235961914
loss_total = 8.93191146850586
loss_value = 1.0703123807907104
step = 1430
value_mean = 0.9999998807907104
