entropy_mean = 1.6325099468231201
loss_policy = 1.7435261011123657
loss_total = 6.944725513458252
loss_value = 0.9921875
step = 2164
value_mean = -1.0
