entropy_mean = 1.685077428817749
loss_policy = 1.9960637092590332
loss_total = 7.548023223876953
loss_value = 0.9921668767929077
step = 1847
value_mean = 0.999987006187439
