entropy_mean = 3.1322240829467773
loss_policy = 2.944368600845337
loss_total = 8.200129508972168
loss_value = 0.20764324069023132
step = 1369
value_mean = 0.6338077783584595
