entropy_mean = 1.4470493793487549
loss_policy = 1.5964622497558594
loss_total = 6.106819152832031
loss_value = 1.0234375
step = 2767
value_mean = -1.0
