entropy_mean = 3.5829291343688965
loss_policy = 3.8777523040771484
loss_total = 10.226203918457031
loss_value = 1.023404836654663
step = 1069
value_mean = -0.9999743700027466
