entropy_mean = 2.172441005706787
loss_policy = 2.1005985736846924
loss_total = 7.7981791496276855
loss_value = 0.9999911785125732
step = 1723
value_mean = 0.9999958276748657
