entropy_mean = 4.251141548156738
loss_policy = 4.478254318237305
loss_total = 11.033066749572754
loss_value = 1.0
step = 891
value_mean = -1.0
