entropy_mean = 5.093496799468994
loss_policy = 5.140323162078857
loss_total = 12.476869583129883
loss_value = 1.0234355926513672
step = 475
value_mean = -0.9999993443489075
