entropy_mean = 1.3622328042984009
loss_policy = 1.4889838695526123
loss_total = 5.84220027923584
loss_value = 1.0
step = 2880
value_mean = -1.0
