entropy_mean = 5.397716045379639
loss_policy = 6.3549981117248535
loss_total = 14.217476844787598
loss_value = 1.0452722311019897
step = 17
value_mean = 0.9988807439804077
