entropy_mean = 4.642388343811035
loss_policy = 4.702568531036377
loss_total = 11.300078392028809
loss_value = 0.9999982118606567
step = 863
value_mean = -0.9999994039535522
