entropy_mean = 3.689377784729004
loss_policy = 4.1700239181518555
loss_total = 10.590234756469727
loss_value = 0.9999986886978149
step = 995
value_mean = -0.9999992847442627
