entropy_mean = 4.356548309326172
loss_policy = 4.9761199951171875
loss_total = 12.08729362487793
loss_value = 1.0
step = 562
value_mean = -1.0
