entropy_mean = 4.809248924255371
loss_policy = 5.708588600158691
loss_total = 13.097238540649414
loss_value = 0.9921875
step = 427
value_mean = -1.0
