entropy_mean = 3.8667244911193848
loss_policy = 4.229907512664795
loss_total = 10.564981460571289
loss_value = 0.9999919533729553
step = 1060
value_mean = -0.999991238117218
