entropy_mean = 3.791269302368164
loss_policy = 4.0549726486206055
loss_total = 10.461292266845703
loss_value = 0.9999986886978149
step = 1006
value_mean = -0.9999988079071045
