entropy_mean = 1.4129687547683716
loss_policy = 1.7466737031936646
loss_total = 6.8261332511901855
loss_value = 0.9921875
step = 2272
value_mean = -1.0
