entropy_mean = 4.869444370269775
loss_policy = 6.498714923858643
loss_total = 14.128507614135742
loss_value = 1.0234163999557495
step = 302
value_mean = -0.9999887943267822
