entropy_mean = 1.72547447681427
loss_policy = 2.095067024230957
loss_total = 7.860996246337891
loss_value = 0.9999976754188538
step = 1659
value_mean = 0.9999985694885254
