entropy_mean = 5.4158196449279785
loss_policy = 6.825359344482422
loss_total = 14.627153396606445
loss_value = 0.9842268228530884
step = 11
value_mean = 0.9944009780883789
