entropy_mean = 2.0377442836761475
loss_policy = 2.178492546081543
loss_total = 7.898919105529785
loss_value = 0.9999946355819702
step = 1702
value_mean = 0.9999972581863403
