entropy_mean = 5.199592590332031
loss_policy = 5.982732772827148
loss_total = 13.468692779541016
loss_value = 1.015625
step = 383
value_mean = -1.0
