entropy_mean = 5.1525468826293945
loss_policy = 5.797983646392822
loss_total = 13.529895782470703
loss_value = 0.9999995231628418
step = 206
value_mean = -0.9999997019767761
