entropy_mean = 5.514251708984375
loss_policy = 5.888749122619629
loss_total = 13.460840225219727
loss_value = 0.7688260078430176
step = 81
value_mean = -0.9424492120742798
