entropy_mean = 5.352312088012695
loss_policy = 5.95551872253418
loss_total = 13.707822799682617
loss_value = 0.9999997615814209
step = 181
value_mean = -0.9999997615814209
