entropy_mean = 2.922909736633301
loss_policy = 2.9073615074157715
loss_total = 9.018321990966797
loss_value = 0.9871506094932556
step = 1271
value_mean = -0.3163325786590576
