entropy_mean = 4.5548095703125
loss_policy = 5.924931049346924
loss_total = 13.067657470703125
loss_value = 1.0234375
step = 558
value_mean = -1.0
