entropy_mean = 1.5371582508087158
loss_policy = 1.6427254676818848
loss_total = 6.793111801147461
loss_value = 1.0
step = 2219
value_mean = -1.0
