entropy_mean = 5.755035877227783
loss_policy = 5.907720565795898
loss_total = 13.573017120361328
loss_value = 0.9843704104423523
step = 246
value_mean = -0.9999971389770508
