entropy_mean = 1.4780389070510864
loss_policy = 1.6228196620941162
loss_total = 6.527988910675049
loss_value = 0.9921875
step = 2418
value_mean = -1.0
