entropy_mean = 4.214170455932617
loss_policy = 4.690921783447266
loss_total = 11.388470649719238
loss_value = 1.015625
step = 802
value_mean = -1.0
