entropy_mean = 4.3643388748168945
loss_policy = 4.671051979064941
loss_total = 11.226073265075684
loss_value = 0.9921875
step = 885
value_mean = -1.0
