entropy_mean = 5.762723922729492
loss_policy = 5.895444393157959
loss_total = 13.537452697753906
loss_value = 0.8341159820556641
step = 60
value_mean = -0.869520902633667
