entropy_mean = 1.7775497436523438
loss_policy = 1.9360376596450806
loss_total = 7.698056221008301
loss_value = 1.023435115814209
step = 1686
value_mean = 0.9999990463256836
