entropy_mean = 1.4600896835327148
loss_policy = 1.6885793209075928
loss_total = 6.30679988861084
loss_value = 1.0
step = 2657
value_mean = -1.0
