entropy_mean = 1.9521671533584595
loss_policy = 2.083301305770874
loss_total = 7.6692705154418945
loss_value = 0.9999903440475464
step = 1823
value_mean = 0.9999956488609314
