entropy_mean = 4.839986801147461
loss_policy = 5.106306552886963
loss_total = 12.29910945892334
loss_value = 0.9999997615814209
step = 527
value_mean = -0.9999998807907104
