entropy_mean = 1.6213369369506836
loss_policy = 1.673531413078308
loss_total = 6.742100715637207
loss_value = 1.0390625
step = 2322
value_mean = -1.0
