entropy_mean = 1.5358798503875732
loss_policy = 1.6634113788604736
loss_total = 6.180309772491455
loss_value = 1.0
step = 2742
value_mean = -1.0
