entropy_mean = 5.562687873840332
loss_policy = 5.879613876342773
loss_total = 13.637173652648926
loss_value = 0.9999998807907104
step = 174
value_mean = -0.9999999403953552
