entropy_mean = 1.4605497121810913
loss_policy = 1.5367523431777954
loss_total = 6.149418830871582
loss_value = 1.015625
step = 2674
value_mean = -1.0
