entropy_mean = 1.44279146194458
loss_policy = 1.6006312370300293
loss_total = 6.84145450592041
loss_value = 1.0703125
step = 2201
value_mean = -1.0
