entropy_mean = 3.9726762771606445
loss_policy = 4.297359943389893
loss_total = 10.810449600219727
loss_value = 1.039061427116394
step = 957
value_mean = -0.9999996423721313
