entropy_mean = 5.673774242401123
loss_policy = 6.040311813354492
loss_total = 13.813060760498047
loss_value = 1.0234371423721313
step = 185
value_mean = -0.9999997615814209
