entropy_mean = 1.6542346477508545
loss_policy = 1.7028703689575195
loss_total = 6.930239200592041
loss_value = 1.0
step = 2148
value_mean = -1.0
