entropy_mean = 2.1672310829162598
loss_policy = 2.355668783187866
loss_total = 8.242349624633789
loss_value = 1.015623688697815
step = 1555
value_mean = 0.9999992847442627
