entropy_mean = 1.741628885269165
loss_policy = 1.7227115631103516
loss_total = 6.882443904876709
loss_value = 0.9921875
step = 2204
value_mean = -1.0
