entropy_mean = 1.4057657718658447
loss_policy = 1.5475857257843018
loss_total = 6.309270858764648
loss_value = 1.0234375
step = 2553
value_mean = -1.0
