entropy_mean = 1.7515590190887451
loss_policy = 2.0222482681274414
loss_total = 7.772961616516113
loss_value = 0.9999979138374329
step = 1674
value_mean = 0.9999988079071045
