entropy_mean = 5.356522083282471
loss_policy = 5.811041831970215
loss_total = 13.541430473327637
loss_value = 1.0156235694885254
step = 221
value_mean = -0.9999991655349731
