entropy_mean = 4.4591803550720215
loss_policy = 4.868913650512695
loss_total = 12.142236709594727
loss_value = 1.0234375
step = 499
value_mean = -1.0
