entropy_mean = 3.8325695991516113
loss_policy = 4.01768159866333
loss_total = 10.406816482543945
loss_value = 0.9921722412109375
step = 1014
value_mean = -0.9999895095825195
