entropy_mean = 3.548496723175049
loss_policy = 4.16786527633667
loss_total = 10.507349014282227
loss_value = 1.0155493021011353
step = 1070
value_mean = -0.9999477863311768
