entropy_mean = 1.383203387260437
loss_policy = 1.5391842126846313
loss_total = 5.977940082550049
loss_value = 1.0234375
step = 2829
value_mean = -1.0
