entropy_mean = 4.3467864990234375
loss_policy = 4.627541542053223
loss_total = 11.130101203918457
loss_value = 0.9999796152114868
step = 933
value_mean = -0.9999938011169434
