entropy_mean = 5.34455680847168
loss_policy = 6.0227437019348145
loss_total = 13.767993927001953
loss_value = 0.9921872615814209
step = 180
value_mean = -0.9999998807907104
