entropy_mean = 4.812849998474121
loss_policy = 4.883517742156982
loss_total = 11.793310165405273
loss_value = 0.9999984502792358
step = 668
value_mean = -0.9999990463256836
