entropy_mean = 4.524401664733887
loss_policy = 6.279577255249023
loss_total = 13.886606216430664
loss_value = 1.0466474294662476
step = 336
value_mean = -0.9998756647109985
