entropy_mean = 1.692362666130066
loss_policy = 1.7361935377120972
loss_total = 7.036105155944824
loss_value = 1.0
step = 2084
value_mean = -1.0
