entropy_mean = 1.8002171516418457
loss_policy = 1.7682615518569946
loss_total = 7.016685962677002
loss_value = 1.0234375
step = 2150
value_mean = -1.0
