entropy_mean = 1.6465611457824707
loss_policy = 1.6921114921569824
loss_total = 7.145243167877197
loss_value = 0.9999330043792725
step = 1945
value_mean = 0.9999736547470093
