entropy_mean = 1.6016736030578613
loss_policy = 1.7641347646713257
loss_total = 7.331273078918457
loss_value = 0.9921711683273315
step = 1833
value_mean = 0.9999922513961792
