entropy_mean = 1.572451114654541
loss_policy = 1.6727656126022339
loss_total = 6.458697319030762
loss_value = 0.9921875
step = 2508
value_mean = -1.0
