entropy_mean = 1.579418659210205
loss_policy = 2.10925555229187
loss_total = 7.747378349304199
loss_value = 0.9999816417694092
step = 1778
value_mean = 0.9999896287918091
