entropy_mean = 2.615098476409912
loss_policy = 3.0074164867401123
loss_total = 9.120723724365234
loss_value = 0.9935153126716614
step = 1275
value_mean = 0.9999752044677734
