entropy_mean = 2.422682046890259
loss_policy = 3.141207218170166
loss_total = 9.115036010742188
loss_value = 0.8520330786705017
step = 1273
value_mean = 0.9859459400177002
