entropy_mean = 4.898665428161621
loss_policy = 5.4487152099609375
loss_total = 12.902822494506836
loss_value = 1.0234375
step = 405
value_mean = -1.0
