entropy_mean = 4.734555244445801
loss_policy = 5.195972442626953
loss_total = 12.371184349060059
loss_value = 0.9921875
step = 532
value_mean = -1.0
