entropy_mean = 1.549239158630371
loss_policy = 1.5981905460357666
loss_total = 6.3296098709106445
loss_value = 1.046875
step = 2601
value_mean = -1.0
