entropy_mean = 4.950143337249756
loss_policy = 5.334056854248047
loss_total = 12.905471801757812
loss_value = 1.0154163837432861
step = 339
value_mean = -0.9998897314071655
