entropy_mean = 3.9750306606292725
loss_policy = 4.906908988952637
loss_total = 11.594818115234375
loss_value = 1.023437261581421
step = 812
value_mean = -0.9999998807907104
