entropy_mean = 1.3937134742736816
loss_policy = 1.53627347946167
loss_total = 6.0178327560424805
loss_value = 1.0234375
step = 2792
value_mean = -1.0
