entropy_mean = 1.7266509532928467
loss_policy = 1.870179295539856
loss_total = 7.275594711303711
loss_value = 1.0
step = 1990
value_mean = -1.0
