entropy_mean = 1.9331188201904297
loss_policy = 2.146695137023926
loss_total = 7.753537654876709
loss_value = 0.9921669363975525
step = 1799
value_mean = 0.9999905228614807
