entropy_mean = 1.7981641292572021
loss_policy = 1.9225971698760986
loss_total = 7.427252769470215
loss_value = 0.9921593070030212
step = 1889
value_mean = 0.999981701374054
