entropy_mean = 1.5039646625518799
loss_policy = 1.8423089981079102
loss_total = 6.695611953735352
loss_value = 0.9921875
step = 2456
value_mean = -1.0
