entropy_mean = 1.4317193031311035
loss_policy = 1.609131932258606
loss_total = 6.863454818725586
loss_value = 1.0
step = 2123
value_mean = -1.0
