entropy_mean = 5.016216278076172
loss_policy = 5.704414367675781
loss_total = 13.340804100036621
loss_value = 1.0468066930770874
step = 317
value_mean = -0.9999557733535767
