entropy_mean = 5.295229911804199
loss_policy = 5.9766387939453125
loss_total = 13.098976135253906
loss_value = 0.32319194078445435
step = 98
value_mean = -0.018865283578634262
