entropy_mean = 1.5003950595855713
loss_policy = 1.6014240980148315
loss_total = 6.439435005187988
loss_value = 1.0
step = 2473
value_mean = -1.0
