entropy_mean = 4.285521030426025
loss_policy = 4.506522178649902
loss_total = 11.052204132080078
loss_value = 0.9921874403953552
step = 892
value_mean = -1.0
