entropy_mean = 3.028071880340576
loss_policy = 3.363379955291748
loss_total = 9.209735870361328
loss_value = 0.7048777341842651
step = 1251
value_mean = -0.8778290748596191
