entropy_mean = 4.212680816650391
loss_policy = 5.504514694213867
loss_total = 12.458938598632812
loss_value = 1.0
step = 643
value_mean = -1.0
