entropy_mean = 1.6302106380462646
loss_policy = 1.8795101642608643
loss_total = 7.364279270172119
loss_value = 0.992148756980896
step = 1906
value_mean = 0.9999783635139465
