entropy_mean = 3.2799153327941895
loss_policy = 3.3587241172790527
loss_total = 9.36729621887207
loss_value = 0.8003397583961487
step = 1183
value_mean = -0.8835160732269287
