entropy_mean = 1.7801883220672607
loss_policy = 1.8614959716796875
loss_total = 7.407096862792969
loss_value = 0.9999681711196899
step = 1860
value_mean = 0.999983549118042
