entropy_mean = 1.5139083862304688
loss_policy = 1.9363224506378174
loss_total = 7.00623893737793
loss_value = 1.046875
step = 2327
value_mean = -1.0
