entropy_mean = 1.4303086996078491
loss_policy = 1.7467527389526367
loss_total = 6.908472537994385
loss_value = 0.9921875
step = 2202
value_mean = -1.0
