entropy_mean = 2.2833251953125
loss_policy = 2.5506560802459717
loss_total = 8.516178131103516
loss_value = 0.9235385656356812
step = 1382
value_mean = 0.9967672824859619
