entropy_mean = 1.9536256790161133
loss_policy = 2.1988003253936768
loss_total = 7.989363670349121
loss_value = 0.9999955892562866
step = 1634
value_mean = 0.999997615814209
