entropy_mean = 3.940201997756958
loss_policy = 4.5486860275268555
loss_total = 11.084017753601074
loss_value = 1.0234344005584717
step = 925
value_mean = -0.9999980330467224
