entropy_mean = 4.420032501220703
loss_policy = 5.087023735046387
loss_total = 11.897944450378418
loss_value = 1.0234375
step = 736
value_mean = -1.0
