entropy_mean = 1.9700839519500732
loss_policy = 2.2294254302978516
loss_total = 8.056966781616211
loss_value = 1.031247615814209
step = 1628
value_mean = 0.999998927116394
