entropy_mean = 4.735220909118652
loss_policy = 5.784773826599121
loss_total = 12.381603240966797
loss_value = 0.984375
step = 850
value_mean = -1.0
