entropy_mean = 1.9452909231185913
loss_policy = 2.139235734939575
loss_total = 7.871308326721191
loss_value = 0.9999980330467224
step = 1692
value_mean = 0.999998927116394
