entropy_mean = 2.750568151473999
loss_policy = 2.9033260345458984
loss_total = 8.926366806030273
loss_value = 0.9999991059303284
step = 1406
value_mean = 0.9999996423721313
