entropy_mean = 1.670158863067627
loss_policy = 1.8597724437713623
loss_total = 7.182988166809082
loss_value = 1.0
step = 2062
value_mean = -1.0
