entropy_mean = 2.4373247623443604
loss_policy = 2.8031861782073975
loss_total = 8.834095001220703
loss_value = 1.0234358310699463
step = 1422
value_mean = 0.9999992847442627
