entropy_mean = 5.537032127380371
loss_policy = 6.153497695922852
loss_total = 13.88143539428711
loss_value = 0.9999994039535522
step = 210
value_mean = -0.9999996423721313
