entropy_mean = 1.6479244232177734
loss_policy = 1.7151415348052979
loss_total = 6.987837314605713
loss_value = 1.0
step = 2107
value_mean = -1.0
