entropy_mean = 4.465553283691406
loss_policy = 4.68086051940918
loss_total = 11.310209274291992
loss_value = 0.9921875
step = 832
value_mean = -1.0
