entropy_mean = 5.407617092132568
loss_policy = 5.456175804138184
loss_total = 13.048479080200195
loss_value = 0.9999604225158691
step = 315
value_mean = -0.9999773502349854
