entropy_mean = 4.988488674163818
loss_policy = 5.251839637756348
loss_total = 12.71786117553711
loss_value = 1.0234375
step = 399
value_mean = -1.0
