entropy_mean = 1.6941242218017578
loss_policy = 1.7663135528564453
loss_total = 6.569299697875977
loss_value = 0.9921875
step = 2494
value_mean = -1.0
