entropy_mean = 1.4049655199050903
loss_policy = 1.459348440170288
loss_total = 6.472589492797852
loss_value = 1.0
step = 2335
value_mean = -1.0
