entropy_mean = 5.566540718078613
loss_policy = 5.836224555969238
loss_total = 13.647065162658691
loss_value = 1.0234137773513794
step = 136
value_mean = -0.9999940395355225
