entropy_mean = 1.551109790802002
loss_policy = 1.6454020738601685
loss_total = 6.855567932128906
loss_value = 1.0
step = 2163
value_mean = -1.0
