entropy_mean = 1.397141933441162
loss_policy = 1.5215563774108887
loss_total = 5.939432144165039
loss_value = 1.0
step = 2827
value_mean = -1.0
