entropy_mean = 4.3417558670043945
loss_policy = 5.491988182067871
loss_total = 12.487598419189453
loss_value = 1.0156248807907104
step = 627
value_mean = -0.9999998807907104
