entropy_mean = 1.9329473972320557
loss_policy = 2.1552960872650146
loss_total = 7.849661827087402
loss_value = 0.9999945759773254
step = 1726
value_mean = 0.9999971389770508
