entropy_mean = 4.583150863647461
loss_policy = 5.090959548950195
loss_total = 12.002433776855469
loss_value = 0.9999979734420776
step = 667
value_mean = -0.9999986886978149
