entropy_mean = 4.778590202331543
loss_policy = 6.240691661834717
loss_total = 14.01675796508789
loss_value = 0.9999998807907104
step = 149
value_mean = -1.0
