entropy_mean = 2.728243589401245
loss_policy = 3.0725955963134766
loss_total = 9.20417594909668
loss_value = 0.999996542930603
step = 1262
value_mean = -0.9999986290931702
