entropy_mean = 2.880842685699463
loss_policy = 2.84896183013916
loss_total = 8.807657241821289
loss_value = 0.9921869039535522
step = 1461
value_mean = 0.9999996423721313
