entropy_mean = 4.101105690002441
loss_policy = 4.578251361846924
loss_total = 11.078912734985352
loss_value = 0.9921824336051941
step = 928
value_mean = -0.9999958276748657
