entropy_mean = 3.446192979812622
loss_policy = 3.9481680393218994
loss_total = 10.265556335449219
loss_value = 0.9999538064002991
step = 1076
value_mean = -0.9999854564666748
