entropy_mean = 4.62242317199707
loss_policy = 5.3488569259643555
loss_total = 12.096986770629883
loss_value = 0.9921875
step = 753
value_mean = -1.0
