entropy_mean = 2.8485138416290283
loss_policy = 2.8612709045410156
loss_total = 8.208168983459473
loss_value = 0.3024534285068512
step = 1377
value_mean = -0.8988842964172363
