entropy_mean = 3.8634421825408936
loss_policy = 5.1395368576049805
loss_total = 11.766054153442383
loss_value = 0.9999997615814209
step = 839
value_mean = -0.9999997615814209
