entropy_mean = 2.238044023513794
loss_policy = 2.4795398712158203
loss_total = 8.379162788391113
loss_value = 1.0390610694885254
step = 1565
value_mean = 0.9999992847442627
