entropy_mean = 3.0824828147888184
loss_policy = 3.4662296772003174
loss_total = 9.406760215759277
loss_value = 0.7853946685791016
step = 1237
value_mean = 0.08474680036306381
