entropy_mean = 4.890794277191162
loss_policy = 5.237149715423584
loss_total = 12.338120460510254
loss_value = 1.007812261581421
step = 572
value_mean = -0.9999999403953552
