entropy_mean = 1.6305292844772339
loss_policy = 1.8915667533874512
loss_total = 7.450248718261719
loss_value = 0.9999765157699585
step = 1848
value_mean = 0.9999855756759644
