entropy_mean = 1.2956936359405518
loss_policy = 1.6242064237594604
loss_total = 6.754283905029297
loss_value = 1.0078125
step = 2243
value_mean = -1.0
