entropy_mean = 5.305147171020508
loss_policy = 5.891904354095459
loss_total = 13.561094284057617
loss_value = 0.9999958276748657
step = 255
value_mean = -0.9999972581863403
