entropy_mean = 1.7967387437820435
loss_policy = 1.9743475914001465
loss_total = 7.324299335479736
loss_value = 1.0234375
step = 2059
value_mean = -1.0
