entropy_mean = 1.4161624908447266
loss_policy = 1.5691033601760864
loss_total = 6.717731475830078
loss_value = 0.984375
step = 2207
value_mean = -1.0
