entropy_mean = 2.4625625610351562
loss_policy = 3.191577196121216
loss_total = 9.197610855102539
loss_value = 0.9064498543739319
step = 1300
value_mean = 0.05816342309117317
