entropy_mean = 1.77048921585083
loss_policy = 1.9378111362457275
loss_total = 7.51057243347168
loss_value = 0.9999813437461853
step = 1835
value_mean = 0.9999905824661255
