entropy_mean = 1.541337013244629
loss_policy = 1.801605224609375
loss_total = 7.164999961853027
loss_value = 0.9376245737075806
step = 1970
value_mean = 0.0692744255065918
