entropy_mean = 1.44646418094635
loss_policy = 1.4465935230255127
loss_total = 6.045750617980957
loss_value = 1.015625
step = 2687
value_mean = -1.0
