entropy_mean = 3.670621871948242
loss_policy = 4.20201301574707
loss_total = 10.676759719848633
loss_value = 0.9921558499336243
step = 950
value_mean = -0.9999904632568359
