entropy_mean = 4.697822570800781
loss_policy = 5.458990097045898
loss_total = 12.420044898986816
loss_value = 0.9843746423721313
step = 629
value_mean = -0.9999998211860657
