entropy_mean = 1.533733606338501
loss_policy = 1.6059231758117676
loss_total = 6.545799732208252
loss_value = 0.9921875
step = 2391
value_mean = -1.0
