entropy_mean = 2.816237449645996
loss_policy = 2.843656301498413
loss_total = 8.733133316040039
loss_value = 0.8176689743995667
step = 1335
value_mean = -0.2587696611881256
