entropy_mean = 1.4251928329467773
loss_policy = 1.4761661291122437
loss_total = 5.9280242919921875
loss_value = 1.0
step = 2797
value_mean = -1.0
