entropy_mean = 4.330979824066162
loss_policy = 5.426488399505615
loss_total = 12.109722137451172
loss_value = 1.015624761581421
step = 810
value_mean = -0.9999998807907104
