entropy_mean = 1.6141571998596191
loss_policy = 1.7006595134735107
loss_total = 7.127367973327637
loss_value = 0.9975711107254028
step = 1967
value_mean = 0.9976989030838013
