entropy_mean = 1.9903111457824707
loss_policy = 2.007291078567505
loss_total = 7.517551898956299
loss_value = 1.04679274559021
step = 1934
value_mean = 0.9999553561210632
