entropy_mean = 1.4093177318572998
loss_policy = 1.729871392250061
loss_total = 6.208803176879883
loss_value = 1.0
step = 2774
value_mean = -1.0
