entropy_mean = 4.234910011291504
loss_policy = 4.901865005493164
loss_total = 11.881845474243164
loss_value = 1.0468748807907104
step = 655
value_mean = -0.9999999403953552
