entropy_mean = 5.3830132484436035
loss_policy = 6.215641975402832
loss_total = 13.903401374816895
loss_value = 0.9999958276748657
step = 241
value_mean = -0.9999978542327881
