entropy_mean = 1.8294790983200073
loss_policy = 2.025109052658081
loss_total = 7.87554931640625
loss_value = 1.0703096389770508
step = 1644
value_mean = 0.9999983310699463
