entropy_mean = 1.756438970565796
loss_policy = 1.936106562614441
loss_total = 7.478204727172852
loss_value = 1.0390232801437378
step = 1897
value_mean = 0.9999756217002869
