entropy_mean = 1.800318956375122
loss_policy = 2.0409066677093506
loss_total = 7.834333419799805
loss_value = 1.046872615814209
step = 1678
value_mean = 0.9999991655349731
