entropy_mean = 5.65276575088501
loss_policy = 6.25195837020874
loss_total = 14.023733139038086
loss_value = 1.0
step = 154
value_mean = -1.0
