entropy_mean = 4.475427627563477
loss_policy = 5.479511737823486
loss_total = 12.785032272338867
loss_value = 1.0234370231628418
step = 487
value_mean = -0.9999998211860657
