entropy_mean = 1.6141031980514526
loss_policy = 1.6819281578063965
loss_total = 6.48043966293335
loss_value = 1.0
step = 2504
value_mean = -1.0
