entropy_mean = 2.807196617126465
loss_policy = 2.7434887886047363
loss_total = 8.723690032958984
loss_value = 0.9921861886978149
step = 1441
value_mean = 0.9999996423721313
