entropy_mean = 4.17774772644043
loss_policy = 4.372866630554199
loss_total = 10.837714195251465
loss_value = 0.9921861886978149
step = 958
value_mean = -0.9999994039535522
