entropy_mean = 3.2468984127044678
loss_policy = 3.6919426918029785
loss_total = 9.970288276672363
loss_value = 1.0034769773483276
step = 1115
value_mean = 0.8378875255584717
