entropy_mean = 5.674809455871582
loss_policy = 5.900142669677734
loss_total = 13.677728652954102
loss_value = 0.9921839833259583
step = 139
value_mean = -0.9999988079071045
