entropy_mean = 1.4326297044754028
loss_policy = 1.540383219718933
loss_total = 6.041191101074219
loss_value = 1.0
step = 2755
value_mean = -1.0
