entropy_mean = 4.615586280822754
loss_policy = 5.212965965270996
loss_total = 12.335689544677734
loss_value = 1.0468748807907104
step = 581
value_mean = -0.9999998807907104
