entropy_mean = 2.817944049835205
loss_policy = 3.2502031326293945
loss_total = 9.351821899414062
loss_value = 0.9921817779541016
step = 1287
value_mean = 0.999881386756897
