entropy_mean = 4.2347025871276855
loss_policy = 4.742122650146484
loss_total = 11.315522193908691
loss_value = 0.9999999403953552
step = 878
value_mean = -1.0
