entropy_mean = 1.4281268119812012
loss_policy = 1.6531068086624146
loss_total = 6.268284797668457
loss_value = 1.0234375
step = 2679
value_mean = -1.0
