entropy_mean = 5.040155410766602
loss_policy = 5.39442253112793
loss_total = 12.965531349182129
loss_value = 1.0231941938400269
step = 344
value_mean = -0.9998074769973755
