entropy_mean = 3.6778907775878906
loss_policy = 4.013630390167236
loss_total = 10.296102523803711
loss_value = 1.0
step = 1106
value_mean = 1.0
