entropy_mean = 1.5366178750991821
loss_policy = 1.8602639436721802
loss_total = 7.357522964477539
loss_value = 1.0156035423278809
step = 1916
value_mean = 0.9999886155128479
