entropy_mean = 3.2117862701416016
loss_policy = 3.9146299362182617
loss_total = 10.181778907775879
loss_value = 1.0
step = 1123
value_mean = 1.0
