entropy_mean = 5.654544830322266
loss_policy = 5.812692642211914
loss_total = 12.922048568725586
loss_value = 0.30768054723739624
step = 88
value_mean = -0.6942342519760132
