entropy_mean = 1.424259901046753
loss_policy = 1.6026912927627563
loss_total = 6.214713096618652
loss_value = 1.0
step = 2662
value_mean = -1.0
