entropy_mean = 4.384995460510254
loss_policy = 4.850954055786133
loss_total = 11.525615692138672
loss_value = 0.999998927116394
step = 806
value_mean = -0.9999995231628418
