entropy_mean = 3.7377419471740723
loss_policy = 4.078486442565918
loss_total = 10.475814819335938
loss_value = 0.9921855330467224
step = 1007
value_mean = -0.9999990463256836
