entropy_mean = 4.249680995941162
loss_policy = 4.713964939117432
loss_total = 11.309911727905273
loss_value = 0.9921835660934448
step = 858
value_mean = -0.9999979734420776
