entropy_mean = 4.512925148010254
loss_policy = 4.614871501922607
loss_total = 11.263980865478516
loss_value = 0.9999990463256836
step = 823
value_mean = -0.9999996423721313
