entropy_mean = 4.649857521057129
loss_policy = 4.928190231323242
loss_total = 11.608007431030273
loss_value = 0.9843747615814209
step = 793
value_mean = -0.9999998807907104
