entropy_mean = 4.182100296020508
loss_policy = 4.478123188018799
loss_total = 11.000909805297852
loss_value = 0.9921875
step = 910
value_mean = -1.0
