entropy_mean = 1.5536824464797974
loss_policy = 1.519667625427246
loss_total = 6.226716041564941
loss_value = 1.0
step = 2582
value_mean = -1.0
