entropy_mean = 2.1522278785705566
loss_policy = 2.112863540649414
loss_total = 7.855513572692871
loss_value = 0.9999980926513672
step = 1682
value_mean = 0.9999989867210388
