entropy_mean = 4.677806854248047
loss_policy = 5.360662937164307
loss_total = 12.496025085449219
loss_value = 0.9999999403953552
step = 551
value_mean = -1.0
