entropy_mean = 1.61897873878479
loss_policy = 1.5734704732894897
loss_total = 6.681517601013184
loss_value = 1.015625
step = 2268
value_mean = -1.0
