entropy_mean = 1.3789916038513184
loss_policy = 1.3459718227386475
loss_total = 5.7215142250061035
loss_value = 1.0234375
step = 2881
value_mean = -1.0
