entropy_mean = 2.4440956115722656
loss_policy = 2.547992706298828
loss_total = 8.403886795043945
loss_value = 1.0156235694885254
step = 1585
value_mean = 0.9999989867210388
