entropy_mean = 5.602047443389893
loss_policy = 5.772451400756836
loss_total = 13.041622161865234
loss_value = 0.4642895460128784
step = 73
value_mean = 0.1152162030339241
