entropy_mean = 1.973699688911438
loss_policy = 2.203507661819458
loss_total = 7.984960556030273
loss_value = 1.0234193801879883
step = 1667
value_mean = 0.9999920129776001
