entropy_mean = 1.5607481002807617
loss_policy = 1.6709219217300415
loss_total = 6.173976898193359
loss_value = 1.0
step = 2753
value_mean = -1.0
