entropy_mean = 1.539806604385376
loss_policy = 1.6167408227920532
loss_total = 6.262184143066406
loss_value = 1.0234375
step = 2654
value_mean = -1.0
