entropy_mean = 1.3029199838638306
loss_policy = 1.6082173585891724
loss_total = 6.263857364654541
loss_value = 1.0
step = 2623
value_mean = -1.0
