entropy_mean = 5.689252853393555
loss_policy = 6.276679515838623
loss_total = 14.081796646118164
loss_value = 0.9884501695632935
step = 22
value_mean = 0.988178014755249
