entropy_mean = 2.282186985015869
loss_policy = 2.9443342685699463
loss_total = 8.88943099975586
loss_value = 0.9765619039535522
step = 1459
value_mean = 0.9999997615814209
