entropy_mean = 4.400791168212891
loss_policy = 4.883302688598633
loss_total = 11.708219528198242
loss_value = 0.9843745231628418
step = 707
value_mean = -0.9999998807907104
