entropy_mean = 4.9512786865234375
loss_policy = 5.248870849609375
loss_total = 12.285320281982422
loss_value = 0.999984085559845
step = 600
value_mean = -0.9999940395355225
