entropy_mean = 1.3536851406097412
loss_policy = 1.6509528160095215
loss_total = 6.405502796173096
loss_value = 1.0
step = 2538
value_mean = -1.0
