entropy_mean = 2.341078519821167
loss_policy = 2.7818703651428223
loss_total = 8.710126876831055
loss_value = 0.9921867251396179
step = 1491
value_mean = 0.9999995827674866
