entropy_mean = 1.3747100830078125
loss_policy = 1.4009336233139038
loss_total = 5.737733840942383
loss_value = 1.0
step = 2895
value_mean = -1.0
