entropy_mean = 5.449897766113281
loss_policy = 7.208826065063477
loss_total = 14.968072891235352
loss_value = 0.9921874403953552
step = 160
value_mean = -1.0
