entropy_mean = 4.421279430389404
loss_policy = 4.923205852508545
loss_total = 11.731680870056152
loss_value = 1.015625
step = 733
value_mean = -1.0
