entropy_mean = 1.697826623916626
loss_policy = 1.911846399307251
loss_total = 7.459674835205078
loss_value = 0.9999662637710571
step = 1858
value_mean = 0.9999796152114868
