entropy_mean = 4.265632629394531
loss_policy = 4.78424596786499
loss_total = 11.44008731842041
loss_value = 0.9999997615814209
step = 818
value_mean = -0.9999998807907104
