entropy_mean = 2.0200908184051514
loss_policy = 1.933549165725708
loss_total = 7.466265678405762
loss_value = 1.0156079530715942
step = 1885
value_mean = 0.9999898672103882
