entropy_mean = 1.5035480260849
loss_policy = 1.7696574926376343
loss_total = 7.104491233825684
loss_value = 1.015625
step = 2066
value_mean = -1.0
