entropy_mean = 5.634100437164307
loss_policy = 5.881170749664307
loss_total = 12.923685073852539
loss_value = 0.25079891085624695
step = 125
value_mean = 0.773436427116394
