entropy_mean = 4.699077129364014
loss_policy = 4.676159858703613
loss_total = 11.547144889831543
loss_value = 1.0466198921203613
step = 715
value_mean = -0.9997061491012573
