entropy_mean = 1.781124472618103
loss_policy = 1.8543140888214111
loss_total = 7.215335845947266
loss_value = 1.0
step = 2030
value_mean = -1.0
