entropy_mean = 5.716952323913574
loss_policy = 5.819039344787598
loss_total = 13.374031066894531
loss_value = 0.7528480291366577
step = 86
value_mean = 0.6494261622428894
