entropy_mean = 4.2238383293151855
loss_policy = 5.268284797668457
loss_total = 12.473377227783203
loss_value = 0.9999972581863403
step = 520
value_mean = -0.999997615814209
