entropy_mean = 1.4982677698135376
loss_policy = 1.5287836790084839
loss_total = 6.164085865020752
loss_value = 0.9921875
step = 2635
value_mean = -1.0
