entropy_mean = 1.4198405742645264
loss_policy = 1.532383918762207
loss_total = 6.155548095703125
loss_value = 1.0
step = 2653
value_mean = -1.0
