entropy_mean = 1.6669073104858398
loss_policy = 1.798852562904358
loss_total = 6.909993648529053
loss_value = 1.0
step = 2253
value_mean = -1.0
