entropy_mean = 1.5130237340927124
loss_policy = 1.668644905090332
loss_total = 6.60258674621582
loss_value = 1.0234375
step = 2420
value_mean = -1.0
