entropy_mean = 1.4198949337005615
loss_policy = 1.5287489891052246
loss_total = 6.116220474243164
loss_value = 1.0234375
step = 2703
value_mean = -1.0
