entropy_mean = 5.513725757598877
loss_policy = 5.997991561889648
loss_total = 13.711994171142578
loss_value = 1.023434042930603
step = 239
value_mean = -0.9999980926513672
