entropy_mean = 1.4296371936798096
loss_policy = 1.6341155767440796
loss_total = 6.77783203125
loss_value = 0.9921875
step = 2218
value_mean = -1.0
