entropy_mean = 2.310368299484253
loss_policy = 3.1182780265808105
loss_total = 9.234294891357422
loss_value = 0.9999998211860657
step = 1279
value_mean = 0.9999999403953552
