entropy_mean = 1.486538290977478
loss_policy = 1.5897105932235718
loss_total = 6.141924858093262
loss_value = 1.0234375
step = 2732
value_mean = -1.0
