entropy_mean = 2.395448684692383
loss_policy = 2.476797580718994
loss_total = 8.380350112915039
loss_value = 1.0156241655349731
step = 1539
value_mean = 0.9999995827674866
