entropy_mean = 4.836670398712158
loss_policy = 5.195397853851318
loss_total = 12.382564544677734
loss_value = 0.9999911785125732
step = 530
value_mean = -0.999995231628418
