entropy_mean = 4.26303243637085
loss_policy = 4.714694023132324
loss_total = 11.410144805908203
loss_value = 0.9765624403953552
step = 777
value_mean = -1.0
