entropy_mean = 2.049114942550659
loss_policy = 2.2297892570495605
loss_total = 7.946752548217773
loss_value = 0.9999958276748657
step = 1705
value_mean = 0.9999977946281433
