entropy_mean = 4.9512410163879395
loss_policy = 6.464948654174805
loss_total = 13.798664093017578
loss_value = 1.0
step = 463
value_mean = -1.0
