entropy_mean = 1.6099375486373901
loss_policy = 1.8132587671279907
loss_total = 6.531131744384766
loss_value = 0.29318225383758545
step = 1971
value_mean = -0.9979169964790344
