entropy_mean = 2.134943962097168
loss_policy = 2.3747410774230957
loss_total = 8.106158256530762
loss_value = 1.0234267711639404
step = 1713
value_mean = 0.999994695186615
