entropy_mean = 1.7941193580627441
loss_policy = 1.8391976356506348
loss_total = 7.240329742431641
loss_value = 1.0
step = 1994
value_mean = -1.0
