entropy_mean = 1.4850249290466309
loss_policy = 1.5966057777404785
loss_total = 6.3943772315979
loss_value = 1.046875
step = 2541
value_mean = -1.0
