entropy_mean = 4.046239852905273
loss_policy = 5.025642395019531
loss_total = 11.687137603759766
loss_value = 0.9921871423721313
step = 809
value_mean = -0.9999998807907104
