entropy_mean = 4.837181091308594
loss_policy = 5.101926326751709
loss_total = 12.172300338745117
loss_value = 1.0234375
step = 595
value_mean = -1.0
