entropy_mean = 4.323396682739258
loss_policy = 4.778406143188477
loss_total = 11.464771270751953
loss_value = 0.9921875
step = 794
value_mean = -1.0
