entropy_mean = 1.6250591278076172
loss_policy = 1.6655023097991943
loss_total = 6.309551239013672
loss_value = 1.0
step = 2634
value_mean = -1.0
