entropy_mean = 4.65596342086792
loss_policy = 4.778054237365723
loss_total = 11.285760879516602
loss_value = 0.9921873807907104
step = 922
value_mean = -0.9999998211860657
