entropy_mean = 1.5542588233947754
loss_policy = 1.725188970565796
loss_total = 6.173347473144531
loss_value = 1.0234375
step = 2821
value_mean = -1.0
