entropy_mean = 1.2570180892944336
loss_policy = 1.4966691732406616
loss_total = 5.995564937591553
loss_value = 0.9921875
step = 2750
value_mean = -1.0
