entropy_mean = 4.601194858551025
loss_policy = 4.95542049407959
loss_total = 11.577705383300781
loss_value = 0.999999463558197
step = 842
value_mean = -0.9999998211860657
