entropy_mean = 2.8152225017547607
loss_policy = 3.1401281356811523
loss_total = 9.083935737609863
loss_value = 0.8564248085021973
step = 1315
value_mean = 0.39957135915756226
