entropy_mean = 3.34628963470459
loss_policy = 3.2720870971679688
loss_total = 9.304571151733398
loss_value = 0.8793487548828125
step = 1239
value_mean = 0.6416667699813843
