entropy_mean = 1.4652199745178223
loss_policy = 1.5199370384216309
loss_total = 6.409701347351074
loss_value = 1.0
step = 2435
value_mean = -1.0
