entropy_mean = 4.9045820236206055
loss_policy = 4.932414531707764
loss_total = 11.758722305297852
loss_value = 0.9999111890792847
step = 714
value_mean = -0.9998975992202759
