entropy_mean = 3.2548913955688477
loss_policy = 3.726105213165283
loss_total = 9.902534484863281
loss_value = 0.9608289003372192
step = 1176
value_mean = 0.6459006071090698
