entropy_mean = 4.435221195220947
loss_policy = 4.963310718536377
loss_total = 11.871435165405273
loss_value = 0.9999987483024597
step = 669
value_mean = -0.9999994039535522
