entropy_mean = 1.4657667875289917
loss_policy = 1.5329201221466064
loss_total = 6.865549087524414
loss_value = 1.0
step = 2054
value_mean = -1.0
