entropy_mean = 4.281354904174805
loss_policy = 5.210230827331543
loss_total = 12.182266235351562
loss_value = 0.9999999403953552
step = 632
value_mean = -1.0
