entropy_mean = 1.6274842023849487
loss_policy = 1.828487753868103
loss_total = 7.274567604064941
loss_value = 1.0234291553497314
step = 1973
value_mean = -1.0
