entropy_mean = 4.456176280975342
loss_policy = 4.959721088409424
loss_total = 11.760679244995117
loss_value = 0.9950253367424011
step = 725
value_mean = -0.9913921356201172
