entropy_mean = 4.145975589752197
loss_policy = 4.811065673828125
loss_total = 11.620372772216797
loss_value = 0.9908153414726257
step = 718
value_mean = -0.997092068195343
