entropy_mean = 1.4617490768432617
loss_policy = 1.6834681034088135
loss_total = 6.683044910430908
loss_value = 0.9921875
step = 2340
value_mean = -1.0
