entropy_mean = 1.4685680866241455
loss_policy = 1.3749144077301025
loss_total = 5.866757392883301
loss_value = 0.9921875
step = 2756
value_mean = -1.0
