entropy_mean = 1.513221025466919
loss_policy = 1.5592613220214844
loss_total = 6.251842975616455
loss_value = 0.984375
step = 2581
value_mean = -1.0
