entropy_mean = 4.643464088439941
loss_policy = 5.679359436035156
loss_total = 13.242551803588867
loss_value = 0.9998552203178406
step = 334
value_mean = -0.9998974800109863
