entropy_mean = 1.424550175666809
loss_policy = 1.5077733993530273
loss_total = 6.2251715660095215
loss_value = 1.0
step = 2573
value_mean = -1.0
