entropy_mean = 1.370537519454956
loss_policy = 1.5817759037017822
loss_total = 6.575100898742676
loss_value = 1.015625
step = 2365
value_mean = -1.0
