entropy_mean = 3.859557628631592
loss_policy = 4.120893955230713
loss_total = 10.469690322875977
loss_value = 0.992173433303833
step = 1043
value_mean = -0.9999926090240479
