entropy_mean = 4.808633804321289
loss_policy = 4.786108016967773
loss_total = 11.50666332244873
loss_value = 1.0
step = 776
value_mean = -1.0
