entropy_mean = 1.7254271507263184
loss_policy = 1.8040246963500977
loss_total = 7.331706523895264
loss_value = 1.0233948230743408
step = 1896
value_mean = 0.9999765157699585
