entropy_mean = 2.091170310974121
loss_policy = 2.4063501358032227
loss_total = 8.119552612304688
loss_value = 1.0234274864196777
step = 1730
value_mean = 0.9999958276748657
