entropy_mean = 2.048889636993408
loss_policy = 2.3947434425354004
loss_total = 8.343470573425293
loss_value = 0.9999998807907104
step = 1478
value_mean = 0.9999998807907104
