entropy_mean = 2.2308778762817383
loss_policy = 2.4211666584014893
loss_total = 8.343650817871094
loss_value = 1.0468738079071045
step = 1551
value_mean = 0.9999994039535522
