entropy_mean = 4.283952713012695
loss_policy = 4.78974723815918
loss_total = 11.567667961120605
loss_value = 1.0703125
step = 784
value_mean = -1.0
