entropy_mean = 1.4144437313079834
loss_policy = 1.557458758354187
loss_total = 6.185210227966309
loss_value = 1.0
step = 2649
value_mean = -1.0
