entropy_mean = 2.580056667327881
loss_policy = 3.02353572845459
loss_total = 9.16971206665039
loss_value = 1.0154578685760498
step = 1263
value_mean = -0.9996210336685181
