entropy_mean = 1.4408133029937744
loss_policy = 1.6056208610534668
loss_total = 6.382292747497559
loss_value = 1.0
step = 2522
value_mean = -1.0
