entropy_mean = 1.4755024909973145
loss_policy = 1.6080543994903564
loss_total = 6.558294773101807
loss_value = 1.0
step = 2389
value_mean = -1.0
