entropy_mean = 5.6406073570251465
loss_policy = 5.934198379516602
loss_total = 13.66547679901123
loss_value = 0.9921867847442627
step = 198
value_mean = -0.9999995827674866
