entropy_mean = 5.623578071594238
loss_policy = 6.169105052947998
loss_total = 13.814302444458008
loss_value = 0.9999884366989136
step = 271
value_mean = -0.9999957084655762
