entropy_mean = 4.105929851531982
loss_policy = 4.699200630187988
loss_total = 11.2135009765625
loss_value = 0.999998927116394
step = 923
value_mean = -0.9999991655349731
