entropy_mean = 1.4232819080352783
loss_policy = 1.6240456104278564
loss_total = 6.439702033996582
loss_value = 1.0
step = 2490
value_mean = -1.0
