entropy_mean = 4.3284196853637695
loss_policy = 4.744948863983154
loss_total = 11.368502616882324
loss_value = 1.023434042930603
step = 861
value_mean = -0.9999985694885254
