entropy_mean = 1.478585124015808
loss_policy = 1.5776163339614868
loss_total = 6.250530242919922
loss_value = 1.0
step = 2610
value_mean = -1.0
