entropy_mean = 4.342338562011719
loss_policy = 4.716513156890869
loss_total = 11.30502700805664
loss_value = 0.9999977350234985
step = 869
value_mean = -0.9999986886978149
