entropy_mean = 4.842806339263916
loss_policy = 6.466588973999023
loss_total = 14.260162353515625
loss_value = 1.0234375
step = 156
value_mean = -1.0
