entropy_mean = 2.037099838256836
loss_policy = 2.1370110511779785
loss_total = 7.906552314758301
loss_value = 1.0156219005584717
step = 1671
value_mean = 0.9999990463256836
