entropy_mean = 3.927753210067749
loss_policy = 4.316222667694092
loss_total = 10.695561408996582
loss_value = 0.9999920129776001
step = 1027
value_mean = -0.9999967813491821
