entropy_mean = 4.531739234924316
loss_policy = 5.508864402770996
loss_total = 12.616170883178711
loss_value = 0.9921875
step = 560
value_mean = -1.0
