entropy_mean = 3.8117332458496094
loss_policy = 3.9729537963867188
loss_total = 10.279473304748535
loss_value = 0.9921734929084778
step = 1079
value_mean = -0.999991774559021
