entropy_mean = 4.350696563720703
loss_policy = 4.714315414428711
loss_total = 11.417623519897461
loss_value = 1.0
step = 787
value_mean = -1.0
