entropy_mean = 1.521353840827942
loss_policy = 1.7850704193115234
loss_total = 7.01217794418335
loss_value = 1.046875
step = 2191
value_mean = -1.0
