entropy_mean = 4.935402870178223
loss_policy = 5.069740295410156
loss_total = 11.922896385192871
loss_value = 0.9999911785125732
step = 701
value_mean = -0.9999970197677612
