entropy_mean = 1.700238823890686
loss_policy = 1.8214787244796753
loss_total = 7.0823187828063965
loss_value = 1.0
step = 2117
value_mean = -1.0
