entropy_mean = 2.6878881454467773
loss_policy = 2.8452305793762207
loss_total = 8.812769889831543
loss_value = 0.9999996423721313
step = 1460
value_mean = 0.9999997615814209
