entropy_mean = 1.648085355758667
loss_policy = 1.736476182937622
loss_total = 6.650688648223877
loss_value = 1.0
step = 2417
value_mean = -1.0
