entropy_mean = 4.644112586975098
loss_policy = 5.110515594482422
loss_total = 12.141921997070312
loss_value = 1.0234375
step = 613
value_mean = -1.0
