entropy_mean = 1.5511078834533691
loss_policy = 1.5297342538833618
loss_total = 6.4984917640686035
loss_value = 1.0
step = 2373
value_mean = -1.0
