entropy_mean = 1.522559642791748
loss_policy = 1.6422879695892334
loss_total = 6.0036444664001465
loss_value = 1.0
step = 2873
value_mean = -1.0
