entropy_mean = 1.7354496717453003
loss_policy = 1.799072265625
loss_total = 7.084749221801758
loss_value = 0.9921875
step = 2090
value_mean = -1.0
