entropy_mean = 4.1060943603515625
loss_policy = 4.522528648376465
loss_total = 10.98055648803711
loss_value = 1.023437261581421
step = 984
value_mean = -1.0
