entropy_mean = 1.5173259973526
loss_policy = 1.5128958225250244
loss_total = 6.401236057281494
loss_value = 1.0
step = 2436
value_mean = -1.0
