entropy_mean = 1.5180712938308716
loss_policy = 1.6711905002593994
loss_total = 6.882532119750977
loss_value = 1.0
step = 2162
value_mean = -1.0
