entropy_mean = 1.4452183246612549
loss_policy = 2.006263017654419
loss_total = 7.442537307739258
loss_value = 0.9995957612991333
step = 1960
value_mean = 0.9997813701629639
