entropy_mean = 1.6207152605056763
loss_policy = 1.8744113445281982
loss_total = 7.585597515106201
loss_value = 0.9999955296516418
step = 1710
value_mean = 0.9999974966049194
