entropy_mean = 2.1526031494140625
loss_policy = 2.074023962020874
loss_total = 7.781432628631592
loss_value = 1.0234299898147583
step = 1735
value_mean = 0.9999960660934448
