entropy_mean = 5.734686851501465
loss_policy = 6.312978744506836
loss_total = 13.943777084350586
loss_value = 0.9999850988388062
step = 281
value_mean = -0.9999909400939941
