entropy_mean = 1.6211535930633545
loss_policy = 1.8000683784484863
loss_total = 6.906171798706055
loss_value = 1.0
step = 2257
value_mean = -1.0
