entropy_mean = 4.455549240112305
loss_policy = 4.9795708656311035
loss_total = 11.623388290405273
loss_value = 0.9999998211860657
step = 827
value_mean = -1.0
