entropy_mean = 1.7954399585723877
loss_policy = 1.8151614665985107
loss_total = 7.243165016174316
loss_value = 0.9841923117637634
step = 1954
value_mean = 0.9999074339866638
