entropy_mean = 4.814047813415527
loss_policy = 5.170585632324219
loss_total = 12.227957725524902
loss_value = 0.9921861886978149
step = 586
value_mean = -0.9999992251396179
