entropy_mean = 4.410482406616211
loss_policy = 5.099009990692139
loss_total = 12.496529579162598
loss_value = 1.046875
step = 454
value_mean = -1.0
