entropy_mean = 5.024421215057373
loss_policy = 5.22161865234375
loss_total = 12.745997428894043
loss_value = 1.0234375
step = 367
value_mean = -1.0
