entropy_mean = 1.3811521530151367
loss_policy = 1.616591215133667
loss_total = 6.379207611083984
loss_value = 1.0
step = 2532
value_mean = -1.0
