entropy_mean = 3.7334461212158203
loss_policy = 3.832105875015259
loss_total = 10.208515167236328
loss_value = 0.9999854564666748
step = 1029
value_mean = -0.9999953508377075
