entropy_mean = 4.779271125793457
loss_policy = 5.106969356536865
loss_total = 12.192899703979492
loss_value = 0.9999995231628418
step = 576
value_mean = -0.9999996423721313
