entropy_mean = 3.4684195518493652
loss_policy = 3.7350902557373047
loss_total = 10.048325538635254
loss_value = 0.9999402165412903
step = 1080
value_mean = -0.9999655485153198
