entropy_mean = 5.202082633972168
loss_policy = 6.0882110595703125
loss_total = 13.712404251098633
loss_value = 0.831382691860199
step = 121
value_mean = 0.7484391927719116
