entropy_mean = 1.5683963298797607
loss_policy = 1.6593172550201416
loss_total = 6.924725532531738
loss_value = 1.0
step = 2113
value_mean = -1.0
