entropy_mean = 2.361211061477661
loss_policy = 2.561530590057373
loss_total = 8.561989784240723
loss_value = 1.0156245231628418
step = 1444
value_mean = 0.9999998807907104
