entropy_mean = 5.659055709838867
loss_policy = 5.853392601013184
loss_total = 12.735401153564453
loss_value = 0.08713299036026001
step = 114
value_mean = -0.3030061721801758
