entropy_mean = 4.404770374298096
loss_policy = 5.457150936126709
loss_total = 12.805835723876953
loss_value = 1.0
step = 455
value_mean = -1.0
