entropy_mean = 1.5741267204284668
loss_policy = 1.6242878437042236
loss_total = 6.682031154632568
loss_value = 1.046875
step = 2337
value_mean = -1.0
