entropy_mean = 1.4960452318191528
loss_policy = 1.6273040771484375
loss_total = 7.091148376464844
loss_value = 0.9843116998672485
step = 1918
value_mean = 0.9999675154685974
