entropy_mean = 1.4037730693817139
loss_policy = 1.5367683172225952
loss_total = 6.506664276123047
loss_value = 1.0
step = 2372
value_mean = -1.0
