entropy_mean = 4.839187145233154
loss_policy = 5.231610298156738
loss_total = 12.184579849243164
loss_value = 0.9921875
step = 639
value_mean = -1.0
