entropy_mean = 5.129308223724365
loss_policy = 5.758072853088379
loss_total = 13.495445251464844
loss_value = 0.9999995231628418
step = 200
value_mean = -0.9999998211860657
