entropy_mean = 2.284788131713867
loss_policy = 2.300508499145508
loss_total = 8.225883483886719
loss_value = 1.0234365463256836
step = 1525
value_mean = 0.9999995231628418
