entropy_mean = 1.6476117372512817
loss_policy = 1.6327425241470337
loss_total = 6.560837745666504
loss_value = 1.0
step = 2406
value_mean = -1.0
