entropy_mean = 1.4349783658981323
loss_policy = 1.5676019191741943
loss_total = 6.361984729766846
loss_value = 1.046875
step = 2544
value_mean = -1.0
