entropy_mean = 4.0499491691589355
loss_policy = 4.410410404205322
loss_total = 10.838481903076172
loss_value = 0.9921868443489075
step = 983
value_mean = -0.9999998807907104
