entropy_mean = 2.3253440856933594
loss_policy = 2.4333279132843018
loss_total = 8.380964279174805
loss_value = 1.0234370231628418
step = 1503
value_mean = 0.9999997615814209
