entropy_mean = 4.557768821716309
loss_policy = 5.829872131347656
loss_total = 13.190411567687988
loss_value = 1.0
step = 449
value_mean = -1.0
