entropy_mean = 3.0434954166412354
loss_policy = 2.788304567337036
loss_total = 8.845542907714844
loss_value = 1.0234256982803345
step = 1394
value_mean = 0.999994158744812
