entropy_mean = 1.9588465690612793
loss_policy = 2.346773624420166
loss_total = 8.117016792297363
loss_value = 0.9921839237213135
step = 1646
value_mean = 0.9999982118606567
