entropy_mean = 4.854355335235596
loss_policy = 5.986058235168457
loss_total = 13.780488967895508
loss_value = 1.0234375
step = 155
value_mean = -1.0
