entropy_mean = 1.6411159038543701
loss_policy = 1.6780577898025513
loss_total = 6.937809944152832
loss_value = 1.0
step = 2118
value_mean = -1.0
