entropy_mean = 2.5230326652526855
loss_policy = 2.535402297973633
loss_total = 8.430259704589844
loss_value = 0.9999984502792358
step = 1532
value_mean = 0.9999990463256836
