entropy_mean = 1.7311657667160034
loss_policy = 2.1290054321289062
loss_total = 7.69422721862793
loss_value = 0.9999861121177673
step = 1842
value_mean = 0.999993085861206
