entropy_mean = 1.3612825870513916
loss_policy = 1.5044853687286377
loss_total = 6.033940315246582
loss_value = 0.9921875
step = 2725
value_mean = -1.0
