entropy_mean = 1.4417049884796143
loss_policy = 1.4723358154296875
loss_total = 5.841310977935791
loss_value = 1.0
step = 2867
value_mean = -1.0
