entropy_mean = 1.7393423318862915
loss_policy = 1.5594632625579834
loss_total = 6.758611679077148
loss_value = 1.0
step = 2173
value_mean = -1.0
