entropy_mean = 3.7788867950439453
loss_policy = 4.087606430053711
loss_total = 10.432548522949219
loss_value = 0.9921830892562866
step = 1046
value_mean = -0.9999977350234985
