entropy_mean = 1.5694210529327393
loss_policy = 1.6609313488006592
loss_total = 6.547835826873779
loss_value = 1.0
step = 2437
value_mean = -1.0
