entropy_mean = 1.836019515991211
loss_policy = 1.9581396579742432
loss_total = 7.596922874450684
loss_value = 0.9921784400939941
step = 1771
value_mean = 0.9999955296516418
