entropy_mean = 1.3543298244476318
loss_policy = 1.4725556373596191
loss_total = 5.89320707321167
loss_value = 0.9921875
step = 2818
value_mean = -1.0
