entropy_mean = 1.8446087837219238
loss_policy = 2.2558295726776123
loss_total = 8.015830993652344
loss_value = 0.9999951124191284
step = 1665
value_mean = 0.9999979734420776
