entropy_mean = 1.7954301834106445
loss_policy = 2.4092330932617188
loss_total = 8.113142967224121
loss_value = 1.0234270095825195
step = 1738
value_mean = 0.9999946355819702
