entropy_mean = 4.089179039001465
loss_policy = 4.663678169250488
loss_total = 11.266231536865234
loss_value = 0.999995231628418
step = 859
value_mean = -0.9999973773956299
