entropy_mean = 4.157205104827881
loss_policy = 4.778059959411621
loss_total = 11.48561954498291
loss_value = 0.9921875
step = 779
value_mean = -1.0
