entropy_mean = 1.9957234859466553
loss_policy = 2.02838397026062
loss_total = 7.668321132659912
loss_value = 0.992178201675415
step = 1770
value_mean = 0.9999943971633911
