entropy_mean = 1.7126928567886353
loss_policy = 1.9260050058364868
loss_total = 7.174248695373535
loss_value = 1.0
step = 2129
value_mean = -1.0
