entropy_mean = 1.4666328430175781
loss_policy = 1.5831029415130615
loss_total = 6.6166300773620605
loss_value = 1.0
step = 2319
value_mean = -1.0
