entropy_mean = 1.2951555252075195
loss_policy = 1.3886287212371826
loss_total = 5.951485633850098
loss_value = 0.9921875
step = 2698
value_mean = -1.0
