entropy_mean = 1.5516648292541504
loss_policy = 1.7227730751037598
loss_total = 7.0028395652771
loss_value = 1.0
step = 2101
value_mean = -1.0
