entropy_mean = 3.848015785217285
loss_policy = 4.398701190948486
loss_total = 10.845073699951172
loss_value = 0.9921872019767761
step = 970
value_mean = -0.9999998807907104
