entropy_mean = 1.2531105279922485
loss_policy = 1.6125030517578125
loss_total = 6.077622413635254
loss_value = 1.0
step = 2786
value_mean = -1.0
