entropy_mean = 1.3760441541671753
loss_policy = 1.46035897731781
loss_total = 6.2474846839904785
loss_value = 0.9921875
step = 2507
value_mean = -1.0
