entropy_mean = 1.7418701648712158
loss_policy = 1.8118765354156494
loss_total = 7.466290473937988
loss_value = 1.0468616485595703
step = 1805
value_mean = 0.9999938011169434
