entropy_mean = 4.9692463874816895
loss_policy = 4.83751916885376
loss_total = 11.702816009521484
loss_value = 0.9921871423721313
step = 690
value_mean = -0.9999998807907104
