entropy_mean = 1.473151445388794
loss_policy = 1.6448431015014648
loss_total = 6.34653377532959
loss_value = 1.0234375
step = 2606
value_mean = -1.0
