entropy_mean = 1.700270414352417
loss_policy = 1.709083080291748
loss_total = 6.884687423706055
loss_value = 0.9921875
step = 2188
value_mean = -1.0
