entropy_mean = 1.2983698844909668
loss_policy = 1.6395024061203003
loss_total = 6.02602481842041
loss_value = 1.0
step = 2852
value_mean = -1.0
