entropy_mean = 1.6247808933258057
loss_policy = 1.6757092475891113
loss_total = 6.5391435623168945
loss_value = 1.015625
step = 2466
value_mean = -1.0
