entropy_mean = 3.838024377822876
loss_policy = 4.1286773681640625
loss_total = 10.375467300415039
loss_value = 0.997298002243042
step = 1141
value_mean = 0.9695401787757874
