entropy_mean = 3.229444980621338
loss_policy = 3.5670220851898193
loss_total = 9.607991218566895
loss_value = 0.8645867109298706
step = 1215
value_mean = 0.048682212829589844
