entropy_mean = 4.533269882202148
loss_policy = 4.526299476623535
loss_total = 11.435993194580078
loss_value = 1.0468748807907104
step = 696
value_mean = -0.9999998807907104
