entropy_mean = 2.4577019214630127
loss_policy = 2.7340266704559326
loss_total = 8.692166328430176
loss_value = 0.9999996423721313
step = 1469
value_mean = 0.9999997615814209
