entropy_mean = 1.5829689502716064
loss_policy = 1.6552520990371704
loss_total = 6.768438816070557
loss_value = 1.015625
step = 2264
value_mean = -1.0
