entropy_mean = 1.7525625228881836
loss_policy = 1.671974539756775
loss_total = 6.805975914001465
loss_value = 1.0
step = 2233
value_mean = -1.0
