entropy_mean = 3.500681161880493
loss_policy = 3.7587594985961914
loss_total = 10.064016342163086
loss_value = 0.999992311000824
step = 1087
value_mean = -0.9999937415122986
