entropy_mean = 1.521862268447876
loss_policy = 1.7301621437072754
loss_total = 6.548404693603516
loss_value = 1.0
step = 2488
value_mean = -1.0
