entropy_mean = 1.3254244327545166
loss_policy = 1.7104276418685913
loss_total = 6.195260047912598
loss_value = 0.9921875
step = 2762
value_mean = -1.0
