entropy_mean = 3.755655527114868
loss_policy = 4.0030317306518555
loss_total = 10.32247543334961
loss_value = 0.999889075756073
step = 1074
value_mean = -0.9999265074729919
