entropy_mean = 1.895322322845459
loss_policy = 2.264021396636963
loss_total = 7.987150192260742
loss_value = 0.9921852350234985
step = 1693
value_mean = 0.9999987483024597
