entropy_mean = 1.757747769355774
loss_policy = 1.8791011571884155
loss_total = 7.525373458862305
loss_value = 0.9921785593032837
step = 1764
value_mean = 0.9999954104423523
