entropy_mean = 3.9946398735046387
loss_policy = 4.524811744689941
loss_total = 11.070667266845703
loss_value = 1.0
step = 898
value_mean = -1.0
