entropy_mean = 1.5133411884307861
loss_policy = 1.5923457145690918
loss_total = 6.55339241027832
loss_value = 1.0234375
step = 2399
value_mean = -1.0
