entropy_mean = 1.709307074546814
loss_policy = 1.6745328903198242
loss_total = 6.976810455322266
loss_value = 1.0234375
step = 2102
value_mean = -1.0
