entropy_mean = 4.978244304656982
loss_policy = 6.238687515258789
loss_total = 13.857898712158203
loss_value = 0.9999860525131226
step = 290
value_mean = -0.9999926686286926
