entropy_mean = 1.4209587574005127
loss_policy = 1.5459580421447754
loss_total = 6.201858043670654
loss_value = 0.984375
step = 2611
value_mean = -1.0
