entropy_mean = 1.6810734272003174
loss_policy = 1.6066352128982544
loss_total = 6.282069683074951
loss_value = 0.9921875
step = 2602
value_mean = -1.0
