entropy_mean = 5.61377477645874
loss_policy = 5.689499378204346
loss_total = 13.015361785888672
loss_value = 0.5196545124053955
step = 67
value_mean = -0.5818697214126587
