entropy_mean = 1.9171905517578125
loss_policy = 1.9500079154968262
loss_total = 7.466326713562012
loss_value = 1.0155478715896606
step = 1899
value_mean = 0.9999629259109497
