entropy_mean = 1.5869404077529907
loss_policy = 1.5787038803100586
loss_total = 6.844666481018066
loss_value = 1.0234375
step = 2135
value_mean = -1.0
