entropy_mean = 5.635988712310791
loss_policy = 5.836291313171387
loss_total = 13.590388298034668
loss_value = 0.9417339563369751
step = 43
value_mean = -0.8432650566101074
