entropy_mean = 2.9599037170410156
loss_policy = 3.9010396003723145
loss_total = 10.180765151977539
loss_value = 1.0
step = 1109
value_mean = 1.0
