entropy_mean = 2.1263914108276367
loss_policy = 2.009345054626465
loss_total = 7.7432026863098145
loss_value = 0.9921850562095642
step = 1683
value_mean = 0.9999988079071045
