entropy_mean = 1.3725450038909912
loss_policy = 1.5831091403961182
loss_total = 6.468633651733398
loss_value = 1.0
step = 2438
value_mean = -1.0
