entropy_mean = 5.44124698638916
loss_policy = 5.803031921386719
loss_total = 13.397745132446289
loss_value = 0.9999722838401794
step = 313
value_mean = -0.9999818801879883
