entropy_mean = 5.432497024536133
loss_policy = 8.382410049438477
loss_total = 16.19143295288086
loss_value = 0.991335928440094
step = 4
value_mean = 0.9995681047439575
