entropy_mean = 3.6783623695373535
loss_policy = 4.106881141662598
loss_total = 10.451766014099121
loss_value = 0.9999489188194275
step = 1052
value_mean = -0.9999819993972778
