entropy_mean = 4.010835647583008
loss_policy = 4.44874906539917
loss_total = 10.943432807922363
loss_value = 1.0234369039535522
step = 959
value_mean = -0.9999996423721313
