entropy_mean = 2.7576043605804443
loss_policy = 2.655719518661499
loss_total = 8.600759506225586
loss_value = 0.9999995231628418
step = 1482
value_mean = 0.9999996423721313
