entropy_mean = 5.223584175109863
loss_policy = 5.593806743621826
loss_total = 12.976179122924805
loss_value = 1.0
step = 436
value_mean = -1.0
