entropy_mean = 1.5039186477661133
loss_policy = 1.790130376815796
loss_total = 6.840838432312012
loss_value = 0.9921875
step = 2298
value_mean = -1.0
