entropy_mean = 4.905052185058594
loss_policy = 5.4676361083984375
loss_total = 13.046497344970703
loss_value = 0.9921302199363708
step = 319
value_mean = -0.9999736547470093
