entropy_mean = 1.6012179851531982
loss_policy = 1.5812129974365234
loss_total = 6.038429260253906
loss_value = 1.015625
step = 2806
value_mean = -1.0
