entropy_mean = 1.4901106357574463
loss_policy = 1.794374942779541
loss_total = 6.735546112060547
loss_value = 1.015625
step = 2408
value_mean = -1.0
