entropy_mean = 2.004512310028076
loss_policy = 2.2123148441314697
loss_total = 7.973320007324219
loss_value = 0.9999943971633911
step = 1664
value_mean = 0.9999974966049194
