entropy_mean = 1.6863514184951782
loss_policy = 1.854757308959961
loss_total = 7.1393961906433105
loss_value = 0.9921875
step = 2091
value_mean = -1.0
