entropy_mean = 2.1211555004119873
loss_policy = 2.6226398944854736
loss_total = 8.510576248168945
loss_value = 1.039061427116394
step = 1576
value_mean = 0.9999992847442627
