entropy_mean = 4.809148788452148
loss_policy = 5.441505432128906
loss_total = 13.007562637329102
loss_value = 1.046875
step = 359
value_mean = -1.0
