entropy_mean = 3.6561696529388428
loss_policy = 3.820643663406372
loss_total = 10.140049934387207
loss_value = 0.9921694993972778
step = 1067
value_mean = -0.9999902248382568
