entropy_mean = 5.075225830078125
loss_policy = 5.963686466217041
loss_total = 13.003705978393555
loss_value = 0.2440301775932312
step = 110
value_mean = -0.12596863508224487
