entropy_mean = 3.1676230430603027
loss_policy = 3.5211877822875977
loss_total = 9.677506446838379
loss_value = 0.9239197969436646
step = 1159
value_mean = -0.6524698734283447
