entropy_mean = 4.602288722991943
loss_policy = 5.085803031921387
loss_total = 12.13697624206543
loss_value = 1.0234375
step = 604
value_mean = -0.9999999403953552
