entropy_mean = 1.337784767150879
loss_policy = 1.4879937171936035
loss_total = 5.904618263244629
loss_value = 1.0
step = 2828
value_mean = -1.0
