entropy_mean = 2.291680097579956
loss_policy = 2.1908788681030273
loss_total = 7.887028694152832
loss_value = 0.9921822547912598
step = 1717
value_mean = 0.9999967813491821
