entropy_mean = 4.7455291748046875
loss_policy = 5.157092094421387
loss_total = 12.45555305480957
loss_value = 0.9921875
step = 478
value_mean = -1.0
