entropy_mean = 1.71880304813385
loss_policy = 1.9162070751190186
loss_total = 7.480739593505859
loss_value = 1.0233975648880005
step = 1864
value_mean = 0.9999802112579346
