entropy_mean = 5.401013374328613
loss_policy = 6.0548272132873535
loss_total = 13.856578826904297
loss_value = 0.9846349954605103
step = 18
value_mean = 0.9896903038024902
