entropy_mean = 4.170286178588867
loss_policy = 5.931775093078613
loss_total = 13.34749984741211
loss_value = 0.9921875
step = 409
value_mean = -1.0
