entropy_mean = 1.4738335609436035
loss_policy = 2.005613327026367
loss_total = 7.326767444610596
loss_value = 1.0234375
step = 2086
value_mean = -1.0
