entropy_mean = 2.5433273315429688
loss_policy = 2.643585205078125
loss_total = 8.658676147460938
loss_value = 1.0390623807907104
step = 1452
value_mean = 0.9999998807907104
