entropy_mean = 5.716606140136719
loss_policy = 5.828719615936279
loss_total = 13.577640533447266
loss_value = 0.936314046382904
step = 42
value_mean = -0.8725919723510742
