entropy_mean = 1.6949312686920166
loss_policy = 1.6286189556121826
loss_total = 6.340256690979004
loss_value = 1.0
step = 2578
value_mean = -1.0
