entropy_mean = 2.5537803173065186
loss_policy = 2.903242588043213
loss_total = 8.927985191345215
loss_value = 1.0234304666519165
step = 1428
value_mean = 0.999996542930603
