entropy_mean = 1.4211806058883667
loss_policy = 1.5512478351593018
loss_total = 6.504785537719727
loss_value = 1.046875
step = 2423
value_mean = -1.0
