entropy_mean = 2.442305088043213
loss_policy = 2.7936019897460938
loss_total = 8.771703720092773
loss_value = 0.9999998211860657
step = 1450
value_mean = 0.9999998807907104
