entropy_mean = 1.783227562904358
loss_policy = 2.114212989807129
loss_total = 7.942776203155518
loss_value = 0.999998927116394
step = 1597
value_mean = 0.9999995231628418
