entropy_mean = 1.7640812397003174
loss_policy = 1.9514598846435547
loss_total = 7.504698753356934
loss_value = 1.0155892372131348
step = 1867
value_mean = 0.9999774098396301
