entropy_mean = 4.110691070556641
loss_policy = 4.171553134918213
loss_total = 10.620086669921875
loss_value = 1.0468721389770508
step = 1010
value_mean = -0.999997615814209
