entropy_mean = 5.317629814147949
loss_policy = 5.868865013122559
loss_total = 13.546043395996094
loss_value = 0.9921839833259583
step = 243
value_mean = -0.9999980926513672
