entropy_mean = 4.060419082641602
loss_policy = 4.532566070556641
loss_total = 11.068319320678711
loss_value = 1.0
step = 906
value_mean = -1.0
