entropy_mean = 2.646272659301758
loss_policy = 3.0689005851745605
loss_total = 9.106546401977539
loss_value = 0.9421762824058533
step = 1305
value_mean = -0.45693978667259216
