entropy_mean = 1.2633979320526123
loss_policy = 1.606196403503418
loss_total = 6.333133220672607
loss_value = 1.0234375
step = 2585
value_mean = -1.0
