entropy_mean = 4.893763542175293
loss_policy = 5.0182390213012695
loss_total = 11.943018913269043
loss_value = 1.023432970046997
step = 673
value_mean = -0.9999963045120239
