entropy_mean = 1.3402351140975952
loss_policy = 1.5096213817596436
loss_total = 5.841657638549805
loss_value = 1.0
step = 2899
value_mean = -1.0
