entropy_mean = 1.4446303844451904
loss_policy = 1.5778182744979858
loss_total = 6.7765793800354
loss_value = 1.0234375
step = 2196
value_mean = -1.0
