entropy_mean = 1.464771032333374
loss_policy = 1.6679580211639404
loss_total = 6.307114601135254
loss_value = 1.0234375
step = 2659
value_mean = -1.0
