entropy_mean = 1.7671489715576172
loss_policy = 1.8906834125518799
loss_total = 7.108631134033203
loss_value = 1.0
step = 2156
value_mean = -1.0
