entropy_mean = 2.4821081161499023
loss_policy = 2.9608469009399414
loss_total = 8.251108169555664
loss_value = 0.22650572657585144
step = 1345
value_mean = -0.8205326199531555
