entropy_mean = 3.2171592712402344
loss_policy = 3.62007737159729
loss_total = 9.7843017578125
loss_value = 0.927109956741333
step = 1154
value_mean = -0.1373070776462555
