entropy_mean = 1.4302513599395752
loss_policy = 1.5062912702560425
loss_total = 6.044754981994629
loss_value = 1.0
step = 2724
value_mean = -1.0
