entropy_mean = 4.994091033935547
loss_policy = 5.121230125427246
loss_total = 12.39035415649414
loss_value = 0.9999980926513672
step = 492
value_mean = -0.9999994039535522
