entropy_mean = 3.127049446105957
loss_policy = 3.3701024055480957
loss_total = 9.508489608764648
loss_value = 0.9259468913078308
step = 1179
value_mean = 0.5834707617759705
