entropy_mean = 1.8242759704589844
loss_policy = 1.99111807346344
loss_total = 7.540899276733398
loss_value = 0.9921486973762512
step = 1849
value_mean = 0.9999790787696838
