entropy_mean = 3.046401023864746
loss_policy = 2.708500623703003
loss_total = 8.157062530517578
loss_value = 0.3930318355560303
step = 1357
value_mean = 0.3800368010997772
