entropy_mean = 5.7684407234191895
loss_policy = 5.849534034729004
loss_total = 13.179996490478516
loss_value = 0.5367937088012695
step = 118
value_mean = -0.4762174189090729
