entropy_mean = 1.5236811637878418
loss_policy = 1.625701904296875
loss_total = 6.344162940979004
loss_value = 1.0
step = 2572
value_mean = -1.0
