entropy_mean = 5.29118013381958
loss_policy = 6.503366947174072
loss_total = 14.316465377807617
loss_value = 0.9957387447357178
step = 15
value_mean = 0.9973030090332031
