entropy_mean = 4.252117156982422
loss_policy = 4.978797912597656
loss_total = 11.75008773803711
loss_value = 1.0
step = 744
value_mean = -1.0
