entropy_mean = 2.296151638031006
loss_policy = 2.171119451522827
loss_total = 7.957581996917725
loss_value = 1.0234318971633911
step = 1662
value_mean = 0.9999966621398926
