entropy_mean = 1.502908706665039
loss_policy = 1.5580312013626099
loss_total = 5.912786483764648
loss_value = 0.9921875
step = 2872
value_mean = -1.0
