entropy_mean = 4.971460342407227
loss_policy = 5.41484260559082
loss_total = 12.555036544799805
loss_value = 1.0
step = 549
value_mean = -1.0
