entropy_mean = 5.485564231872559
loss_policy = 5.756080627441406
loss_total = 13.482098579406738
loss_value = 0.9843741059303284
step = 195
value_mean = -0.9999997019767761
