entropy_mean = 4.051217079162598
loss_policy = 4.723321437835693
loss_total = 11.491090774536133
loss_value = 1.0
step = 746
value_mean = -1.0
