entropy_mean = 4.2738800048828125
loss_policy = 4.564809322357178
loss_total = 11.071999549865723
loss_value = 1.0234087705612183
step = 949
value_mean = -0.9999852180480957
