entropy_mean = 1.3098971843719482
loss_policy = 1.465369701385498
loss_total = 5.996610164642334
loss_value = 1.0
step = 2730
value_mean = -1.0
