entropy_mean = 2.8418800830841064
loss_policy = 2.86154842376709
loss_total = 8.893500328063965
loss_value = 1.0156245231628418
step = 1413
value_mean = 0.9999998211860657
