entropy_mean = 1.5685977935791016
loss_policy = 1.753852367401123
loss_total = 6.835555076599121
loss_value = 1.046875
step = 2318
value_mean = -1.0
