entropy_mean = 1.646188735961914
loss_policy = 1.5771400928497314
loss_total = 6.4938459396362305
loss_value = 1.0
step = 2415
value_mean = -1.0
