entropy_mean = 1.578747034072876
loss_policy = 1.5963603258132935
loss_total = 6.1798906326293945
loss_value = 1.0234375
step = 2706
value_mean = -1.0
