entropy_mean = 4.868491172790527
loss_policy = 5.243277549743652
loss_total = 12.252057075500488
loss_value = 0.992184579372406
step = 609
value_mean = -0.9999994039535522
