entropy_mean = 4.73000431060791
loss_policy = 4.906979560852051
loss_total = 11.713687896728516
loss_value = 1.015625
step = 734
value_mean = -1.0
