entropy_mean = 4.778927326202393
loss_policy = 5.38858699798584
loss_total = 12.446304321289062
loss_value = 1.0234373807907104
step = 601
value_mean = -1.0
