entropy_mean = 2.5633535385131836
loss_policy = 3.3600707054138184
loss_total = 9.494279861450195
loss_value = 0.9999967813491821
step = 1259
value_mean = -0.9999987483024597
