entropy_mean = 1.510995864868164
loss_policy = 1.5819106101989746
loss_total = 6.82338285446167
loss_value = 1.0
step = 2136
value_mean = -1.0
