entropy_mean = 1.6178311109542847
loss_policy = 1.8895506858825684
loss_total = 7.307577610015869
loss_value = 1.0390625
step = 2013
value_mean = -1.0
