entropy_mean = 1.593810796737671
loss_policy = 1.5723435878753662
loss_total = 6.454399108886719
loss_value = 1.0234375
step = 2458
value_mean = -1.0
