entropy_mean = 4.128982067108154
loss_policy = 4.576319217681885
loss_total = 11.076627731323242
loss_value = 0.9999969005584717
step = 935
value_mean = -0.999998927116394
