entropy_mean = 5.5612382888793945
loss_policy = 5.787491321563721
loss_total = 13.534544944763184
loss_value = 0.9999997019767761
step = 188
value_mean = -0.9999998211860657
