entropy_mean = 1.6821295022964478
loss_policy = 1.733433485031128
loss_total = 7.240405082702637
loss_value = 0.9921594858169556
step = 1887
value_mean = 0.9999840259552002
