entropy_mean = 3.5892457962036133
loss_policy = 3.9636921882629395
loss_total = 10.347826957702637
loss_value = 0.9921762943267822
step = 1018
value_mean = -0.9999942779541016
