entropy_mean = 2.1658737659454346
loss_policy = 2.472440719604492
loss_total = 8.39590835571289
loss_value = 0.984373927116394
step = 1488
value_mean = 0.9999995231628418
