entropy_mean = 2.3950228691101074
loss_policy = 2.7314090728759766
loss_total = 8.715116500854492
loss_value = 0.9999997019767761
step = 1445
value_mean = 0.9999998807907104
