entropy_mean = 3.5236968994140625
loss_policy = 3.692293882369995
loss_total = 9.971670150756836
loss_value = 1.0234375
step = 1134
value_mean = 1.0
