entropy_mean = 4.942228317260742
loss_policy = 5.703036308288574
loss_total = 13.104658126831055
loss_value = 0.984375
step = 413
value_mean = -1.0
