entropy_mean = 1.614113688468933
loss_policy = 1.942320466041565
loss_total = 7.474366188049316
loss_value = 0.9999614953994751
step = 1872
value_mean = 0.9999836683273315
