entropy_mean = 4.632129192352295
loss_policy = 5.313941955566406
loss_total = 12.195655822753906
loss_value = 0.9921655058860779
step = 680
value_mean = -0.9999923706054688
