entropy_mean = 2.8487253189086914
loss_policy = 2.8874197006225586
loss_total = 8.921883583068848
loss_value = 0.9414048194885254
step = 1308
value_mean = -0.629906177520752
