entropy_mean = 3.65811824798584
loss_policy = 3.925182819366455
loss_total = 10.292901992797852
loss_value = 0.9999850988388062
step = 1035
value_mean = -0.9999938011169434
