entropy_mean = 4.855968475341797
loss_policy = 6.253125190734863
loss_total = 13.885636329650879
loss_value = 1.0155904293060303
step = 292
value_mean = -0.9999803304672241
