entropy_mean = 1.4507766962051392
loss_policy = 1.6723829507827759
loss_total = 6.31566047668457
loss_value = 0.9921875
step = 2627
value_mean = -1.0
