entropy_mean = 1.575337290763855
loss_policy = 1.6969895362854004
loss_total = 6.446120262145996
loss_value = 1.0234375
step = 2565
value_mean = -1.0
