entropy_mean = 3.9902918338775635
loss_policy = 4.291606903076172
loss_total = 10.680213928222656
loss_value = 1.0077993869781494
step = 1026
value_mean = -0.9999925494194031
