entropy_mean = 1.4910550117492676
loss_policy = 1.5287891626358032
loss_total = 6.170916557312012
loss_value = 1.0
step = 2636
value_mean = -1.0
