entropy_mean = 5.36163854598999
loss_policy = 5.927363395690918
loss_total = 13.438438415527344
loss_value = 1.0234375
step = 373
value_mean = -1.0
