entropy_mean = 1.551314353942871
loss_policy = 1.7250158786773682
loss_total = 6.6776862144470215
loss_value = 1.0
step = 2387
value_mean = -1.0
