entropy_mean = 2.1496241092681885
loss_policy = 2.310206651687622
loss_total = 8.117036819458008
loss_value = 0.9999974966049194
step = 1618
value_mean = 0.9999988079071045
