entropy_mean = 4.774452209472656
loss_policy = 5.9232683181762695
loss_total = 13.522871017456055
loss_value = 0.992165744304657
step = 301
value_mean = -0.9999914765357971
