entropy_mean = 1.5794034004211426
loss_policy = 1.6373119354248047
loss_total = 6.525151252746582
loss_value = 0.9921875
step = 2431
value_mean = -1.0
