entropy_mean = 4.825581073760986
loss_policy = 5.740438461303711
loss_total = 13.198444366455078
loss_value = 1.0234375
step = 403
value_mean = -1.0
