entropy_mean = 1.6226255893707275
loss_policy = 1.751646876335144
loss_total = 7.052663803100586
loss_value = 1.0
step = 2083
value_mean = -1.0
