entropy_mean = 1.448409914970398
loss_policy = 1.4874120950698853
loss_total = 5.903079032897949
loss_value = 1.0390625
step = 2861
value_mean = -1.0
