entropy_mean = 5.3450517654418945
loss_policy = 5.723059177398682
loss_total = 13.356830596923828
loss_value = 0.9999904632568359
step = 279
value_mean = -0.9999947547912598
