entropy_mean = 1.4678974151611328
loss_policy = 1.5717885494232178
loss_total = 6.367825508117676
loss_value = 1.0234375
step = 2525
value_mean = -1.0
