entropy_mean = 1.5390522480010986
loss_policy = 1.7529693841934204
loss_total = 6.647132396697998
loss_value = 1.0
step = 2432
value_mean = -1.0
