entropy_mean = 1.6989095211029053
loss_policy = 1.6924080848693848
loss_total = 7.219306945800781
loss_value = 1.0155911445617676
step = 1890
value_mean = 0.9999832510948181
