entropy_mean = 3.2418880462646484
loss_policy = 3.5426688194274902
loss_total = 9.63352108001709
loss_value = 0.9503027200698853
step = 1252
value_mean = -0.9977163076400757
