entropy_mean = 1.493079662322998
loss_policy = 1.466095209121704
loss_total = 6.195946216583252
loss_value = 1.0
step = 2561
value_mean = -1.0
