entropy_mean = 1.4945216178894043
loss_policy = 1.6559092998504639
loss_total = 5.973482608795166
loss_value = 0.9921875
step = 2905
value_mean = -1.0
