entropy_mean = 1.8061563968658447
loss_policy = 2.2576375007629395
loss_total = 7.7490129470825195
loss_value = 1.0233073234558105
step = 1929
value_mean = 0.9999260902404785
