entropy_mean = 4.570398807525635
loss_policy = 5.413921356201172
loss_total = 12.923633575439453
loss_value = 1.015625
step = 370
value_mean = -1.0
