entropy_mean = 1.3778505325317383
loss_policy = 1.5983154773712158
loss_total = 6.686866283416748
loss_value = 1.0
step = 2271
value_mean = -1.0
