entropy_mean = 1.5820181369781494
loss_policy = 1.8720014095306396
loss_total = 7.393835067749023
loss_value = 1.0233927965164185
step = 1901
value_mean = 0.9999826550483704
