entropy_mean = 3.451033115386963
loss_policy = 3.7215888500213623
loss_total = 9.85800552368164
loss_value = 0.9002169966697693
step = 1155
value_mean = -0.11168716847896576
