entropy_mean = 2.5332722663879395
loss_policy = 2.669548988342285
loss_total = 8.707338333129883
loss_value = 1.0234370231628418
step = 1415
value_mean = 0.9999997615814209
