entropy_mean = 1.6192208528518677
loss_policy = 1.5788931846618652
loss_total = 6.327489376068115
loss_value = 1.0
step = 2543
value_mean = -1.0
