entropy_mean = 1.2540256977081299
loss_policy = 1.3887897729873657
loss_total = 5.855100631713867
loss_value = 1.0
step = 2785
value_mean = -1.0
