entropy_mean = 4.786484241485596
loss_policy = 5.3787102699279785
loss_total = 12.175222396850586
loss_value = 1.0234375
step = 743
value_mean = -1.0
