entropy_mean = 3.6865062713623047
loss_policy = 4.2416791915893555
loss_total = 10.680368423461914
loss_value = 1.0234360694885254
step = 999
value_mean = -0.9999993443489075
