entropy_mean = 1.4868402481079102
loss_policy = 1.4794600009918213
loss_total = 5.971617698669434
loss_value = 1.0234375
step = 2783
value_mean = -1.0
