entropy_mean = 5.473003387451172
loss_policy = 5.789922714233398
loss_total = 12.885372161865234
loss_value = 0.2907722294330597
step = 74
value_mean = 0.05950731039047241
