entropy_mean = 1.4163073301315308
loss_policy = 1.6298646926879883
loss_total = 6.884720802307129
loss_value = 1.0390625
step = 2158
value_mean = -1.0
