entropy_mean = 5.016301155090332
loss_policy = 5.281518936157227
loss_total = 12.823692321777344
loss_value = 0.9996211528778076
step = 347
value_mean = -0.999621570110321
