entropy_mean = 2.4530701637268066
loss_policy = 2.7901101112365723
loss_total = 8.73901653289795
loss_value = 1.0156242847442627
step = 1494
value_mean = 0.9999996423721313
