entropy_mean = 5.4311699867248535
loss_policy = 6.04965877532959
loss_total = 13.72920036315918
loss_value = 0.9999939203262329
step = 247
value_mean = -0.9999972581863403
