entropy_mean = 4.842813968658447
loss_policy = 5.281445026397705
loss_total = 12.334768295288086
loss_value = 1.0234371423721313
step = 603
value_mean = -0.9999998807907104
