entropy_mean = 1.378260612487793
loss_policy = 1.6402041912078857
loss_total = 6.826725959777832
loss_value = 1.0234375
step = 2208
value_mean = -1.0
