entropy_mean = 1.545379877090454
loss_policy = 1.7290890216827393
loss_total = 6.518218040466309
loss_value = 1.0
step = 2512
value_mean = -1.0
