entropy_mean = 3.654909610748291
loss_policy = 3.741208076477051
loss_total = 10.043612480163574
loss_value = 1.005828619003296
step = 1094
value_mean = -0.7262581586837769
