entropy_mean = 1.9059851169586182
loss_policy = 1.956678867340088
loss_total = 7.028535842895508
loss_value = 1.0
step = 2285
value_mean = -1.0
