entropy_mean = 3.024878978729248
loss_policy = 3.2888200283050537
loss_total = 9.288484573364258
loss_value = 0.814548909664154
step = 1206
value_mean = -0.2449275106191635
