entropy_mean = 1.4899873733520508
loss_policy = 1.7516272068023682
loss_total = 7.019232273101807
loss_value = 1.0390625
step = 2147
value_mean = -1.0
