entropy_mean = 2.8151333332061768
loss_policy = 3.0432302951812744
loss_total = 8.922394752502441
loss_value = 0.8053120374679565
step = 1332
value_mean = 0.9655559062957764
