entropy_mean = 5.112444877624512
loss_policy = 5.988413333892822
loss_total = 13.422821998596191
loss_value = 1.015625
step = 412
value_mean = -1.0
