entropy_mean = 5.924619674682617
loss_policy = 6.241458892822266
loss_total = 14.020435333251953
loss_value = 0.9999986886978149
step = 146
value_mean = -0.999999463558197
