entropy_mean = 3.4269018173217773
loss_policy = 3.848202705383301
loss_total = 10.181539535522461
loss_value = 0.9921723008155823
step = 1055
value_mean = -0.9999963045120239
