entropy_mean = 1.2757724523544312
loss_policy = 1.6223039627075195
loss_total = 6.124778747558594
loss_value = 1.046875
step = 2794
value_mean = -1.0
