entropy_mean = 5.485945701599121
loss_policy = 5.825640678405762
loss_total = 13.477849960327148
loss_value = 0.9921776056289673
step = 262
value_mean = -0.9999954104423523
