entropy_mean = 5.611047744750977
loss_policy = 5.803011894226074
loss_total = 13.516379356384277
loss_value = 1.0156223773956299
step = 234
value_mean = -0.9999982714653015
