entropy_mean = 1.4838277101516724
loss_policy = 1.4954683780670166
loss_total = 5.863092422485352
loss_value = 0.9921875
step = 2862
value_mean = -1.0
