entropy_mean = 1.5376276969909668
loss_policy = 1.541576623916626
loss_total = 6.012689113616943
loss_value = 1.0
step = 2781
value_mean = -1.0
