entropy_mean = 2.152296781539917
loss_policy = 2.2666542530059814
loss_total = 8.094684600830078
loss_value = 1.0234344005584717
step = 1620
value_mean = 0.9999986886978149
