entropy_mean = 5.686962127685547
loss_policy = 5.874667167663574
loss_total = 13.418569564819336
loss_value = 0.7352310419082642
step = 57
value_mean = 0.1509077250957489
