entropy_mean = 5.035660266876221
loss_policy = 5.817234992980957
loss_total = 13.469244956970215
loss_value = 0.9999939203262329
step = 267
value_mean = -0.9999967217445374
