entropy_mean = 1.292307734489441
loss_policy = 1.4569761753082275
loss_total = 6.017138481140137
loss_value = 0.9921875
step = 2700
value_mean = -1.0
