entropy_mean = 1.6642119884490967
loss_policy = 1.5942120552062988
loss_total = 6.726922512054443
loss_value = 1.0
step = 2234
value_mean = -1.0
