entropy_mean = 1.488643765449524
loss_policy = 1.5844550132751465
loss_total = 6.361059188842773
loss_value = 0.9921875
step = 2516
value_mean = -1.0
