entropy_mean = 1.5050476789474487
loss_policy = 1.829761028289795
loss_total = 6.919862270355225
loss_value = 1.0234375
step = 2290
value_mean = -1.0
