entropy_mean = 1.736027479171753
loss_policy = 2.0799169540405273
loss_total = 7.709090232849121
loss_value = 0.992140531539917
step = 1779
value_mean = 0.999974250793457
