entropy_mean = 2.2376222610473633
loss_policy = 2.182910680770874
loss_total = 8.04727554321289
loss_value = 0.9921867847442627
step = 1554
value_mean = 0.9999995827674866
