entropy_mean = 4.191866874694824
loss_policy = 5.008838176727295
loss_total = 11.551466941833496
loss_value = 1.0234375
step = 919
value_mean = -1.0
