entropy_mean = 1.5656991004943848
loss_policy = 1.6524385213851929
loss_total = 7.067323684692383
loss_value = 1.0
step = 1981
value_mean = -1.0
