entropy_mean = 2.1939940452575684
loss_policy = 2.562373638153076
loss_total = 8.476177215576172
loss_value = 0.9999996423721313
step = 1513
value_mean = 0.9999997615814209
