entropy_mean = 1.8915107250213623
loss_policy = 1.9744328260421753
loss_total = 7.654052734375
loss_value = 0.9921792149543762
step = 1732
value_mean = 0.9999964237213135
