entropy_mean = 4.135232925415039
loss_policy = 4.6505656242370605
loss_total = 11.17983341217041
loss_value = 0.9921872615814209
step = 905
value_mean = -0.9999998807907104
