entropy_mean = 1.9011366367340088
loss_policy = 2.148566722869873
loss_total = 7.81807279586792
loss_value = 0.9843704700469971
step = 1734
value_mean = 0.999997615814209
