entropy_mean = 2.6848859786987305
loss_policy = 2.8659753799438477
loss_total = 8.674781799316406
loss_value = 0.740190327167511
step = 1339
value_mean = 0.5087280869483948
