entropy_mean = 4.075218200683594
loss_policy = 5.070412635803223
loss_total = 11.849356651306152
loss_value = 1.0
step = 740
value_mean = -1.0
