entropy_mean = 1.4277777671813965
loss_policy = 1.562239170074463
loss_total = 6.286343574523926
loss_value = 0.9921875
step = 2559
value_mean = -1.0
