entropy_mean = 1.326967477798462
loss_policy = 1.5368871688842773
loss_total = 6.164711952209473
loss_value = 1.0234375
step = 2668
value_mean = -1.0
