entropy_mean = 1.1729800701141357
loss_policy = 1.5181636810302734
loss_total = 6.294882774353027
loss_value = 1.0234375
step = 2539
value_mean = -1.0
