entropy_mean = 4.015786170959473
loss_policy = 4.8760881423950195
loss_total = 11.62914752960205
loss_value = 0.9921875
step = 750
value_mean = -1.0
