entropy_mean = 1.3689054250717163
loss_policy = 1.5801355838775635
loss_total = 6.082067489624023
loss_value = 1.0
step = 2754
value_mean = -1.0
