entropy_mean = 5.433030128479004
loss_policy = 5.737725257873535
loss_total = 13.501129150390625
loss_value = 1.023437261581421
step = 197
value_mean = -0.9999998211860657
