entropy_mean = 1.794271469116211
loss_policy = 1.9124703407287598
loss_total = 7.451305389404297
loss_value = 1.0234375
step = 1922
value_mean = 1.0
