entropy_mean = 5.759286403656006
loss_policy = 6.037496089935303
loss_total = 13.381636619567871
loss_value = 0.5369992256164551
step = 63
value_mean = 0.5903074145317078
