entropy_mean = 5.4500627517700195
loss_policy = 5.839495658874512
loss_total = 13.539861679077148
loss_value = 0.9999998211860657
step = 240
value_mean = -0.9999999403953552
