entropy_mean = 3.927809953689575
loss_policy = 4.628350257873535
loss_total = 11.127230644226074
loss_value = 1.0234375
step = 983
value_mean = 1.0
