entropy_mean = 1.5905213356018066
loss_policy = 1.7797181606292725
loss_total = 7.068338394165039
loss_value = 1.0234360694885254
step = 2131
value_mean = 0.999999463558197
