entropy_mean = 2.698880195617676
loss_policy = 3.044398307800293
loss_total = 9.067792892456055
loss_value = 0.8275313377380371
step = 1243
value_mean = 0.4922025501728058
