entropy_mean = 4.4501848220825195
loss_policy = 5.167128086090088
loss_total = 12.133601188659668
loss_value = 0.9963622093200684
step = 649
value_mean = 0.9962985515594482
