entropy_mean = 1.8819838762283325
loss_policy = 2.1144886016845703
loss_total = 7.926309585571289
loss_value = 1.0234375
step = 1668
value_mean = 1.0
