entropy_mean = 4.398067951202393
loss_policy = 4.715715408325195
loss_total = 11.257944107055664
loss_value = 0.9999999403953552
step = 935
value_mean = 1.0
