entropy_mean = 1.6832836866378784
loss_policy = 1.7714486122131348
loss_total = 7.337973117828369
loss_value = 1.0
step = 1879
value_mean = 1.0
