entropy_mean = 5.41108512878418
loss_policy = 6.312901973724365
loss_total = 13.844263076782227
loss_value = 0.7508690357208252
step = 140
value_mean = 0.7478271126747131
