entropy_mean = 2.670196056365967
loss_policy = 2.7275547981262207
loss_total = 8.87923812866211
loss_value = 0.9342701435089111
step = 1217
value_mean = 0.8188818097114563
