entropy_mean = 3.9101815223693848
loss_policy = 4.58489990234375
loss_total = 11.211376190185547
loss_value = 1.0234375
step = 892
value_mean = 1.0
