entropy_mean = 2.3252482414245605
loss_policy = 2.604949712753296
loss_total = 8.775982856750488
loss_value = 1.0
step = 1276
value_mean = 1.0
