entropy_mean = 5.272768020629883
loss_policy = 5.824276924133301
loss_total = 13.571457862854004
loss_value = 0.9808000326156616
step = 171
value_mean = 0.9667160511016846
