entropy_mean = 1.4819262027740479
loss_policy = 1.6019313335418701
loss_total = 7.323962211608887
loss_value = 1.015625
step = 1744
value_mean = 1.0
