entropy_mean = 1.4319353103637695
loss_policy = 1.6261272430419922
loss_total = 7.016885280609131
loss_value = 0.9999999403953552
step = 2023
value_mean = 0.9999999403953552
