entropy_mean = 3.3156089782714844
loss_policy = 3.8369383811950684
loss_total = 10.184015274047852
loss_value = 0.9999997615814209
step = 1090
value_mean = 0.9999997615814209
