entropy_mean = 4.637953758239746
loss_policy = 5.700897216796875
loss_total = 13.273263931274414
loss_value = 1.0234375
step = 353
value_mean = 1.0
