entropy_mean = 1.6260340213775635
loss_policy = 1.9132473468780518
loss_total = 7.709049224853516
loss_value = 1.015625
step = 1676
value_mean = 1.0
