entropy_mean = 1.7891905307769775
loss_policy = 1.8775218725204468
loss_total = 7.8606791496276855
loss_value = 0.9921875
step = 1472
value_mean = 1.0
