entropy_mean = 5.803071975708008
loss_policy = 6.300085067749023
loss_total = 13.978879928588867
loss_value = 0.9999995231628418
step = 259
value_mean = -0.9999997615814209
