entropy_mean = 4.424975395202637
loss_policy = 4.965033531188965
loss_total = 11.813789367675781
loss_value = 1.013122797012329
step = 729
value_mean = -0.9592362642288208
