entropy_mean = 5.639135360717773
loss_policy = 5.862158298492432
loss_total = 13.332437515258789
loss_value = 0.6610782742500305
step = 55
value_mean = 0.5678979158401489
