entropy_mean = 5.774311065673828
loss_policy = 5.812532424926758
loss_total = 13.570509910583496
loss_value = 0.9432289004325867
step = 33
value_mean = 0.8429070711135864
