entropy_mean = 5.054525852203369
loss_policy = 6.147524833679199
loss_total = 13.854633331298828
loss_value = 0.9921874403953552
step = 226
value_mean = -1.0
