entropy_mean = 1.7124581336975098
loss_policy = 1.9450528621673584
loss_total = 7.684430122375488
loss_value = 1.0234375
step = 1735
value_mean = 1.0
