entropy_mean = 4.756765365600586
loss_policy = 5.617851257324219
loss_total = 12.784072875976562
loss_value = 0.9921875
step = 545
value_mean = 1.0
