entropy_mean = 1.5826351642608643
loss_policy = 1.5861890316009521
loss_total = 6.724146842956543
loss_value = 1.0
step = 2245
value_mean = 1.0
