entropy_mean = 1.6002012491226196
loss_policy = 1.734419584274292
loss_total = 7.032605171203613
loss_value = 1.0
step = 2101
value_mean = 1.0
