entropy_mean = 2.381345748901367
loss_policy = 2.5173134803771973
loss_total = 8.711007118225098
loss_value = 1.046875
step = 1304
value_mean = 1.0
