entropy_mean = 1.4362887144088745
loss_policy = 1.4738683700561523
loss_total = 6.829104423522949
loss_value = 1.0
step = 2054
value_mean = 1.0
