entropy_mean = 2.3756375312805176
loss_policy = 2.7145466804504395
loss_total = 8.883157730102539
loss_value = 1.0
step = 1279
value_mean = 1.0
