entropy_mean = 1.6781861782073975
loss_policy = 1.8598647117614746
loss_total = 7.216216087341309
loss_value = 1.0
step = 2053
value_mean = 1.0
