entropy_mean = 4.867719650268555
loss_policy = 4.888289451599121
loss_total = 12.008468627929688
loss_value = 0.8767138123512268
step = 512
value_mean = -0.49011561274528503
