entropy_mean = 1.5679969787597656
loss_policy = 1.6032954454421997
loss_total = 7.26111364364624
loss_value = 0.9999999403953552
step = 1795
value_mean = 1.0
