entropy_mean = 4.149177074432373
loss_policy = 4.045823097229004
loss_total = 10.434630393981934
loss_value = 0.9999079704284668
step = 1054
value_mean = 0.999976396560669
