entropy_mean = 4.303378582000732
loss_policy = 4.710847854614258
loss_total = 11.31293773651123
loss_value = 1.023437261581421
step = 910
value_mean = 0.9999999403953552
