entropy_mean = 1.5587235689163208
loss_policy = 1.696839451789856
loss_total = 7.073204040527344
loss_value = 0.9999992847442627
step = 2036
value_mean = 0.9999995231628418
