entropy_mean = 4.350878715515137
loss_policy = 4.861041069030762
loss_total = 11.536259651184082
loss_value = 0.7644128799438477
step = 684
value_mean = -0.7481093406677246
