entropy_mean = 4.481741428375244
loss_policy = 4.901884078979492
loss_total = 12.150964736938477
loss_value = 0.9966610670089722
step = 507
value_mean = -0.9611013531684875
