entropy_mean = 5.097134113311768
loss_policy = 6.391666412353516
loss_total = 14.087215423583984
loss_value = 0.9921875
step = 237
value_mean = -1.0
