entropy_mean = 4.527004718780518
loss_policy = 4.9273529052734375
loss_total = 11.771697998046875
loss_value = 0.9921851754188538
step = 718
value_mean = -0.9999953508377075
