entropy_mean = 3.374666452407837
loss_policy = 3.8452982902526855
loss_total = 10.185232162475586
loss_value = 1.0234359502792358
step = 1115
value_mean = 0.9999996423721313
