entropy_mean = 5.64863920211792
loss_policy = 5.854484558105469
loss_total = 13.153923034667969
loss_value = 0.49708443880081177
step = 84
value_mean = 0.5403539538383484
