entropy_mean = 4.581814765930176
loss_policy = 5.287546634674072
loss_total = 12.182083129882812
loss_value = 0.8947052955627441
step = 635
value_mean = -0.5746603012084961
