entropy_mean = 1.693125605583191
loss_policy = 1.737561583518982
loss_total = 7.125314712524414
loss_value = 1.0
step = 2026
value_mean = 1.0
