entropy_mean = 2.776289701461792
loss_policy = 3.05357027053833
loss_total = 9.283987045288086
loss_value = 0.9843618869781494
step = 1183
value_mean = 0.9999954700469971
