entropy_mean = 5.373908519744873
loss_policy = 6.7173991203308105
loss_total = 14.417668342590332
loss_value = 1.0234375
step = 261
value_mean = -1.0
