entropy_mean = 1.7828853130340576
loss_policy = 2.017599105834961
loss_total = 7.928574562072754
loss_value = 1.0234375
step = 1573
value_mean = 1.0
