entropy_mean = 1.5524981021881104
loss_policy = 1.6476649045944214
loss_total = 6.784420490264893
loss_value = 0.9999998807907104
step = 2246
value_mean = 0.9999998807907104
