entropy_mean = 5.550337314605713
loss_policy = 6.061313629150391
loss_total = 13.823966026306152
loss_value = 1.0156244039535522
step = 193
value_mean = -0.9999997615814209
