entropy_mean = 5.63336181640625
loss_policy = 6.34110689163208
loss_total = 13.522769927978516
loss_value = 0.40782827138900757
step = 155
value_mean = 0.5735208988189697
