entropy_mean = 5.671799659729004
loss_policy = 5.837930679321289
loss_total = 13.416839599609375
loss_value = 0.788174033164978
step = 120
value_mean = -0.8446290493011475
