entropy_mean = 1.6867700815200806
loss_policy = 1.7770392894744873
loss_total = 7.151371955871582
loss_value = 1.0234375
step = 2058
value_mean = 1.0
