entropy_mean = 1.5257554054260254
loss_policy = 1.722460150718689
loss_total = 7.203252792358398
loss_value = 1.0
step = 1949
value_mean = 1.0
