entropy_mean = 2.6714701652526855
loss_policy = 2.732241630554199
loss_total = 8.882257461547852
loss_value = 0.9765625
step = 1273
value_mean = 1.0
