entropy_mean = 4.083148002624512
loss_policy = 4.961062431335449
loss_total = 11.519842147827148
loss_value = 1.0
step = 923
value_mean = 1.0
