entropy_mean = 4.6580610275268555
loss_policy = 5.5496296882629395
loss_total = 12.90273666381836
loss_value = 1.0099307298660278
step = 460
value_mean = 0.853603720664978
