entropy_mean = 2.391406774520874
loss_policy = 3.022064685821533
loss_total = 9.138355255126953
loss_value = 0.9186804294586182
step = 1241
value_mean = -0.016766171902418137
