entropy_mean = 1.5805637836456299
loss_policy = 1.7163619995117188
loss_total = 7.122899055480957
loss_value = 1.0
step = 2011
value_mean = 1.0
