entropy_mean = 4.672820091247559
loss_policy = 5.404509544372559
loss_total = 12.744626998901367
loss_value = 1.046875
step = 484
value_mean = -1.0
