entropy_mean = 4.407229900360107
loss_policy = 5.063551425933838
loss_total = 11.80563735961914
loss_value = 1.0207308530807495
step = 805
value_mean = -0.9824610948562622
