entropy_mean = 2.272120952606201
loss_policy = 2.337857484817505
loss_total = 8.397550582885742
loss_value = 1.0
step = 1399
value_mean = 1.0
