entropy_mean = 5.5752787590026855
loss_policy = 6.282834053039551
loss_total = 14.054220199584961
loss_value = 0.9556440711021423
step = 28
value_mean = 0.9397622346878052
