entropy_mean = 5.638028621673584
loss_policy = 6.361455917358398
loss_total = 13.873583793640137
loss_value = 0.9921875
step = 372
value_mean = 1.0
