entropy_mean = 4.370663166046143
loss_policy = 4.669557571411133
loss_total = 11.461627960205078
loss_value = 1.0233207941055298
step = 774
value_mean = -0.9999901056289673
