entropy_mean = 4.670232772827148
loss_policy = 5.036165237426758
loss_total = 12.2320556640625
loss_value = 0.9836603403091431
step = 528
value_mean = 0.8404833078384399
