entropy_mean = 1.6103756427764893
loss_policy = 1.8051400184631348
loss_total = 7.168493747711182
loss_value = 1.0
step = 2047
value_mean = 1.0
