entropy_mean = 5.437075614929199
loss_policy = 5.819027423858643
loss_total = 13.621732711791992
loss_value = 1.0334643125534058
step = 166
value_mean = 0.996614933013916
