entropy_mean = 1.533310890197754
loss_policy = 1.7405948638916016
loss_total = 7.112298011779785
loss_value = 0.9999986886978149
step = 2040
value_mean = 0.9999997019767761
