entropy_mean = 6.114779949188232
loss_policy = 6.084179401397705
loss_total = 13.708016395568848
loss_value = 0.9999901056289673
step = 304
value_mean = -0.999995231628418
