entropy_mean = 3.879420757293701
loss_policy = 5.2013163566589355
loss_total = 12.055377960205078
loss_value = 0.984375
step = 707
value_mean = -1.0
