entropy_mean = 1.4211183786392212
loss_policy = 1.5318737030029297
loss_total = 6.781110763549805
loss_value = 1.0
step = 2145
value_mean = 1.0
