entropy_mean = 5.608816146850586
loss_policy = 5.690882682800293
loss_total = 13.018674850463867
loss_value = 0.5215848684310913
step = 67
value_mean = -0.5900373458862305
