entropy_mean = 1.8290584087371826
loss_policy = 2.1248207092285156
loss_total = 8.130454063415527
loss_value = 1.015625
step = 1473
value_mean = 1.0
