entropy_mean = 1.5516393184661865
loss_policy = 1.6767702102661133
loss_total = 6.9661865234375
loss_value = 0.9921875
step = 2102
value_mean = 1.0
