entropy_mean = 1.5334020853042603
loss_policy = 1.8151793479919434
loss_total = 7.6100358963012695
loss_value = 1.023437261581421
step = 1684
value_mean = 0.9999998807907104
