entropy_mean = 4.307251453399658
loss_policy = 4.993847370147705
loss_total = 11.68647575378418
loss_value = 0.8771741390228271
step = 742
value_mean = -0.4857994019985199
