entropy_mean = 5.787471771240234
loss_policy = 6.138777732849121
loss_total = 13.784002304077148
loss_value = 0.999997615814209
step = 287
value_mean = -0.9999984502792358
