entropy_mean = 1.6740522384643555
loss_policy = 1.8835073709487915
loss_total = 7.569736957550049
loss_value = 1.0234373807907104
step = 1790
value_mean = 0.9999999403953552
