entropy_mean = 1.5276858806610107
loss_policy = 1.5727384090423584
loss_total = 6.7304582595825195
loss_value = 1.0234365463256836
step = 2248
value_mean = 0.9999996423721313
