entropy_mean = 2.594663143157959
loss_policy = 2.521688938140869
loss_total = 8.683389663696289
loss_value = 1.046875
step = 1340
value_mean = 1.0
