entropy_mean = 5.989474296569824
loss_policy = 6.3449296951293945
loss_total = 13.988787651062012
loss_value = 0.9921821355819702
step = 282
value_mean = -0.9999960660934448
