entropy_mean = 1.8201699256896973
loss_policy = 2.1433827877044678
loss_total = 8.178986549377441
loss_value = 1.0
step = 1425
value_mean = 1.0
