entropy_mean = 1.6383955478668213
loss_policy = 1.873890995979309
loss_total = 7.50048303604126
loss_value = 1.0
step = 1823
value_mean = 1.0
