entropy_mean = 1.9272418022155762
loss_policy = 2.215928077697754
loss_total = 8.249246597290039
loss_value = 0.9921875
step = 1419
value_mean = 1.0
