entropy_mean = 1.8905526399612427
loss_policy = 1.9353398084640503
loss_total = 7.860992431640625
loss_value = 0.984375
step = 1521
value_mean = 1.0
