entropy_mean = 1.6675809621810913
loss_policy = 1.8093186616897583
loss_total = 7.481388092041016
loss_value = 1.0
step = 1781
value_mean = 1.0
