entropy_mean = 1.604001760482788
loss_policy = 1.8801809549331665
loss_total = 7.603188514709473
loss_value = 1.0234375
step = 1751
value_mean = 1.0
