entropy_mean = 5.854316711425781
loss_policy = 6.67414665222168
loss_total = 14.199312210083008
loss_value = 0.7432273626327515
step = 137
value_mean = 0.3937144875526428
