entropy_mean = 5.688726425170898
loss_policy = 6.4880218505859375
loss_total = 14.184074401855469
loss_value = 0.984375
step = 229
value_mean = -1.0
