entropy_mean = 4.132174491882324
loss_policy = 4.442450523376465
loss_total = 11.060200691223145
loss_value = 0.9921875
step = 877
value_mean = 1.0
