entropy_mean = 4.398068428039551
loss_policy = 5.119773864746094
loss_total = 12.229812622070312
loss_value = 1.0
step = 578
value_mean = 1.0
