entropy_mean = 4.288661003112793
loss_policy = 4.755334377288818
loss_total = 11.478508949279785
loss_value = 0.9921783208847046
step = 799
value_mean = -0.9999967217445374
