entropy_mean = 1.6239936351776123
loss_policy = 1.8416613340377808
loss_total = 7.282616138458252
loss_value = 1.023437261581421
step = 2003
value_mean = 0.9999998807907104
