entropy_mean = 1.5267118215560913
loss_policy = 1.5897653102874756
loss_total = 7.156522274017334
loss_value = 0.9921875
step = 1873
value_mean = 1.0
