entropy_mean = 4.6797637939453125
loss_policy = 4.899314880371094
loss_total = 12.074250221252441
loss_value = 0.9752230644226074
step = 534
value_mean = 0.3034343719482422
