entropy_mean = 1.6158746480941772
loss_policy = 1.7916920185089111
loss_total = 6.914363861083984
loss_value = 1.0
step = 2257
value_mean = 1.0
