entropy_mean = 1.9344184398651123
loss_policy = 2.531200885772705
loss_total = 8.636752128601074
loss_value = 1.0
step = 1351
value_mean = 1.0
