entropy_mean = 4.389980316162109
loss_policy = 5.003878593444824
loss_total = 11.594303131103516
loss_value = 1.0
step = 901
value_mean = 1.0
