entropy_mean = 1.4790419340133667
loss_policy = 1.8001636266708374
loss_total = 7.52692174911499
loss_value = 1.0
step = 1726
value_mean = 1.0
