entropy_mean = 1.5897796154022217
loss_policy = 1.7979897260665894
loss_total = 7.483397960662842
loss_value = 0.9999996423721313
step = 1766
value_mean = 0.9999998807907104
