entropy_mean = 4.5810699462890625
loss_policy = 5.098626613616943
loss_total = 12.188780784606934
loss_value = 1.0
step = 588
value_mean = 1.0
