entropy_mean = 4.228060722351074
loss_policy = 4.6324143409729
loss_total = 11.2725830078125
loss_value = 0.984375
step = 853
value_mean = 1.0
