entropy_mean = 5.1108903884887695
loss_policy = 5.404048919677734
loss_total = 12.92241382598877
loss_value = 1.0234375
step = 389
value_mean = 1.0
