entropy_mean = 5.2924652099609375
loss_policy = 6.031174659729004
loss_total = 13.783975601196289
loss_value = 1.015625
step = 203
value_mean = -1.0
