entropy_mean = 2.4473493099212646
loss_policy = 2.486550807952881
loss_total = 8.626846313476562
loss_value = 1.0
step = 1311
value_mean = 1.0
