entropy_mean = 4.317400932312012
loss_policy = 4.787482261657715
loss_total = 11.376700401306152
loss_value = 1.0
step = 902
value_mean = 1.0
