entropy_mean = 3.1290669441223145
loss_policy = 3.3726277351379395
loss_total = 9.690361022949219
loss_value = 1.023436188697815
step = 1134
value_mean = 0.9999995231628418
