entropy_mean = 4.278894424438477
loss_policy = 4.993119239807129
loss_total = 11.66128158569336
loss_value = 1.0
step = 844
value_mean = 1.0
