entropy_mean = 5.2459917068481445
loss_policy = 5.97918701171875
loss_total = 13.708633422851562
loss_value = 1.015625
step = 227
value_mean = -1.0
