entropy_mean = 3.1273269653320312
loss_policy = 3.3053996562957764
loss_total = 9.576356887817383
loss_value = 1.007745385169983
step = 1164
value_mean = 0.9999784231185913
