entropy_mean = 5.722047328948975
loss_policy = 5.829751968383789
loss_total = 13.209538459777832
loss_value = 0.5910985469818115
step = 124
value_mean = 0.5234537124633789
