entropy_mean = 2.498215675354004
loss_policy = 2.706023931503296
loss_total = 8.85360050201416
loss_value = 0.9921875
step = 1295
value_mean = 1.0
