entropy_mean = 3.7685813903808594
loss_policy = 4.587632656097412
loss_total = 11.162687301635742
loss_value = 1.0234375
step = 928
value_mean = 1.0
