entropy_mean = 1.5926873683929443
loss_policy = 1.894963264465332
loss_total = 7.676174163818359
loss_value = 1.0
step = 1675
value_mean = 1.0
