entropy_mean = 5.648350238800049
loss_policy = 5.983260154724121
loss_total = 13.321706771850586
loss_value = 0.579814076423645
step = 180
value_mean = -0.9537895917892456
