entropy_mean = 5.093428134918213
loss_policy = 7.063059329986572
loss_total = 14.735057830810547
loss_value = 0.9921872615814209
step = 258
value_mean = -0.9999998807907104
