entropy_mean = 5.994514465332031
loss_policy = 5.846469879150391
loss_total = 13.024344444274902
loss_value = 0.3777046203613281
step = 92
value_mean = 0.40104585886001587
