entropy_mean = 1.8208928108215332
loss_policy = 2.2055015563964844
loss_total = 8.144804000854492
loss_value = 0.9921875
step = 1514
value_mean = 1.0
