entropy_mean = 4.762359619140625
loss_policy = 4.922995567321777
loss_total = 11.789291381835938
loss_value = 0.9679255485534668
step = 691
value_mean = 0.93352210521698
