entropy_mean = 1.9930851459503174
loss_policy = 1.9787358045578003
loss_total = 7.921364784240723
loss_value = 1.015625
step = 1537
value_mean = 1.0
