entropy_mean = 1.6440722942352295
loss_policy = 1.8073441982269287
loss_total = 7.199166297912598
loss_value = 0.9999974966049194
step = 2022
value_mean = 0.9999983310699463
