entropy_mean = 5.692656517028809
loss_policy = 5.870980739593506
loss_total = 13.282942771911621
loss_value = 0.6022250652313232
step = 53
value_mean = -0.20616504549980164
