entropy_mean = 4.552950859069824
loss_policy = 5.49241304397583
loss_total = 12.840083122253418
loss_value = 0.9521129727363586
step = 435
value_mean = 0.7200302481651306
