entropy_mean = 5.60213565826416
loss_policy = 5.740849494934082
loss_total = 13.341384887695312
loss_value = 0.7989513874053955
step = 87
value_mean = 0.5084620714187622
