entropy_mean = 1.5191435813903809
loss_policy = 1.7203150987625122
loss_total = 7.298298358917236
loss_value = 0.984375
step = 1857
value_mean = 1.0
