entropy_mean = 6.027785778045654
loss_policy = 5.860276222229004
loss_total = 13.240837097167969
loss_value = 0.5801070928573608
step = 91
value_mean = 0.1560324728488922
