entropy_mean = 1.761104702949524
loss_policy = 2.018674850463867
loss_total = 7.9802350997924805
loss_value = 1.0390625
step = 1541
value_mean = 1.0
