entropy_mean = 3.443643569946289
loss_policy = 3.2697620391845703
loss_total = 9.511628150939941
loss_value = 0.9921854734420776
step = 1179
value_mean = 0.9999985694885254
