entropy_mean = 1.6207778453826904
loss_policy = 1.6761317253112793
loss_total = 7.078464031219482
loss_value = 1.0156217813491821
step = 2027
value_mean = 0.9999984502792358
