entropy_mean = 1.6949541568756104
loss_policy = 1.9358627796173096
loss_total = 7.532586097717285
loss_value = 0.984375
step = 1838
value_mean = 1.0
