entropy_mean = 4.572956562042236
loss_policy = 5.216831207275391
loss_total = 12.312761306762695
loss_value = 1.0
step = 585
value_mean = 1.0
