entropy_mean = 1.8673121929168701
loss_policy = 2.1751937866210938
loss_total = 8.070599555969238
loss_value = 0.9921875
step = 1558
value_mean = 1.0
