entropy_mean = 4.587090492248535
loss_policy = 5.291150093078613
loss_total = 12.641206741333008
loss_value = 0.959309458732605
step = 437
value_mean = 0.8050752878189087
