entropy_mean = 5.614716529846191
loss_policy = 6.071218013763428
loss_total = 13.320586204528809
loss_value = 0.44292572140693665
step = 66
value_mean = -0.6422975659370422
