entropy_mean = 5.424382209777832
loss_policy = 6.052405834197998
loss_total = 13.705265998840332
loss_value = 1.045241117477417
step = 317
value_mean = -0.9988390207290649
