entropy_mean = 2.771088123321533
loss_policy = 3.0013813972473145
loss_total = 9.260540962219238
loss_value = 1.0232574939727783
step = 1195
value_mean = 0.999884307384491
