entropy_mean = 1.991625428199768
loss_policy = 2.313563346862793
loss_total = 8.368557929992676
loss_value = 1.0234375
step = 1429
value_mean = 1.0
