entropy_mean = 1.4512816667556763
loss_policy = 1.791149616241455
loss_total = 7.600861072540283
loss_value = 1.0234375
step = 1670
value_mean = 1.0
