entropy_mean = 1.5830674171447754
loss_policy = 1.821044921875
loss_total = 7.396895408630371
loss_value = 1.0
step = 1872
value_mean = 1.0
