entropy_mean = 1.4601681232452393
loss_policy = 1.6305114030838013
loss_total = 6.831864356994629
loss_value = 1.046874761581421
step = 2230
value_mean = 0.9999998807907104
