entropy_mean = 4.791562080383301
loss_policy = 5.0800886154174805
loss_total = 11.933652877807617
loss_value = 0.9999986886978149
step = 717
value_mean = -0.9999983310699463
