entropy_mean = 1.575837254524231
loss_policy = 1.8057482242584229
loss_total = 7.491023063659668
loss_value = 0.9921873211860657
step = 1758
value_mean = 0.9999999403953552
