entropy_mean = 2.294599771499634
loss_policy = 2.498016119003296
loss_total = 8.62401008605957
loss_value = 0.9921875
step = 1318
value_mean = 1.0
