entropy_mean = 1.749755620956421
loss_policy = 2.009829521179199
loss_total = 7.994166374206543
loss_value = 0.9999997615814209
step = 1479
value_mean = 0.9999999403953552
