entropy_mean = 1.937056303024292
loss_policy = 1.876539945602417
loss_total = 7.745743274688721
loss_value = 1.0
step = 1590
value_mean = 1.0
