entropy_mean = 4.440332412719727
loss_policy = 4.79518985748291
loss_total = 11.341794967651367
loss_value = 0.9921875
step = 926
value_mean = 1.0
