entropy_mean = 4.731930732727051
loss_policy = 5.530517578125
loss_total = 13.010921478271484
loss_value = 1.0
step = 396
value_mean = 1.0
