entropy_mean = 5.65499210357666
loss_policy = 5.664789199829102
loss_total = 13.21746826171875
loss_value = 0.7415871620178223
step = 48
value_mean = 0.26375800371170044
