entropy_mean = 2.071580410003662
loss_policy = 2.174023389816284
loss_total = 8.153156280517578
loss_value = 0.9765625
step = 1459
value_mean = 1.0
