entropy_mean = 5.018254280090332
loss_policy = 5.6299614906311035
loss_total = 12.861562728881836
loss_value = 0.9828011989593506
step = 509
value_mean = -0.8828575015068054
