entropy_mean = 4.736198902130127
loss_policy = 5.384512901306152
loss_total = 12.823643684387207
loss_value = 0.9999998211860657
step = 416
value_mean = 0.9999998211860657
