entropy_mean = 4.478628635406494
loss_policy = 5.207154273986816
loss_total = 12.466283798217773
loss_value = 0.9995850920677185
step = 503
value_mean = -0.9994605779647827
