entropy_mean = 3.2251458168029785
loss_policy = 3.6163763999938965
loss_total = 9.927244186401367
loss_value = 0.9999994039535522
step = 1120
value_mean = 0.9999995231628418
