entropy_mean = 2.0196759700775146
loss_policy = 2.2980880737304688
loss_total = 8.408756256103516
loss_value = 1.0
step = 1345
value_mean = 1.0
