entropy_mean = 1.5488826036453247
loss_policy = 1.6612881422042847
loss_total = 6.988279342651367
loss_value = 1.0
step = 2077
value_mean = 1.0
