entropy_mean = 2.168858051300049
loss_policy = 2.3647260665893555
loss_total = 8.489797592163086
loss_value = 0.9921875
step = 1319
value_mean = 1.0
