entropy_mean = 1.4987750053405762
loss_policy = 1.696338176727295
loss_total = 6.878693580627441
loss_value = 0.9843747019767761
step = 2191
value_mean = 0.9999997615814209
