entropy_mean = 2.960036516189575
loss_policy = 3.0369701385498047
loss_total = 9.108527183532715
loss_value = 0.8774221539497375
step = 1245
value_mean = -0.0437246635556221
