entropy_mean = 1.7347137928009033
loss_policy = 1.9663794040679932
loss_total = 7.664727210998535
loss_value = 1.015625
step = 1769
value_mean = 1.0
