entropy_mean = 5.085204124450684
loss_policy = 5.348761081695557
loss_total = 12.82706069946289
loss_value = 1.0
step = 397
value_mean = 1.0
