entropy_mean = 4.9786505699157715
loss_policy = 5.589361667633057
loss_total = 13.136176109313965
loss_value = 0.9578765630722046
step = 330
value_mean = -0.8758857846260071
