entropy_mean = 1.5601705312728882
loss_policy = 1.6479991674423218
loss_total = 7.238503456115723
loss_value = 1.0
step = 1860
value_mean = 1.0
