entropy_mean = 2.0353589057922363
loss_policy = 2.155287027359009
loss_total = 8.166854858398438
loss_value = 0.9921875
step = 1441
value_mean = 1.0
