entropy_mean = 1.8448847532272339
loss_policy = 2.067990779876709
loss_total = 7.877864360809326
loss_value = 1.015625
step = 1663
value_mean = 1.0
