entropy_mean = 3.6659905910491943
loss_policy = 4.204963684082031
loss_total = 10.653160095214844
loss_value = 1.0234317779541016
step = 1025
value_mean = 0.9999963045120239
