entropy_mean = 4.425915718078613
loss_policy = 5.021857261657715
loss_total = 12.204407691955566
loss_value = 0.945029079914093
step = 515
value_mean = 0.18245868384838104
