entropy_mean = 4.932395935058594
loss_policy = 5.129351615905762
loss_total = 11.901773452758789
loss_value = 0.7773555517196655
step = 637
value_mean = 0.7562912702560425
