entropy_mean = 1.827845811843872
loss_policy = 1.9432978630065918
loss_total = 7.87447452545166
loss_value = 0.9921875
step = 1524
value_mean = 1.0
