entropy_mean = 1.8816211223602295
loss_policy = 1.911782145500183
loss_total = 7.775059223175049
loss_value = 1.015625
step = 1611
value_mean = 1.0
