entropy_mean = 4.764241695404053
loss_policy = 5.66984748840332
loss_total = 13.046462059020996
loss_value = 0.9976502656936646
step = 442
value_mean = 0.7968569993972778
