entropy_mean = 4.393023490905762
loss_policy = 5.919934272766113
loss_total = 13.220474243164062
loss_value = 1.0
step = 480
value_mean = -1.0
