entropy_mean = 3.488036632537842
loss_policy = 3.828132152557373
loss_total = 10.22465991973877
loss_value = 1.023437261581421
step = 1067
value_mean = 0.9999998807907104
