entropy_mean = 3.355433464050293
loss_policy = 3.9868457317352295
loss_total = 10.326159477233887
loss_value = 0.9999924898147583
step = 1096
value_mean = 0.9999978542327881
