entropy_mean = 4.255932807922363
loss_policy = 4.652718544006348
loss_total = 11.333259582519531
loss_value = 0.795522928237915
step = 699
value_mean = -0.9129756689071655
