entropy_mean = 1.9405585527420044
loss_policy = 1.949402928352356
loss_total = 7.91452169418335
loss_value = 1.0
step = 1497
value_mean = 1.0
