entropy_mean = 1.553902506828308
loss_policy = 1.5954384803771973
loss_total = 6.8255510330200195
loss_value = 0.9999996423721313
step = 2163
value_mean = 0.9999998807907104
