entropy_mean = 1.6280131340026855
loss_policy = 1.7146573066711426
loss_total = 6.966050148010254
loss_value = 1.0234371423721313
step = 2165
value_mean = 0.9999998211860657
