entropy_mean = 1.469838261604309
loss_policy = 1.9097485542297363
loss_total = 7.752876281738281
loss_value = 1.015625
step = 1633
value_mean = 1.0
