entropy_mean = 5.6818952560424805
loss_policy = 6.005526065826416
loss_total = 13.690103530883789
loss_value = 0.8943207859992981
step = 121
value_mean = -0.9043613076210022
