entropy_mean = 4.238793849945068
loss_policy = 4.736432075500488
loss_total = 11.202627182006836
loss_value = 0.9921873807907104
step = 984
value_mean = 0.9999996423721313
