entropy_mean = 4.415164947509766
loss_policy = 5.622842311859131
loss_total = 13.148447036743164
loss_value = 1.0
step = 368
value_mean = 1.0
