entropy_mean = 5.695260047912598
loss_policy = 6.0714802742004395
loss_total = 13.76093864440918
loss_value = 1.0390584468841553
step = 283
value_mean = -0.9999973773956299
