entropy_mean = 1.5327588319778442
loss_policy = 1.7553761005401611
loss_total = 6.991914749145508
loss_value = 1.0
step = 2157
value_mean = 1.0
