entropy_mean = 2.027803421020508
loss_policy = 2.386491298675537
loss_total = 8.505390167236328
loss_value = 1.0
step = 1335
value_mean = 1.0
