entropy_mean = 2.0033035278320312
loss_policy = 2.3004629611968994
loss_total = 8.393285751342773
loss_value = 1.0
step = 1365
value_mean = 1.0
