entropy_mean = 1.6876649856567383
loss_policy = 1.688260793685913
loss_total = 7.408555030822754
loss_value = 1.0234375
step = 1754
value_mean = 1.0
