entropy_mean = 5.669648170471191
loss_policy = 5.924688339233398
loss_total = 13.659244537353516
loss_value = 0.9921873211860657
step = 198
value_mean = -0.9999998807907104
