entropy_mean = 1.7344131469726562
loss_policy = 1.752346158027649
loss_total = 7.525972366333008
loss_value = 1.0
step = 1682
value_mean = 1.0
