entropy_mean = 2.3361687660217285
loss_policy = 2.589676856994629
loss_total = 8.768487930297852
loss_value = 1.046875
step = 1320
value_mean = 1.0
