entropy_mean = 1.8396354913711548
loss_policy = 1.8233020305633545
loss_total = 7.460826873779297
loss_value = 1.0078125
step = 1820
value_mean = 1.0
