entropy_mean = 4.412598609924316
loss_policy = 4.905977725982666
loss_total = 11.612764358520508
loss_value = 1.046875
step = 850
value_mean = 1.0
