entropy_mean = 5.175995349884033
loss_policy = 5.821164608001709
loss_total = 13.334437370300293
loss_value = 0.9999998807907104
step = 377
value_mean = 0.9999999403953552
