entropy_mean = 5.6777873039245605
loss_policy = 6.042572975158691
loss_total = 13.856637954711914
loss_value = 0.9988890886306763
step = 31
value_mean = 0.9434306621551514
