entropy_mean = 1.6120741367340088
loss_policy = 1.804029941558838
loss_total = 7.551308631896973
loss_value = 1.0
step = 1706
value_mean = 1.0
