entropy_mean = 1.5612163543701172
loss_policy = 1.5684078931808472
loss_total = 6.822046756744385
loss_value = 1.0
step = 2141
value_mean = 1.0
