entropy_mean = 5.507154941558838
loss_policy = 5.971726417541504
loss_total = 13.440655708312988
loss_value = 0.6622583866119385
step = 65
value_mean = -0.008893009275197983
