entropy_mean = 1.7112706899642944
loss_policy = 1.7904772758483887
loss_total = 7.084558963775635
loss_value = 1.0
step = 2105
value_mean = 1.0
