entropy_mean = 5.697910785675049
loss_policy = 5.898495197296143
loss_total = 13.372682571411133
loss_value = 0.6641821265220642
step = 52
value_mean = -0.4611360728740692
