entropy_mean = 1.671020746231079
loss_policy = 1.9708545207977295
loss_total = 7.966670989990234
loss_value = 1.0234375
step = 1490
value_mean = 1.0
