entropy_mean = 1.9383165836334229
loss_policy = 1.9636282920837402
loss_total = 7.943002223968506
loss_value = 0.9999999403953552
step = 1484
value_mean = 1.0
