entropy_mean = 4.868656158447266
loss_policy = 5.006194114685059
loss_total = 11.85092544555664
loss_value = 0.9999021291732788
step = 723
value_mean = -0.9998720288276672
