entropy_mean = 4.20673942565918
loss_policy = 4.963939666748047
loss_total = 11.4663667678833
loss_value = 0.7922871112823486
step = 812
value_mean = -0.7505866289138794
