entropy_mean = 2.0608925819396973
loss_policy = 2.038323163986206
loss_total = 8.033239364624023
loss_value = 0.9765625
step = 1442
value_mean = 1.0
