entropy_mean = 1.7051303386688232
loss_policy = 1.8807653188705444
loss_total = 7.8043975830078125
loss_value = 1.0
step = 1540
value_mean = 1.0
