entropy_mean = 1.6349525451660156
loss_policy = 1.816624641418457
loss_total = 7.084191799163818
loss_value = 1.0
step = 2129
value_mean = 1.0
