entropy_mean = 4.425624847412109
loss_policy = 4.323845386505127
loss_total = 10.815589904785156
loss_value = 0.9999992847442627
step = 973
value_mean = 0.9999996423721313
