entropy_mean = 4.646162033081055
loss_policy = 5.222230911254883
loss_total = 11.975767135620117
loss_value = 0.939795970916748
step = 743
value_mean = -0.9015344977378845
