entropy_mean = 1.5395573377609253
loss_policy = 1.6624319553375244
loss_total = 6.835051536560059
loss_value = 0.9999963045120239
step = 2214
value_mean = 0.9999986290931702
