entropy_mean = 2.6007025241851807
loss_policy = 2.956557273864746
loss_total = 9.213743209838867
loss_value = 0.9999942779541016
step = 1171
value_mean = 0.9999969005584717
