entropy_mean = 2.1657345294952393
loss_policy = 2.353379249572754
loss_total = 8.506993293762207
loss_value = 1.0
step = 1297
value_mean = 1.0
