entropy_mean = 1.6096155643463135
loss_policy = 1.7943572998046875
loss_total = 7.466756820678711
loss_value = 1.015625
step = 1796
value_mean = 1.0
