entropy_mean = 3.7505552768707275
loss_policy = 4.196074485778809
loss_total = 10.571380615234375
loss_value = 0.9999998807907104
step = 1065
value_mean = 0.9999998807907104
