entropy_mean = 3.4951984882354736
loss_policy = 3.704594135284424
loss_total = 10.011991500854492
loss_value = 0.9999985098838806
step = 1123
value_mean = 0.9999988079071045
