entropy_mean = 4.3114013671875
loss_policy = 5.384177207946777
loss_total = 12.765260696411133
loss_value = 1.0105860233306885
step = 446
value_mean = 0.8966267704963684
