entropy_mean = 1.4827625751495361
loss_policy = 1.6972131729125977
loss_total = 6.936488151550293
loss_value = 1.015625
step = 2169
value_mean = 1.0
