entropy_mean = 4.465999126434326
loss_policy = 5.671331405639648
loss_total = 13.114892959594727
loss_value = 0.9843745231628418
step = 406
value_mean = 0.9999989867210388
