entropy_mean = 2.9198126792907715
loss_policy = 3.173694610595703
loss_total = 9.425636291503906
loss_value = 1.030238151550293
step = 1212
value_mean = -0.9435286521911621
