entropy_mean = 1.5203670263290405
loss_policy = 1.7503682374954224
loss_total = 7.575270175933838
loss_value = 1.046875
step = 1678
value_mean = 1.0
