entropy_mean = 4.536958694458008
loss_policy = 5.073431015014648
loss_total = 11.716178894042969
loss_value = 1.0
step = 863
value_mean = 1.0
