entropy_mean = 1.4843968152999878
loss_policy = 1.718955159187317
loss_total = 6.965019702911377
loss_value = 1.0
step = 2148
value_mean = 1.0
