entropy_mean = 5.621318817138672
loss_policy = 6.157614707946777
loss_total = 13.773077964782715
loss_value = 0.8023820519447327
step = 40
value_mean = -0.7686015367507935
