entropy_mean = 1.6570051908493042
loss_policy = 1.7035396099090576
loss_total = 6.842687129974365
loss_value = 0.9999993443489075
step = 2244
value_mean = 0.9999996423721313
