entropy_mean = 1.5691461563110352
loss_policy = 1.8927265405654907
loss_total = 7.594178199768066
loss_value = 1.0
step = 1749
value_mean = 1.0
