entropy_mean = 4.017040252685547
loss_policy = 4.460042476654053
loss_total = 10.971985816955566
loss_value = 1.0234367847442627
step = 975
value_mean = 0.9999998807907104
