entropy_mean = 4.238236427307129
loss_policy = 4.96085262298584
loss_total = 11.834931373596191
loss_value = 1.0233502388000488
step = 719
value_mean = -0.9999596476554871
