entropy_mean = 1.5595794916152954
loss_policy = 1.6261816024780273
loss_total = 6.875391960144043
loss_value = 1.0234375
step = 2167
value_mean = 1.0
