entropy_mean = 4.285250186920166
loss_policy = 4.762002468109131
loss_total = 11.515615463256836
loss_value = 0.9921872615814209
step = 779
value_mean = -0.9999998211860657
