entropy_mean = 4.644208908081055
loss_policy = 5.126260757446289
loss_total = 12.228105545043945
loss_value = 1.0
step = 582
value_mean = 1.0
