entropy_mean = 2.152539014816284
loss_policy = 2.229602813720703
loss_total = 8.180667877197266
loss_value = 1.0
step = 1510
value_mean = 1.0
