entropy_mean = 1.6011892557144165
loss_policy = 1.6613999605178833
loss_total = 7.561519622802734
loss_value = 0.9921875
step = 1554
value_mean = 1.0
