entropy_mean = 1.9931793212890625
loss_policy = 2.30716872215271
loss_total = 8.32758617401123
loss_value = 1.0
step = 1440
value_mean = 1.0
