entropy_mean = 2.598304033279419
loss_policy = 3.2969748973846436
loss_total = 9.579076766967773
loss_value = 0.9999971389770508
step = 1144
value_mean = 0.9999974966049194
