entropy_mean = 1.651688814163208
loss_policy = 1.7894562482833862
loss_total = 7.395510196685791
loss_value = 0.984375
step = 1828
value_mean = 1.0
