entropy_mean = 1.4819376468658447
loss_policy = 1.7773947715759277
loss_total = 7.394163608551025
loss_value = 0.9921875
step = 1825
value_mean = 1.0
