entropy_mean = 1.5313467979431152
loss_policy = 1.6466666460037231
loss_total = 6.791389465332031
loss_value = 0.9921875
step = 2232
value_mean = 1.0
