entropy_mean = 5.164856910705566
loss_policy = 6.192103385925293
loss_total = 13.931591033935547
loss_value = 1.015625
step = 217
value_mean = -1.0
