entropy_mean = 4.876224517822266
loss_policy = 5.592705249786377
loss_total = 12.86502456665039
loss_value = 0.9999992847442627
step = 496
value_mean = -0.9999986886978149
