entropy_mean = 4.377089977264404
loss_policy = 6.274492263793945
loss_total = 13.573091506958008
loss_value = 1.0
step = 481
value_mean = -1.0
