entropy_mean = 1.6593856811523438
loss_policy = 1.7534987926483154
loss_total = 7.404745578765869
loss_value = 1.0
step = 1801
value_mean = 1.0
