entropy_mean = 4.110627174377441
loss_policy = 4.485312461853027
loss_total = 11.03598403930664
loss_value = 1.023437261581421
step = 948
value_mean = 0.9999998211860657
