entropy_mean = 1.625015377998352
loss_policy = 1.7507147789001465
loss_total = 7.561098098754883
loss_value = 1.0
step = 1651
value_mean = 1.0
