entropy_mean = 4.899346351623535
loss_policy = 5.134554862976074
loss_total = 12.274332046508789
loss_value = 1.0
step = 564
value_mean = 1.0
