entropy_mean = 3.734808921813965
loss_policy = 4.412613868713379
loss_total = 10.831270217895508
loss_value = 0.9999940991401672
step = 1030
value_mean = 0.9999955892562866
