entropy_mean = 4.003182411193848
loss_policy = 4.825923919677734
loss_total = 11.456379890441895
loss_value = 1.0
step = 873
value_mean = 1.0
