entropy_mean = 1.37717866897583
loss_policy = 1.4769237041473389
loss_total = 6.696196556091309
loss_value = 1.0
step = 2173
value_mean = 1.0
