entropy_mean = 1.434563159942627
loss_policy = 1.6010679006576538
loss_total = 6.886727809906006
loss_value = 1.0
step = 2113
value_mean = 1.0
