entropy_mean = 2.3703806400299072
loss_policy = 2.707294225692749
loss_total = 8.908071517944336
loss_value = 1.0234375
step = 1268
value_mean = 1.0
