entropy_mean = 1.724705457687378
loss_policy = 2.2415430545806885
loss_total = 8.276846885681152
loss_value = 0.9921875
step = 1417
value_mean = 1.0
