entropy_mean = 3.866429567337036
loss_policy = 4.895438194274902
loss_total = 11.366082191467285
loss_value = 0.9921875
step = 981
value_mean = 1.0
