entropy_mean = 1.8845322132110596
loss_policy = 2.048311710357666
loss_total = 8.029559135437012
loss_value = 0.9921875
step = 1474
value_mean = 1.0
