entropy_mean = 5.885485649108887
loss_policy = 5.807072639465332
loss_total = 13.527627944946289
loss_value = 0.9269494414329529
step = 113
value_mean = -0.9114172458648682
