entropy_mean = 1.5327162742614746
loss_policy = 1.5681482553482056
loss_total = 6.992074012756348
loss_value = 1.0
step = 1998
value_mean = 1.0
