entropy_mean = 4.786552906036377
loss_policy = 5.1876540184021
loss_total = 12.462287902832031
loss_value = 0.9606930613517761
step = 474
value_mean = -0.9702940583229065
