entropy_mean = 1.515828013420105
loss_policy = 1.8003852367401123
loss_total = 7.597567558288574
loss_value = 0.9921875
step = 1655
value_mean = 1.0
