entropy_mean = 1.6169533729553223
loss_policy = 1.6127077341079712
loss_total = 6.809572219848633
loss_value = 1.0
step = 2192
value_mean = 1.0
