entropy_mean = 4.296138763427734
loss_policy = 4.350574016571045
loss_total = 10.880172729492188
loss_value = 0.999999463558197
step = 946
value_mean = 0.9999997615814209
