entropy_mean = 1.568996787071228
loss_policy = 1.664843201637268
loss_total = 7.279945373535156
loss_value = 1.0
step = 1835
value_mean = 1.0
