entropy_mean = 1.8598625659942627
loss_policy = 2.039947986602783
loss_total = 7.956000804901123
loss_value = 1.0234375
step = 1568
value_mean = 1.0
