entropy_mean = 4.65709114074707
loss_policy = 5.343040466308594
loss_total = 12.691048622131348
loss_value = 0.9915525913238525
step = 453
value_mean = 0.8600492477416992
