entropy_mean = 1.5675170421600342
loss_policy = 1.7491562366485596
loss_total = 7.4432268142700195
loss_value = 1.0
step = 1757
value_mean = 1.0
