entropy_mean = 3.541759967803955
loss_policy = 3.6827914714813232
loss_total = 9.997087478637695
loss_value = 0.9999998807907104
step = 1117
value_mean = 1.0
