entropy_mean = 5.650094509124756
loss_policy = 5.762423515319824
loss_total = 13.129621505737305
loss_value = 0.5759921669960022
step = 119
value_mean = -0.7859788537025452
