entropy_mean = 5.436160564422607
loss_policy = 5.933943748474121
loss_total = 13.493843078613281
loss_value = 0.991898775100708
step = 342
value_mean = 0.9999980330467224
