entropy_mean = 3.0669970512390137
loss_policy = 3.1428396701812744
loss_total = 9.366474151611328
loss_value = 0.9919852018356323
step = 1200
value_mean = 0.9998891353607178
