entropy_mean = 5.220852851867676
loss_policy = 5.8153181076049805
loss_total = 13.490226745605469
loss_value = 0.9999983310699463
step = 263
value_mean = -0.9999991655349731
