entropy_mean = 4.95281457901001
loss_policy = 5.227971076965332
loss_total = 12.314319610595703
loss_value = 1.0
step = 590
value_mean = 1.0
