entropy_mean = 1.5808541774749756
loss_policy = 1.5826388597488403
loss_total = 6.792459487915039
loss_value = 1.085933804512024
step = 2256
value_mean = 0.9999970197677612
