entropy_mean = 4.287896156311035
loss_policy = 5.632827281951904
loss_total = 13.082160949707031
loss_value = 0.9921866059303284
step = 407
value_mean = 0.9999992847442627
