entropy_mean = 1.5030019283294678
loss_policy = 1.6804563999176025
loss_total = 6.930703639984131
loss_value = 0.9921875
step = 2137
value_mean = 1.0
