entropy_mean = 1.8669965267181396
loss_policy = 2.1805074214935303
loss_total = 8.24618148803711
loss_value = 0.984375
step = 1376
value_mean = 1.0
