entropy_mean = 3.422558307647705
loss_policy = 4.012938499450684
loss_total = 10.409198760986328
loss_value = 0.9999657869338989
step = 1048
value_mean = 0.9999581575393677
