entropy_mean = 3.4619550704956055
loss_policy = 4.401565074920654
loss_total = 10.860679626464844
loss_value = 0.9999992847442627
step = 995
value_mean = 0.9999997019767761
