entropy_mean = 5.021938323974609
loss_policy = 5.292199611663818
loss_total = 12.570844650268555
loss_value = 0.9921875
step = 488
value_mean = -1.0
