entropy_mean = 1.9910839796066284
loss_policy = 2.37750244140625
loss_total = 8.344503402709961
loss_value = 1.0
step = 1495
value_mean = 1.0
