entropy_mean = 2.543910503387451
loss_policy = 2.944608449935913
loss_total = 9.112563133239746
loss_value = 0.9513943195343018
step = 1218
value_mean = 0.6437884569168091
