entropy_mean = 1.6755847930908203
loss_policy = 1.894644021987915
loss_total = 7.856313705444336
loss_value = 1.0234375
step = 1525
value_mean = 1.0
