entropy_mean = 1.5326422452926636
loss_policy = 1.620747447013855
loss_total = 6.83889627456665
loss_value = 0.9999999403953552
step = 2174
value_mean = 0.9999999403953552
