entropy_mean = 1.5989301204681396
loss_policy = 1.681081771850586
loss_total = 7.420235633850098
loss_value = 1.0
step = 1714
value_mean = 1.0
