entropy_mean = 1.7679343223571777
loss_policy = 1.907606601715088
loss_total = 7.848011016845703
loss_value = 1.015625
step = 1539
value_mean = 1.0
