entropy_mean = 3.6922574043273926
loss_policy = 3.8319926261901855
loss_total = 10.168933868408203
loss_value = 0.999996542930603
step = 1098
value_mean = 0.9999982118606567
