entropy_mean = 5.2371063232421875
loss_policy = 6.010398864746094
loss_total = 13.594282150268555
loss_value = 0.9835549592971802
step = 322
value_mean = -0.9992895126342773
