entropy_mean = 1.856078863143921
loss_policy = 1.9552204608917236
loss_total = 7.825566291809082
loss_value = 1.0
step = 1589
value_mean = 1.0
