entropy_mean = 3.5620310306549072
loss_policy = 3.70450496673584
loss_total = 10.02558708190918
loss_value = 0.9999995231628418
step = 1111
value_mean = 0.9999996423721313
