entropy_mean = 6.051548004150391
loss_policy = 5.988393783569336
loss_total = 13.677595138549805
loss_value = 0.9921874403953552
step = 243
value_mean = -1.0
