entropy_mean = 1.5504350662231445
loss_policy = 1.510119080543518
loss_total = 6.660041809082031
loss_value = 1.0234369039535522
step = 2254
value_mean = 0.9999989867210388
