entropy_mean = 1.6346460580825806
loss_policy = 1.9281622171401978
loss_total = 7.618249416351318
loss_value = 0.9999999403953552
step = 1761
value_mean = 0.9999999403953552
