entropy_mean = 2.584074020385742
loss_policy = 2.905214786529541
loss_total = 8.841273307800293
loss_value = 0.7427453994750977
step = 1246
value_mean = -0.008574930019676685
