entropy_mean = 2.905627727508545
loss_policy = 3.0743589401245117
loss_total = 9.211763381958008
loss_value = 0.925473153591156
step = 1224
value_mean = 0.8083022832870483
