entropy_mean = 2.7487964630126953
loss_policy = 2.8993403911590576
loss_total = 9.081642150878906
loss_value = 1.0
step = 1261
value_mean = 1.0
