entropy_mean = 5.842892646789551
loss_policy = 6.2509565353393555
loss_total = 13.803143501281738
loss_value = 0.9860469102859497
step = 343
value_mean = 0.9987165331840515
