entropy_mean = 4.070842266082764
loss_policy = 4.307332992553711
loss_total = 10.737054824829102
loss_value = 0.9999990463256836
step = 1021
value_mean = 0.9999977350234985
