entropy_mean = 2.785602569580078
loss_policy = 2.9419572353363037
loss_total = 9.18988037109375
loss_value = 1.021108627319336
step = 1206
value_mean = 0.9966331720352173
