entropy_mean = 4.969555854797363
loss_policy = 6.024820327758789
loss_total = 13.702604293823242
loss_value = 0.9843742251396179
step = 246
value_mean = -0.9999995231628418
