entropy_mean = 1.3932186365127563
loss_policy = 1.6060361862182617
loss_total = 7.040778160095215
loss_value = 0.9921875
step = 1983
value_mean = 1.0
