entropy_mean = 2.4311089515686035
loss_policy = 2.7061805725097656
loss_total = 8.770610809326172
loss_value = 0.8677043318748474
step = 1242
value_mean = 0.3328895568847656
