entropy_mean = 5.484005928039551
loss_policy = 5.575901985168457
loss_total = 13.178969383239746
loss_value = 1.0189552307128906
step = 333
value_mean = -0.8528833389282227
