entropy_mean = 5.105202674865723
loss_policy = 5.719552040100098
loss_total = 13.190679550170898
loss_value = 1.0220122337341309
step = 411
value_mean = 0.9989824295043945
