entropy_mean = 1.887183427810669
loss_policy = 2.3317456245422363
loss_total = 8.511459350585938
loss_value = 1.0234375
step = 1294
value_mean = 1.0
