entropy_mean = 1.5199271440505981
loss_policy = 2.156527519226074
loss_total = 8.159906387329102
loss_value = 0.9921875
step = 1449
value_mean = 1.0
