entropy_mean = 1.8155925273895264
loss_policy = 1.9578808546066284
loss_total = 7.6790852546691895
loss_value = 1.0234375
step = 1753
value_mean = 1.0
