entropy_mean = 4.351554870605469
loss_policy = 5.185872554779053
loss_total = 11.993703842163086
loss_value = 0.9196155071258545
step = 697
value_mean = 0.4358055591583252
