entropy_mean = 1.5583739280700684
loss_policy = 1.645232915878296
loss_total = 6.963803291320801
loss_value = 1.0234375
step = 2104
value_mean = 1.0
