entropy_mean = 1.8081902265548706
loss_policy = 2.033344268798828
loss_total = 8.039194107055664
loss_value = 1.0
step = 1455
value_mean = 1.0
