entropy_mean = 1.8182518482208252
loss_policy = 2.0114011764526367
loss_total = 7.996659755706787
loss_value = 1.0
step = 1478
value_mean = 1.0
