entropy_mean = 1.538087010383606
loss_policy = 1.6900657415390015
loss_total = 7.028600215911865
loss_value = 1.0
step = 2068
value_mean = 1.0
