entropy_mean = 5.780825614929199
loss_policy = 7.855356216430664
loss_total = 15.687660217285156
loss_value = 1.0146324634552002
step = 6
value_mean = 0.9994829297065735
