entropy_mean = 4.142553329467773
loss_policy = 5.699892997741699
loss_total = 12.669763565063477
loss_value = 0.9922975897789001
step = 645
value_mean = 0.9974970817565918
