entropy_mean = 3.525688648223877
loss_policy = 3.761461019515991
loss_total = 10.096048355102539
loss_value = 0.9999963045120239
step = 1100
value_mean = 0.9999983906745911
