entropy_mean = 1.544323444366455
loss_policy = 1.9045902490615845
loss_total = 7.682419300079346
loss_value = 1.0234373807907104
step = 1699
value_mean = 1.0
