entropy_mean = 1.7508900165557861
loss_policy = 1.8810993432998657
loss_total = 7.818450927734375
loss_value = 1.046875
step = 1570
value_mean = 1.0
