entropy_mean = 2.067309856414795
loss_policy = 2.0872609615325928
loss_total = 8.033490180969238
loss_value = 1.0
step = 1515
value_mean = 1.0
