entropy_mean = 1.5341181755065918
loss_policy = 1.8567743301391602
loss_total = 7.721559524536133
loss_value = 0.9921870231628418
step = 1587
value_mean = 0.9999996423721313
