entropy_mean = 2.923806667327881
loss_policy = 2.9455747604370117
loss_total = 9.081674575805664
loss_value = 0.9296022653579712
step = 1231
value_mean = 0.5820158123970032
