entropy_mean = 5.555788040161133
loss_policy = 6.194864273071289
loss_total = 13.68671989440918
loss_value = 0.7104065418243408
step = 138
value_mean = 0.6988221406936646
