entropy_mean = 4.822147369384766
loss_policy = 5.38700532913208
loss_total = 12.65013599395752
loss_value = 0.9999828338623047
step = 501
value_mean = -0.9999846816062927
