entropy_mean = 4.122405052185059
loss_policy = 5.582456111907959
loss_total = 12.440309524536133
loss_value = 0.9999997615814209
step = 714
value_mean = -0.999999463558197
