entropy_mean = 4.729120254516602
loss_policy = 5.557089805603027
loss_total = 13.047832489013672
loss_value = 1.0
step = 391
value_mean = 1.0
