entropy_mean = 1.4905729293823242
loss_policy = 1.5790711641311646
loss_total = 7.167450428009033
loss_value = 1.0
step = 1862
value_mean = 1.0
