entropy_mean = 3.8802103996276855
loss_policy = 3.7681996822357178
loss_total = 10.116302490234375
loss_value = 1.0234198570251465
step = 1108
value_mean = 0.999994158744812
