entropy_mean = 4.473789215087891
loss_policy = 5.079219341278076
loss_total = 11.905807495117188
loss_value = 0.9139389991760254
step = 683
value_mean = 0.3339489996433258
