entropy_mean = 4.835189342498779
loss_policy = 5.371726036071777
loss_total = 12.872130393981934
loss_value = 1.0
step = 386
value_mean = 1.0
