entropy_mean = 1.7391688823699951
loss_policy = 1.843726396560669
loss_total = 7.655339241027832
loss_value = 1.0
step = 1650
value_mean = 1.0
