entropy_mean = 1.5451934337615967
loss_policy = 1.596962571144104
loss_total = 6.957316875457764
loss_value = 0.9921875
step = 2043
value_mean = 1.0
