entropy_mean = 1.5658831596374512
loss_policy = 1.8991758823394775
loss_total = 7.2578277587890625
loss_value = 1.0
step = 2051
value_mean = 1.0
