entropy_mean = 5.7532525062561035
loss_policy = 6.144999980926514
loss_total = 13.867090225219727
loss_value = 1.015625
step = 234
value_mean = -1.0
