entropy_mean = 4.41583776473999
loss_policy = 4.932901382446289
loss_total = 12.223176956176758
loss_value = 1.023436427116394
step = 499
value_mean = -0.9999976754188538
