entropy_mean = 5.477685451507568
loss_policy = 5.979121685028076
loss_total = 13.660578727722168
loss_value = 1.0234357118606567
step = 277
value_mean = -0.9999991059303284
