entropy_mean = 4.414445877075195
loss_policy = 5.1069207191467285
loss_total = 12.173946380615234
loss_value = 0.83354651927948
step = 517
value_mean = 0.19250769913196564
