entropy_mean = 4.3443756103515625
loss_policy = 4.584586143493652
loss_total = 11.20606803894043
loss_value = 0.9921875
step = 874
value_mean = 1.0
