entropy_mean = 1.7285387516021729
loss_policy = 1.8831316232681274
loss_total = 7.457665920257568
loss_value = 1.015625
step = 1885
value_mean = 1.0
