entropy_mean = 4.913069725036621
loss_policy = 5.448857307434082
loss_total = 12.94302749633789
loss_value = 0.9921872615814209
step = 385
value_mean = 0.9999997615814209
