entropy_mean = 1.453939437866211
loss_policy = 1.7173725366592407
loss_total = 6.948558807373047
loss_value = 1.0
step = 2162
value_mean = 1.0
