entropy_mean = 3.807013750076294
loss_policy = 4.425497055053711
loss_total = 10.877974510192871
loss_value = 0.9999999403953552
step = 1001
value_mean = 1.0
