entropy_mean = 1.663097858428955
loss_policy = 1.9680352210998535
loss_total = 7.144314765930176
loss_value = 0.9999983310699463
step = 2211
value_mean = 0.9999990463256836
