entropy_mean = 2.981679916381836
loss_policy = 2.868885040283203
loss_total = 8.67106819152832
loss_value = 0.611870527267456
step = 1250
value_mean = 0.9982967972755432
