entropy_mean = 1.6886553764343262
loss_policy = 1.7634583711624146
loss_total = 7.242715835571289
loss_value = 1.046875
step = 1991
value_mean = 1.0
