entropy_mean = 4.249354839324951
loss_policy = 4.822989463806152
loss_total = 11.501249313354492
loss_value = 0.9999998807907104
step = 837
value_mean = 1.0
