entropy_mean = 1.8065845966339111
loss_policy = 1.9244117736816406
loss_total = 7.6527814865112305
loss_value = 0.9921875
step = 1717
value_mean = 1.0
