entropy_mean = 2.519589424133301
loss_policy = 2.899892568588257
loss_total = 8.765167236328125
loss_value = 0.6727584004402161
step = 1247
value_mean = -0.11746905744075775
