entropy_mean = 4.979460716247559
loss_policy = 5.960742473602295
loss_total = 13.629976272583008
loss_value = 0.999999463558197
step = 268
value_mean = -0.9999997615814209
