entropy_mean = 4.024456977844238
loss_policy = 5.5517497062683105
loss_total = 12.711400985717773
loss_value = 0.9322669506072998
step = 520
value_mean = 0.5036143064498901
