entropy_mean = 3.465513229370117
loss_policy = 3.7547051906585693
loss_total = 10.070113182067871
loss_value = 0.9999992847442627
step = 1116
value_mean = 0.9999998807907104
