entropy_mean = 1.3757327795028687
loss_policy = 1.6805928945541382
loss_total = 7.2806010246276855
loss_value = 1.0
step = 1851
value_mean = 1.0
