entropy_mean = 1.6031336784362793
loss_policy = 1.9178625345230103
loss_total = 7.783583164215088
loss_value = 1.0
step = 1593
value_mean = 1.0
