entropy_mean = 4.559211730957031
loss_policy = 5.285477161407471
loss_total = 12.575384140014648
loss_value = 0.9999998807907104
step = 486
value_mean = -0.9999999403953552
