entropy_mean = 1.5702929496765137
loss_policy = 1.6265698671340942
loss_total = 7.232695579528809
loss_value = 1.0
step = 1845
value_mean = 1.0
