entropy_mean = 4.742395401000977
loss_policy = 5.351569175720215
loss_total = 12.287130355834961
loss_value = 0.9971336126327515
step = 669
value_mean = 0.9981837868690491
