entropy_mean = 2.57635760307312
loss_policy = 2.3228797912597656
loss_total = 8.457316398620605
loss_value = 1.0078125
step = 1326
value_mean = 1.0
