entropy_mean = 5.450599670410156
loss_policy = 6.145608901977539
loss_total = 13.844941139221191
loss_value = 0.9999995231628418
step = 241
value_mean = -0.9999997615814209
