entropy_mean = 2.126722812652588
loss_policy = 2.562417984008789
loss_total = 8.682088851928711
loss_value = 1.0
step = 1334
value_mean = 1.0
