entropy_mean = 5.174102306365967
loss_policy = 5.497922897338867
loss_total = 12.848825454711914
loss_value = 0.9884808659553528
step = 450
value_mean = 0.8462689518928528
