entropy_mean = 5.6541852951049805
loss_policy = 5.918968200683594
loss_total = 13.262802124023438
loss_value = 0.5378623008728027
step = 68
value_mean = -0.1707603931427002
