entropy_mean = 4.4371185302734375
loss_policy = 5.252193927764893
loss_total = 12.188557624816895
loss_value = 1.0703125
step = 709
value_mean = -1.0
