entropy_mean = 1.5967503786087036
loss_policy = 1.806783676147461
loss_total = 7.415714263916016
loss_value = 1.0
step = 1842
value_mean = 1.0
