entropy_mean = 1.4940329790115356
loss_policy = 1.7560415267944336
loss_total = 7.173637390136719
loss_value = 1.0234375
step = 2020
value_mean = 1.0
