entropy_mean = 2.8588643074035645
loss_policy = 2.868561267852783
loss_total = 9.021053314208984
loss_value = 0.9282842874526978
step = 1209
value_mean = -0.6425513029098511
