entropy_mean = 5.022146224975586
loss_policy = 5.646895408630371
loss_total = 12.81112003326416
loss_value = 0.9921875
step = 546
value_mean = 1.0
