entropy_mean = 1.6936817169189453
loss_policy = 1.95222806930542
loss_total = 7.908726215362549
loss_value = 1.0
step = 1505
value_mean = 1.0
