entropy_mean = 2.4053893089294434
loss_policy = 2.528642177581787
loss_total = 8.663360595703125
loss_value = 1.0
step = 1317
value_mean = 1.0
