entropy_mean = 4.466091156005859
loss_policy = 5.173568248748779
loss_total = 11.78658390045166
loss_value = 0.707690417766571
step = 687
value_mean = 0.7668169736862183
