entropy_mean = 5.799448013305664
loss_policy = 6.359877109527588
loss_total = 14.0385160446167
loss_value = 0.9921872615814209
step = 252
value_mean = -0.9999998807907104
