entropy_mean = 4.593573570251465
loss_policy = 5.758849620819092
loss_total = 13.255182266235352
loss_value = 0.984375
step = 378
value_mean = 1.0
