entropy_mean = 4.602250099182129
loss_policy = 4.706599235534668
loss_total = 11.34424114227295
loss_value = 1.0234375
step = 885
value_mean = 1.0
