entropy_mean = 1.6839463710784912
loss_policy = 2.109665870666504
loss_total = 8.178277969360352
loss_value = 1.0234375
step = 1415
value_mean = 1.0
