entropy_mean = 1.5666948556900024
loss_policy = 1.6978214979171753
loss_total = 7.2816162109375
loss_value = 1.0
step = 1866
value_mean = 1.0
