entropy_mean = 4.602614402770996
loss_policy = 5.101354598999023
loss_total = 11.685646057128906
loss_value = 0.984375
step = 894
value_mean = 1.0
