entropy_mean = 4.3034539222717285
loss_policy = 5.064982891082764
loss_total = 11.716659545898438
loss_value = 1.0
step = 856
value_mean = 1.0
