entropy_mean = 1.4209365844726562
loss_policy = 1.7048343420028687
loss_total = 7.061405658721924
loss_value = 1.015625
step = 2066
value_mean = 1.0
