entropy_mean = 3.905510425567627
loss_policy = 4.4741058349609375
loss_total = 10.985776901245117
loss_value = 1.0390625
step = 985
value_mean = 0.9999998807907104
