entropy_mean = 4.65852165222168
loss_policy = 5.053417205810547
loss_total = 12.143461227416992
loss_value = 0.9921875
step = 584
value_mean = 1.0
