entropy_mean = 3.966336250305176
loss_policy = 4.434734344482422
loss_total = 10.880096435546875
loss_value = 0.9999997019767761
step = 1008
value_mean = 0.9999998211860657
