entropy_mean = 4.311666011810303
loss_policy = 5.290191173553467
loss_total = 11.954423904418945
loss_value = 0.869723916053772
step = 756
value_mean = -0.659978985786438
