entropy_mean = 1.7721152305603027
loss_policy = 1.6877294778823853
loss_total = 7.014028549194336
loss_value = 1.015625
step = 2089
value_mean = 1.0
