entropy_mean = 1.7583067417144775
loss_policy = 1.8877687454223633
loss_total = 7.567180633544922
loss_value = 0.9921872019767761
step = 1764
value_mean = 0.9999998211860657
