entropy_mean = 2.1430444717407227
loss_policy = 2.2089645862579346
loss_total = 8.359618186950684
loss_value = 1.046875
step = 1353
value_mean = 1.0
