entropy_mean = 2.4273295402526855
loss_policy = 2.4821982383728027
loss_total = 8.605396270751953
loss_value = 0.9921875
step = 1321
value_mean = 1.0
