entropy_mean = 3.0608298778533936
loss_policy = 3.2670764923095703
loss_total = 9.525197982788086
loss_value = 0.9999918341636658
step = 1170
value_mean = 0.9999957084655762
