entropy_mean = 2.429839611053467
loss_policy = 2.624187707901001
loss_total = 8.812189102172852
loss_value = 1.0234375
step = 1284
value_mean = 1.0
