entropy_mean = 4.290290832519531
loss_policy = 5.313444137573242
loss_total = 11.909814834594727
loss_value = 0.8006318807601929
step = 755
value_mean = -0.5989983081817627
