entropy_mean = 2.006037950515747
loss_policy = 2.210651159286499
loss_total = 8.200429916381836
loss_value = 0.9921875
step = 1465
value_mean = 1.0
