entropy_mean = 4.223028182983398
loss_policy = 4.623569965362549
loss_total = 11.164556503295898
loss_value = 1.0
step = 936
value_mean = 1.0
