entropy_mean = 4.638565540313721
loss_policy = 4.785270690917969
loss_total = 11.5602445602417
loss_value = 0.9563405513763428
step = 740
value_mean = 0.5743252038955688
