entropy_mean = 1.586596965789795
loss_policy = 1.7955135107040405
loss_total = 7.519576072692871
loss_value = 1.0156248807907104
step = 1742
value_mean = 1.0
