entropy_mean = 1.4327324628829956
loss_policy = 1.6953486204147339
loss_total = 7.041394233703613
loss_value = 1.0
step = 2062
value_mean = 1.0
