entropy_mean = 3.391646385192871
loss_policy = 3.997218132019043
loss_total = 10.439870834350586
loss_value = 1.0078125
step = 1017
value_mean = 1.0
