entropy_mean = 1.5283176898956299
loss_policy = 1.6964234113693237
loss_total = 7.354710102081299
loss_value = 1.0234375
step = 1815
value_mean = 1.0
