entropy_mean = 3.869222640991211
loss_policy = 5.147252559661865
loss_total = 11.744880676269531
loss_value = 0.8973020315170288
step = 819
value_mean = 0.8451061248779297
