entropy_mean = 3.2613391876220703
loss_policy = 3.3792314529418945
loss_total = 9.639004707336426
loss_value = 0.9921754002571106
step = 1159
value_mean = 0.9999943971633911
