entropy_mean = 1.6759843826293945
loss_policy = 1.8188724517822266
loss_total = 7.295740127563477
loss_value = 0.9921875
step = 1946
value_mean = 1.0
