entropy_mean = 1.7726976871490479
loss_policy = 1.699450969696045
loss_total = 6.906255722045898
loss_value = 1.0
step = 2183
value_mean = 1.0
