entropy_mean = 1.6693260669708252
loss_policy = 1.7459900379180908
loss_total = 7.4164838790893555
loss_value = 0.9921875
step = 1774
value_mean = 1.0
