entropy_mean = 2.317437171936035
loss_policy = 2.4486019611358643
loss_total = 8.565053939819336
loss_value = 1.0
step = 1338
value_mean = 1.0
