entropy_mean = 5.3680009841918945
loss_policy = 5.619335651397705
loss_total = 12.869888305664062
loss_value = 0.4509733021259308
step = 94
value_mean = -0.5611141920089722
