entropy_mean = 1.4588254690170288
loss_policy = 1.6336309909820557
loss_total = 6.986715316772461
loss_value = 1.0234375
step = 2075
value_mean = 0.9999999403953552
