entropy_mean = 2.759251117706299
loss_policy = 2.6496288776397705
loss_total = 8.845069885253906
loss_value = 0.9872284531593323
step = 1229
value_mean = 0.793822705745697
