entropy_mean = 4.895327091217041
loss_policy = 5.937976837158203
loss_total = 13.593934059143066
loss_value = 1.0234375
step = 297
value_mean = -1.0
