entropy_mean = 1.6813549995422363
loss_policy = 1.7730028629302979
loss_total = 7.283799171447754
loss_value = 1.015625
step = 1938
value_mean = 1.0
