entropy_mean = 5.28861141204834
loss_policy = 5.765303611755371
loss_total = 13.042922973632812
loss_value = 0.5028858780860901
step = 153
value_mean = -0.36176058650016785
