entropy_mean = 2.408271312713623
loss_policy = 2.5516738891601562
loss_total = 8.711196899414062
loss_value = 1.0390625
step = 1333
value_mean = 1.0
