entropy_mean = 4.662356376647949
loss_policy = 5.186728000640869
loss_total = 12.471104621887207
loss_value = 0.9599383473396301
step = 469
value_mean = 0.6522557735443115
