entropy_mean = 1.6256592273712158
loss_policy = 1.7318534851074219
loss_total = 7.338909149169922
loss_value = 1.0
step = 1844
value_mean = 1.0
