entropy_mean = 4.239336013793945
loss_policy = 5.0138044357299805
loss_total = 11.859701156616211
loss_value = 0.8436247706413269
step = 634
value_mean = -0.5660659074783325
