entropy_mean = 1.3287369012832642
loss_policy = 1.5490244626998901
loss_total = 6.693721771240234
loss_value = 1.0156244039535522
step = 2252
value_mean = 0.9999994039535522
