entropy_mean = 1.4754986763000488
loss_policy = 1.5209167003631592
loss_total = 6.727898120880127
loss_value = 0.984375
step = 2170
value_mean = 1.0
