entropy_mean = 1.4635392427444458
loss_policy = 1.9533312320709229
loss_total = 7.904017448425293
loss_value = 1.0078125
step = 1519
value_mean = 1.0
