entropy_mean = 4.139408111572266
loss_policy = 5.193099021911621
loss_total = 11.898982048034668
loss_value = 0.9034805297851562
step = 750
value_mean = -0.6704886555671692
