entropy_mean = 5.212267875671387
loss_policy = 5.751719951629639
loss_total = 13.36316967010498
loss_value = 1.0166841745376587
step = 326
value_mean = -0.987729549407959
