entropy_mean = 3.858673572540283
loss_policy = 4.025129318237305
loss_total = 10.420154571533203
loss_value = 0.9999374747276306
step = 1049
value_mean = 0.9999693632125854
