entropy_mean = 3.337803840637207
loss_policy = 3.4409732818603516
loss_total = 9.741144180297852
loss_value = 1.015623688697815
step = 1142
value_mean = 0.999998927116394
