entropy_mean = 3.845693588256836
loss_policy = 4.137404918670654
loss_total = 10.463313102722168
loss_value = 0.999993085861206
step = 1107
value_mean = 0.9999972581863403
