entropy_mean = 3.824713945388794
loss_policy = 4.240799903869629
loss_total = 10.751338958740234
loss_value = 0.9999996423721313
step = 961
value_mean = 0.9999995827674866
