entropy_mean = 1.5739350318908691
loss_policy = 2.178194522857666
loss_total = 8.210943222045898
loss_value = 1.0234375
step = 1451
value_mean = 1.0
