entropy_mean = 2.758082866668701
loss_policy = 2.5613298416137695
loss_total = 8.733959197998047
loss_value = 1.0
step = 1274
value_mean = 1.0
