entropy_mean = 3.4230690002441406
loss_policy = 3.759673833847046
loss_total = 10.061541557312012
loss_value = 0.9921861290931702
step = 1121
value_mean = 0.999998927116394
