entropy_mean = 4.819810390472412
loss_policy = 6.304300308227539
loss_total = 13.827546119689941
loss_value = 0.984375
step = 359
value_mean = 1.0
