entropy_mean = 3.4517922401428223
loss_policy = 3.8613550662994385
loss_total = 10.280384063720703
loss_value = 1.0390621423721313
step = 1061
value_mean = 0.9999999403953552
