entropy_mean = 4.314693450927734
loss_policy = 5.023557662963867
loss_total = 12.100275039672852
loss_value = 0.992182731628418
step = 591
value_mean = 0.9999983906745911
