entropy_mean = 4.288227081298828
loss_policy = 5.581646919250488
loss_total = 12.25525951385498
loss_value = 0.8739997148513794
step = 752
value_mean = -0.24519677460193634
