entropy_mean = 4.679062366485596
loss_policy = 5.073082447052002
loss_total = 12.1613130569458
loss_value = 1.0
step = 589
value_mean = 1.0
