entropy_mean = 1.8235759735107422
loss_policy = 1.9265775680541992
loss_total = 7.351776123046875
loss_value = 1.0
step = 1997
value_mean = 1.0
