entropy_mean = 4.552059173583984
loss_policy = 5.098723411560059
loss_total = 12.002065658569336
loss_value = 0.9618788361549377
step = 667
value_mean = 0.9187694787979126
