entropy_mean = 4.023756980895996
loss_policy = 4.6749267578125
loss_total = 11.132851600646973
loss_value = 0.9999997019767761
step = 996
value_mean = 0.9999997615814209
