entropy_mean = 4.358660697937012
loss_policy = 5.176107406616211
loss_total = 11.941543579101562
loss_value = 0.9937083125114441
step = 772
value_mean = -0.9852573871612549
