entropy_mean = 1.6759843826293945
loss_policy = 1.922900676727295
loss_total = 7.710217475891113
loss_value = 1.0
step = 1669
value_mean = 1.0
