entropy_mean = 4.819793224334717
loss_policy = 4.914851188659668
loss_total = 11.680615425109863
loss_value = 0.9999998807907104
step = 776
value_mean = -1.0
