entropy_mean = 5.352010250091553
loss_policy = 6.157413482666016
loss_total = 13.750852584838867
loss_value = 0.9887071251869202
step = 319
value_mean = -0.9959820508956909
