entropy_mean = 1.6100709438323975
loss_policy = 1.7090518474578857
loss_total = 7.307275772094727
loss_value = 1.015625
step = 1867
value_mean = 1.0
