entropy_mean = 1.8459546566009521
loss_policy = 1.756760597229004
loss_total = 7.484140872955322
loss_value = 0.9921875
step = 1718
value_mean = 1.0
