entropy_mean = 1.7860229015350342
loss_policy = 1.9179198741912842
loss_total = 7.613446235656738
loss_value = 0.9921875
step = 1747
value_mean = 1.0
