entropy_mean = 4.804905891418457
loss_policy = 5.044075012207031
loss_total = 11.561120986938477
loss_value = 0.8250411152839661
step = 826
value_mean = 0.5322778820991516
