entropy_mean = 1.5689572095870972
loss_policy = 1.5787705183029175
loss_total = 7.248956680297852
loss_value = 1.0
step = 1783
value_mean = 1.0
