entropy_mean = 4.316408634185791
loss_policy = 4.904850482940674
loss_total = 11.620654106140137
loss_value = 0.9911603927612305
step = 803
value_mean = -0.9835119843482971
