entropy_mean = 4.47707462310791
loss_policy = 4.93064022064209
loss_total = 11.658924102783203
loss_value = 0.8970900774002075
step = 732
value_mean = 0.7513449788093567
