entropy_mean = 4.478854179382324
loss_policy = 4.950428485870361
loss_total = 12.042487144470215
loss_value = 0.9921875
step = 583
value_mean = 1.0
