entropy_mean = 1.8543020486831665
loss_policy = 1.8394808769226074
loss_total = 7.423057556152344
loss_value = 1.0234375
step = 1884
value_mean = 1.0
