entropy_mean = 1.4023559093475342
loss_policy = 1.7209750413894653
loss_total = 6.882731914520264
loss_value = 1.0
step = 2223
value_mean = 1.0
