entropy_mean = 1.9547579288482666
loss_policy = 2.2720208168029785
loss_total = 8.23429012298584
loss_value = 0.9921875
step = 1492
value_mean = 1.0
