entropy_mean = 1.6779882907867432
loss_policy = 1.9706830978393555
loss_total = 7.860157012939453
loss_value = 1.0
step = 1571
value_mean = 1.0
