entropy_mean = 4.576627254486084
loss_policy = 4.916772365570068
loss_total = 11.304279327392578
loss_value = 0.7038321495056152
step = 833
value_mean = 0.04355765879154205
