entropy_mean = 4.3159990310668945
loss_policy = 4.873339653015137
loss_total = 11.540094375610352
loss_value = 1.0
step = 845
value_mean = 1.0
