entropy_mean = 2.871035099029541
loss_policy = 3.827054500579834
loss_total = 10.10794448852539
loss_value = 0.9999921321868896
step = 1145
value_mean = 0.9999951124191284
