entropy_mean = 5.818121910095215
loss_policy = 5.701626777648926
loss_total = 13.373376846313477
loss_value = 0.9999990463256836
step = 266
value_mean = -0.9999995231628418
