entropy_mean = 1.6141830682754517
loss_policy = 1.7558529376983643
loss_total = 7.2114763259887695
loss_value = 1.0
step = 1972
value_mean = 1.0
