entropy_mean = 1.9610190391540527
loss_policy = 2.02516508102417
loss_total = 7.965673446655273
loss_value = 1.0
step = 1522
value_mean = 1.0
