entropy_mean = 5.5723795890808105
loss_policy = 5.909836769104004
loss_total = 13.664144515991211
loss_value = 0.9984546899795532
step = 183
value_mean = -0.9998299479484558
