entropy_mean = 3.525146722793579
loss_policy = 3.740831136703491
loss_total = 10.171454429626465
loss_value = 1.0234363079071045
step = 1039
value_mean = 0.9999996423721313
