entropy_mean = 3.918555736541748
loss_policy = 3.8472132682800293
loss_total = 10.159302711486816
loss_value = 0.992186963558197
step = 1112
value_mean = 0.9999995827674866
