entropy_mean = 1.9918596744537354
loss_policy = 2.068439483642578
loss_total = 8.114629745483398
loss_value = 1.0
step = 1414
value_mean = 1.0
