entropy_mean = 2.5835747718811035
loss_policy = 2.7841010093688965
loss_total = 8.969127655029297
loss_value = 1.015625
step = 1278
value_mean = 1.0
