entropy_mean = 4.602168083190918
loss_policy = 5.572803974151611
loss_total = 12.896269798278809
loss_value = 0.9949402809143066
step = 467
value_mean = 0.7539077997207642
