entropy_mean = 1.9524366855621338
loss_policy = 1.804297924041748
loss_total = 7.555590629577637
loss_value = 1.0
step = 1702
value_mean = 1.0
