entropy_mean = 2.0602269172668457
loss_policy = 2.6004769802093506
loss_total = 8.742353439331055
loss_value = 0.9921875
step = 1301
value_mean = 1.0
