entropy_mean = 2.6171069145202637
loss_policy = 2.8212194442749023
loss_total = 9.030521392822266
loss_value = 1.0234375
step = 1256
value_mean = 1.0
