entropy_mean = 4.744844436645508
loss_policy = 5.229377746582031
loss_total = 12.409788131713867
loss_value = 1.0
step = 542
value_mean = 1.0
