entropy_mean = 2.07537841796875
loss_policy = 2.5522286891937256
loss_total = 8.535836219787598
loss_value = 1.015625
step = 1494
value_mean = 1.0
