entropy_mean = 1.5762031078338623
loss_policy = 1.6235400438308716
loss_total = 7.035863399505615
loss_value = 1.0
step = 2007
value_mean = 1.0
