entropy_mean = 1.5409245491027832
loss_policy = 1.730573296546936
loss_total = 7.064967155456543
loss_value = 0.9921875
step = 2065
value_mean = 1.0
