entropy_mean = 4.983282566070557
loss_policy = 5.082462310791016
loss_total = 12.035343170166016
loss_value = 1.007009744644165
step = 664
value_mean = 0.9690314531326294
