entropy_mean = 4.572986602783203
loss_policy = 5.455263137817383
loss_total = 13.011823654174805
loss_value = 0.9921875
step = 344
value_mean = 1.0
