entropy_mean = 5.582236289978027
loss_policy = 5.9325432777404785
loss_total = 13.023239135742188
loss_value = 0.29247239232063293
step = 98
value_mean = -0.4071323275566101
