entropy_mean = 5.515891075134277
loss_policy = 5.789768695831299
loss_total = 12.833060264587402
loss_value = 0.2715749442577362
step = 160
value_mean = -0.7991948127746582
