entropy_mean = 3.9815022945404053
loss_policy = 5.2248101234436035
loss_total = 12.096386909484863
loss_value = 1.0
step = 706
value_mean = -1.0
