entropy_mean = 1.6922917366027832
loss_policy = 1.9648642539978027
loss_total = 7.755516052246094
loss_value = 1.0
step = 1666
value_mean = 1.0
