entropy_mean = 4.637589931488037
loss_policy = 5.186854839324951
loss_total = 12.468038558959961
loss_value = 1.0
step = 491
value_mean = -1.0
