entropy_mean = 2.180234432220459
loss_policy = 2.1796321868896484
loss_total = 8.186517715454102
loss_value = 0.984375
step = 1438
value_mean = 1.0
