entropy_mean = 4.523807048797607
loss_policy = 4.6941609382629395
loss_total = 11.251934051513672
loss_value = 0.9921875
step = 919
value_mean = 1.0
