entropy_mean = 4.545541763305664
loss_policy = 5.333998680114746
loss_total = 12.385065078735352
loss_value = 0.9921875
step = 606
value_mean = 1.0
