entropy_mean = 5.339384078979492
loss_policy = 6.114879131317139
loss_total = 13.759328842163086
loss_value = 1.0156062841415405
step = 300
value_mean = -0.9999912977218628
