entropy_mean = 4.19970703125
loss_policy = 5.381773471832275
loss_total = 12.565728187561035
loss_value = 1.0234375
step = 552
value_mean = 1.0
