entropy_mean = 2.6965065002441406
loss_policy = 3.125460147857666
loss_total = 9.395732879638672
loss_value = 1.023323655128479
step = 1182
value_mean = 0.999946653842926
