entropy_mean = 1.7581394910812378
loss_policy = 2.1255009174346924
loss_total = 8.026506423950195
loss_value = 1.0
step = 1560
value_mean = 1.0
