entropy_mean = 5.136296272277832
loss_policy = 5.426403045654297
loss_total = 12.705989837646484
loss_value = 0.9594171643257141
step = 471
value_mean = 0.5892207622528076
