entropy_mean = 1.6903451681137085
loss_policy = 1.894456386566162
loss_total = 7.7315168380737305
loss_value = 0.9921875
step = 1614
value_mean = 1.0
