entropy_mean = 1.6441519260406494
loss_policy = 1.8913183212280273
loss_total = 7.552650451660156
loss_value = 1.0234375
step = 1812
value_mean = 1.0
