entropy_mean = 4.223532676696777
loss_policy = 5.6459126472473145
loss_total = 13.267572402954102
loss_value = 1.062432885169983
step = 347
value_mean = 0.999982476234436
