entropy_mean = 1.5423222780227661
loss_policy = 1.8019659519195557
loss_total = 7.294637680053711
loss_value = 1.0
step = 1940
value_mean = 1.0
