entropy_mean = 2.231513500213623
loss_policy = 2.482210874557495
loss_total = 8.610319137573242
loss_value = 1.0234375
step = 1352
value_mean = 1.0
