entropy_mean = 5.242184638977051
loss_policy = 5.881878852844238
loss_total = 13.041677474975586
loss_value = 0.36090511083602905
step = 96
value_mean = 0.31547966599464417
