entropy_mean = 1.6642215251922607
loss_policy = 2.1848955154418945
loss_total = 8.167329788208008
loss_value = 1.0
step = 1481
value_mean = 1.0
