entropy_mean = 5.380396366119385
loss_policy = 6.18172025680542
loss_total = 13.727121353149414
loss_value = 0.7753211855888367
step = 164
value_mean = 0.9711836576461792
