entropy_mean = 4.37529182434082
loss_policy = 5.162395000457764
loss_total = 11.81006145477295
loss_value = 1.0
step = 859
value_mean = 1.0
