entropy_mean = 4.771405220031738
loss_policy = 5.670801639556885
loss_total = 12.816001892089844
loss_value = 1.0
step = 561
value_mean = 1.0
