entropy_mean = 2.6079416275024414
loss_policy = 2.33798885345459
loss_total = 8.477067947387695
loss_value = 1.0234375
step = 1339
value_mean = 1.0
