entropy_mean = 3.9229736328125
loss_policy = 5.277362823486328
loss_total = 12.436098098754883
loss_value = 1.0
step = 553
value_mean = 1.0
