entropy_mean = 2.6444127559661865
loss_policy = 2.544435977935791
loss_total = 8.722864151000977
loss_value = 1.0390625
step = 1312
value_mean = 1.0
