entropy_mean = 1.6244231462478638
loss_policy = 1.8735469579696655
loss_total = 7.408655166625977
loss_value = 1.0
step = 1904
value_mean = 1.0
