entropy_mean = 1.6880450248718262
loss_policy = 1.707558512687683
loss_total = 7.574540615081787
loss_value = 0.984375
step = 1578
value_mean = 1.0
