entropy_mean = 4.88618278503418
loss_policy = 5.318739891052246
loss_total = 12.367340087890625
loss_value = 0.8402382135391235
step = 530
value_mean = 0.021041423082351685
