entropy_mean = 1.4574908018112183
loss_policy = 1.7324248552322388
loss_total = 7.223816871643066
loss_value = 1.0
step = 1941
value_mean = 1.0
