entropy_mean = 5.00078010559082
loss_policy = 6.014312744140625
loss_total = 13.60748291015625
loss_value = 0.9970434904098511
step = 325
value_mean = -0.9975581169128418
