entropy_mean = 2.5946054458618164
loss_policy = 2.7392923831939697
loss_total = 8.968191146850586
loss_value = 0.9996734857559204
step = 1203
value_mean = 0.9997100234031677
