entropy_mean = 1.624760627746582
loss_policy = 1.7544834613800049
loss_total = 7.005875110626221
loss_value = 1.0
step = 2143
value_mean = 1.0
