entropy_mean = 4.567748069763184
loss_policy = 5.369525909423828
loss_total = 12.845726013183594
loss_value = 1.0
step = 398
value_mean = 1.0
