entropy_mean = 4.578928470611572
loss_policy = 5.107623100280762
loss_total = 12.235145568847656
loss_value = 1.0
step = 570
value_mean = 1.0
