entropy_mean = 3.642132520675659
loss_policy = 4.251923561096191
loss_total = 10.755474090576172
loss_value = 1.0234375
step = 980
value_mean = 1.0
