entropy_mean = 4.81028938293457
loss_policy = 5.4428324699401855
loss_total = 13.010354995727539
loss_value = 1.0390625
step = 366
value_mean = 1.0
