entropy_mean = 1.4355573654174805
loss_policy = 1.6515921354293823
loss_total = 7.238957405090332
loss_value = 1.0234375
step = 1881
value_mean = 1.0
