entropy_mean = 5.386441707611084
loss_policy = 5.727302551269531
loss_total = 13.28127670288086
loss_value = 1.0
step = 350
value_mean = 1.0
