entropy_mean = 1.8492493629455566
loss_policy = 2.1094980239868164
loss_total = 8.117040634155273
loss_value = 1.015625
step = 1471
value_mean = 1.0
