entropy_mean = 4.084972858428955
loss_policy = 4.6663618087768555
loss_total = 11.211212158203125
loss_value = 1.0
step = 933
value_mean = 1.0
