entropy_mean = 2.6674821376800537
loss_policy = 2.937472105026245
loss_total = 9.12261962890625
loss_value = 1.0
step = 1257
value_mean = 1.0
