entropy_mean = 1.5512722730636597
loss_policy = 1.9711450338363647
loss_total = 7.748064041137695
loss_value = 1.0
step = 1679
value_mean = 1.0
