entropy_mean = 1.3888516426086426
loss_policy = 1.5384910106658936
loss_total = 6.720311641693115
loss_value = 0.9921875
step = 2199
value_mean = 1.0
