entropy_mean = 5.8593645095825195
loss_policy = 5.968155860900879
loss_total = 13.053659439086914
loss_value = 0.2797567844390869
step = 69
value_mean = 0.37975114583969116
