entropy_mean = 1.655785083770752
loss_policy = 1.8239498138427734
loss_total = 7.508204936981201
loss_value = 1.0234375
step = 1792
value_mean = 1.0
