entropy_mean = 4.759241104125977
loss_policy = 5.449429035186768
loss_total = 12.931905746459961
loss_value = 1.0
step = 395
value_mean = 1.0
