entropy_mean = 4.454160690307617
loss_policy = 6.224400997161865
loss_total = 13.7671537399292
loss_value = 0.9921875
step = 352
value_mean = 1.0
