entropy_mean = 1.5130658149719238
loss_policy = 1.8369269371032715
loss_total = 7.407515525817871
loss_value = 1.0
step = 1876
value_mean = 1.0
