entropy_mean = 2.213744640350342
loss_policy = 2.4795539379119873
loss_total = 8.651700973510742
loss_value = 1.0234375
step = 1302
value_mean = 1.0
