entropy_mean = 4.561511993408203
loss_policy = 4.8796892166137695
loss_total = 11.492376327514648
loss_value = 1.015625
step = 896
value_mean = 1.0
