entropy_mean = 4.619387626647949
loss_policy = 5.871131420135498
loss_total = 13.395296096801758
loss_value = 1.0
step = 369
value_mean = 1.0
