entropy_mean = 5.32952880859375
loss_policy = 6.109273433685303
loss_total = 13.80690860748291
loss_value = 0.9921874403953552
step = 235
value_mean = -1.0
