entropy_mean = 5.432377815246582
loss_policy = 8.382465362548828
loss_total = 16.19148826599121
loss_value = 0.9913359880447388
step = 4
value_mean = 0.9995673894882202
