entropy_mean = 4.887622833251953
loss_policy = 6.252655029296875
loss_total = 13.541585922241211
loss_value = 0.9921875
step = 482
value_mean = -1.0
