entropy_mean = 5.78440523147583
loss_policy = 5.908761024475098
loss_total = 13.43879508972168
loss_value = 0.7192131876945496
step = 49
value_mean = 0.1649911105632782
