entropy_mean = 2.570499897003174
loss_policy = 2.6375231742858887
loss_total = 8.792047500610352
loss_value = 1.0
step = 1296
value_mean = 1.0
