entropy_mean = 3.437577724456787
loss_policy = 4.636452674865723
loss_total = 11.09211540222168
loss_value = 0.9999996423721313
step = 998
value_mean = 0.9999997615814209
