entropy_mean = 5.435325622558594
loss_policy = 6.13336706161499
loss_total = 13.893136978149414
loss_value = 1.0029956102371216
step = 182
value_mean = -0.9986430406570435
