entropy_mean = 4.4796648025512695
loss_policy = 5.021198272705078
loss_total = 12.153099060058594
loss_value = 1.0
step = 568
value_mean = 1.0
