entropy_mean = 1.985924243927002
loss_policy = 2.509451389312744
loss_total = 8.583802223205566
loss_value = 1.0
step = 1383
value_mean = 1.0
