entropy_mean = 1.5308575630187988
loss_policy = 1.6563215255737305
loss_total = 7.221848011016846
loss_value = 0.9921875
step = 1874
value_mean = 1.0
