entropy_mean = 4.45501708984375
loss_policy = 4.885986328125
loss_total = 11.654337882995605
loss_value = 0.9920252561569214
step = 769
value_mean = -0.986905574798584
