entropy_mean = 2.3224639892578125
loss_policy = 2.7705607414245605
loss_total = 8.972047805786133
loss_value = 1.0234375
step = 1267
value_mean = 1.0
