entropy_mean = 1.3845736980438232
loss_policy = 1.5176957845687866
loss_total = 6.641550540924072
loss_value = 0.9921857118606567
step = 2250
value_mean = 0.9999995827674866
