entropy_mean = 1.7108769416809082
loss_policy = 2.2853357791900635
loss_total = 8.357878684997559
loss_value = 1.015625
step = 1402
value_mean = 1.0
