entropy_mean = 4.532933235168457
loss_policy = 5.234052658081055
loss_total = 12.322284698486328
loss_value = 0.984375
step = 581
value_mean = 1.0
