entropy_mean = 1.6596746444702148
loss_policy = 1.7842767238616943
loss_total = 7.2788896560668945
loss_value = 1.0234375
step = 1957
value_mean = 1.0
