entropy_mean = 4.2066874504089355
loss_policy = 4.701479434967041
loss_total = 11.542222023010254
loss_value = 0.950924277305603
step = 696
value_mean = 0.6430559158325195
