entropy_mean = 4.122047424316406
loss_policy = 4.287682056427002
loss_total = 10.793342590332031
loss_value = 0.9921873807907104
step = 959
value_mean = 0.9999999403953552
