entropy_mean = 4.445940971374512
loss_policy = 4.941336154937744
loss_total = 11.867841720581055
loss_value = 1.0468634366989136
step = 702
value_mean = -1.0
