entropy_mean = 4.891327381134033
loss_policy = 5.152724266052246
loss_total = 12.307525634765625
loss_value = 0.9505189061164856
step = 532
value_mean = -0.08434224128723145
