entropy_mean = 5.03537654876709
loss_policy = 5.259547710418701
loss_total = 12.69587516784668
loss_value = 1.0157450437545776
step = 425
value_mean = 0.9878833889961243
