entropy_mean = 1.3768771886825562
loss_policy = 1.6563422679901123
loss_total = 7.010439395904541
loss_value = 1.0
step = 2055
value_mean = 1.0
