entropy_mean = 1.7959656715393066
loss_policy = 1.8672969341278076
loss_total = 7.829345703125
loss_value = 1.0
step = 1500
value_mean = 1.0
