entropy_mean = 3.0159964561462402
loss_policy = 3.5609562397003174
loss_total = 9.840713500976562
loss_value = 0.9999953508377075
step = 1146
value_mean = 0.9999982118606567
