entropy_mean = 2.9104952812194824
loss_policy = 2.9276468753814697
loss_total = 9.116466522216797
loss_value = 1.0234375
step = 1283
value_mean = 1.0
