entropy_mean = 3.621792793273926
loss_policy = 4.276455879211426
loss_total = 10.800557136535645
loss_value = 1.0078125
step = 957
value_mean = 1.0
