entropy_mean = 5.711880683898926
loss_policy = 5.898859977722168
loss_total = 13.543889045715332
loss_value = 0.8574447631835938
step = 126
value_mean = 0.9250627756118774
