entropy_mean = 1.9315739870071411
loss_policy = 2.14341139793396
loss_total = 8.164896965026855
loss_value = 1.0
step = 1439
value_mean = 1.0
