entropy_mean = 1.8145395517349243
loss_policy = 1.9542512893676758
loss_total = 7.640576362609863
loss_value = 0.9999998807907104
step = 1765
value_mean = 0.9999999403953552
