entropy_mean = 3.510251998901367
loss_policy = 3.650590419769287
loss_total = 9.949045181274414
loss_value = 0.9921820759773254
step = 1124
value_mean = 0.999995231628418
