entropy_mean = 1.883206844329834
loss_policy = 2.091808795928955
loss_total = 7.946069717407227
loss_value = 1.0234375
step = 1629
value_mean = 1.0
