entropy_mean = 2.870335817337036
loss_policy = 2.9707980155944824
loss_total = 9.125567436218262
loss_value = 0.9365074634552002
step = 1216
value_mean = 0.8045939207077026
