entropy_mean = 2.556452751159668
loss_policy = 3.023813486099243
loss_total = 9.162604331970215
loss_value = 0.9357299208641052
step = 1235
value_mean = -0.7266383171081543
