entropy_mean = 1.5923175811767578
loss_policy = 2.0290699005126953
loss_total = 7.774497985839844
loss_value = 1.0234375
step = 1730
value_mean = 1.0
