entropy_mean = 1.6951488256454468
loss_policy = 1.8782554864883423
loss_total = 7.780853271484375
loss_value = 1.0078125
step = 1566
value_mean = 1.0
