entropy_mean = 5.3461503982543945
loss_policy = 5.744080066680908
loss_total = 13.358467102050781
loss_value = 1.0224785804748535
step = 328
value_mean = -0.9905385375022888
