entropy_mean = 5.145541667938232
loss_policy = 6.329761505126953
loss_total = 13.961006164550781
loss_value = 0.999987781047821
step = 298
value_mean = -0.9999921917915344
