entropy_mean = 4.051681041717529
loss_policy = 4.204176425933838
loss_total = 10.685946464538574
loss_value = 0.9999998211860657
step = 979
value_mean = 0.9999999403953552
