entropy_mean = 4.613620758056641
loss_policy = 4.816782474517822
loss_total = 11.453392028808594
loss_value = 1.0
step = 868
value_mean = 1.0
