entropy_mean = 2.137115955352783
loss_policy = 2.5726592540740967
loss_total = 8.636472702026367
loss_value = 0.9921875
step = 1386
value_mean = 1.0
