entropy_mean = 4.565359115600586
loss_policy = 5.121070861816406
loss_total = 12.064348220825195
loss_value = 0.983268141746521
step = 655
value_mean = 0.9824787378311157
