entropy_mean = 1.6589100360870361
loss_policy = 1.7266572713851929
loss_total = 7.368952751159668
loss_value = 0.9921875
step = 1802
value_mean = 1.0
