entropy_mean = 2.7883193492889404
loss_policy = 3.050654888153076
loss_total = 9.323507308959961
loss_value = 1.045259952545166
step = 1205
value_mean = 0.9982830286026001
