entropy_mean = 1.8288899660110474
loss_policy = 2.0742294788360596
loss_total = 8.017928123474121
loss_value = 1.0
step = 1518
value_mean = 1.0
