entropy_mean = 3.3728652000427246
loss_policy = 3.376451015472412
loss_total = 9.617416381835938
loss_value = 0.992184042930603
step = 1180
value_mean = 0.9999968409538269
