entropy_mean = 1.6159318685531616
loss_policy = 1.8947727680206299
loss_total = 7.283267021179199
loss_value = 1.0156248807907104
step = 2039
value_mean = 0.9999999403953552
