entropy_mean = 5.931543350219727
loss_policy = 5.816987991333008
loss_total = 13.52294635772705
loss_value = 0.9127124547958374
step = 114
value_mean = -0.6718006134033203
