entropy_mean = 1.7735402584075928
loss_policy = 1.8751837015151978
loss_total = 7.769549369812012
loss_value = 1.0390625
step = 1603
value_mean = 1.0
