entropy_mean = 1.769374966621399
loss_policy = 2.4010376930236816
loss_total = 8.47177791595459
loss_value = 1.0
step = 1387
value_mean = 1.0
