entropy_mean = 1.816333532333374
loss_policy = 1.7703241109848022
loss_total = 7.120491027832031
loss_value = 0.984375
step = 2045
value_mean = 1.0
