entropy_mean = 2.0450849533081055
loss_policy = 2.150122880935669
loss_total = 8.151917457580566
loss_value = 1.0
step = 1460
value_mean = 1.0
