entropy_mean = 5.5480780601501465
loss_policy = 5.915827751159668
loss_total = 13.723877906799316
loss_value = 0.9924815893173218
step = 29
value_mean = 0.9513207674026489
