entropy_mean = 4.896238803863525
loss_policy = 5.369010925292969
loss_total = 12.338147163391113
loss_value = 1.015459418296814
step = 659
value_mean = 0.9543224573135376
