entropy_mean = 4.976208209991455
loss_policy = 5.566400051116943
loss_total = 12.998814582824707
loss_value = 0.9973791241645813
step = 418
value_mean = 0.9858455657958984
