entropy_mean = 2.5779027938842773
loss_policy = 3.1340978145599365
loss_total = 9.336273193359375
loss_value = 1.015625
step = 1255
value_mean = 1.0
