entropy_mean = 4.196297645568848
loss_policy = 4.160696983337402
loss_total = 10.573962211608887
loss_value = 0.992186963558197
step = 1028
value_mean = 0.9999998211860657
