entropy_mean = 2.3552491664886475
loss_policy = 2.754697322845459
loss_total = 8.8829927444458
loss_value = 1.0
step = 1324
value_mean = 1.0
