entropy_mean = 4.453169822692871
loss_policy = 6.100245475769043
loss_total = 13.681325912475586
loss_value = 1.046875
step = 362
value_mean = 1.0
