entropy_mean = 1.9556323289871216
loss_policy = 2.0828323364257812
loss_total = 8.064287185668945
loss_value = 0.9999998211860657
step = 1482
value_mean = 0.9999999403953552
