entropy_mean = 1.5946199893951416
loss_policy = 1.7605834007263184
loss_total = 7.525300025939941
loss_value = 0.9921875
step = 1683
value_mean = 1.0
