entropy_mean = 5.599788665771484
loss_policy = 5.97260856628418
loss_total = 13.791162490844727
loss_value = 1.0026441812515259
step = 27
value_mean = 0.9277339577674866
