entropy_mean = 4.072892189025879
loss_policy = 4.396406173706055
loss_total = 10.91781234741211
loss_value = 1.0234367847442627
step = 969
value_mean = 0.9999996423721313
