entropy_mean = 4.718145370483398
loss_policy = 5.800833702087402
loss_total = 13.270513534545898
loss_value = 0.9999603033065796
step = 401
value_mean = 0.9998881816864014
