entropy_mean = 4.5368332862854
loss_policy = 5.186776161193848
loss_total = 12.42042350769043
loss_value = 0.9865936040878296
step = 510
value_mean = -0.7742239236831665
