entropy_mean = 3.523052215576172
loss_policy = 3.7441892623901367
loss_total = 10.039713859558105
loss_value = 0.9999959468841553
step = 1133
value_mean = 0.9999986886978149
