entropy_mean = 2.31516695022583
loss_policy = 2.619560956954956
loss_total = 8.773879051208496
loss_value = 0.9921875
step = 1287
value_mean = 1.0
