entropy_mean = 3.0772271156311035
loss_policy = 3.203223705291748
loss_total = 9.510775566101074
loss_value = 1.046865463256836
step = 1167
value_mean = 0.9999962449073792
