entropy_mean = 1.9098496437072754
loss_policy = 1.862982988357544
loss_total = 7.636693954467773
loss_value = 1.0234375
step = 1703
value_mean = 1.0
