entropy_mean = 2.29547119140625
loss_policy = 2.288261890411377
loss_total = 8.341682434082031
loss_value = 1.0
step = 1406
value_mean = 1.0
