entropy_mean = 1.5764122009277344
loss_policy = 1.597259759902954
loss_total = 6.735637187957764
loss_value = 0.9921867847442627
step = 2238
value_mean = 0.9999992847442627
