entropy_mean = 4.157003879547119
loss_policy = 4.679455757141113
loss_total = 11.227486610412598
loss_value = 0.9921875
step = 925
value_mean = 1.0
