entropy_mean = 5.264128684997559
loss_policy = 5.641096115112305
loss_total = 12.9466552734375
loss_value = 0.9682512879371643
step = 463
value_mean = 0.8518633842468262
