entropy_mean = 1.5361554622650146
loss_policy = 1.6931990385055542
loss_total = 7.0847859382629395
loss_value = 0.9921875
step = 2016
value_mean = 1.0
