entropy_mean = 2.0199010372161865
loss_policy = 1.9658911228179932
loss_total = 7.764064311981201
loss_value = 1.0234375
step = 1681
value_mean = 1.0
