entropy_mean = 3.653925895690918
loss_policy = 3.99080491065979
loss_total = 10.42385482788086
loss_value = 1.0234375
step = 1037
value_mean = 1.0
