entropy_mean = 2.1760363578796387
loss_policy = 2.202664852142334
loss_total = 8.321910858154297
loss_value = 1.0234375
step = 1362
value_mean = 1.0
