entropy_mean = 5.333530426025391
loss_policy = 5.832679748535156
loss_total = 13.428081512451172
loss_value = 0.9921462535858154
step = 320
value_mean = -0.9999683499336243
