entropy_mean = 1.43626868724823
loss_policy = 1.64501953125
loss_total = 6.792357444763184
loss_value = 0.9999998807907104
step = 2237
value_mean = 0.9999999403953552
