entropy_mean = 1.802480697631836
loss_policy = 1.893054485321045
loss_total = 7.640696048736572
loss_value = 0.9921875
step = 1698
value_mean = 1.0
