entropy_mean = 5.024738311767578
loss_policy = 6.20379638671875
loss_total = 13.948278427124023
loss_value = 0.9921755194664001
step = 187
value_mean = -0.9999977350234985
