entropy_mean = 1.7523092031478882
loss_policy = 1.8593448400497437
loss_total = 7.762254238128662
loss_value = 1.0234375
step = 1581
value_mean = 1.0
