entropy_mean = 5.607079982757568
loss_policy = 5.9519805908203125
loss_total = 13.211620330810547
loss_value = 0.46175724267959595
step = 99
value_mean = -0.20721052587032318
