entropy_mean = 1.6641182899475098
loss_policy = 2.034637212753296
loss_total = 7.78803014755249
loss_value = 0.9921875
step = 1693
value_mean = 1.0
