entropy_mean = 2.7410988807678223
loss_policy = 3.158858299255371
loss_total = 9.295778274536133
loss_value = 0.9227403998374939
step = 1221
value_mean = 0.5968235731124878
