entropy_mean = 1.8480310440063477
loss_policy = 2.278409719467163
loss_total = 8.292604446411133
loss_value = 1.0
step = 1446
value_mean = 1.0
