entropy_mean = 4.493991374969482
loss_policy = 5.20119571685791
loss_total = 12.256592750549316
loss_value = 0.9999913573265076
step = 608
value_mean = 0.9999974966049194
