entropy_mean = 1.5977716445922852
loss_policy = 2.0097436904907227
loss_total = 7.6553754806518555
loss_value = 0.9921875
step = 1799
value_mean = 1.0
