entropy_mean = 2.2843005657196045
loss_policy = 2.2021260261535645
loss_total = 8.377204895019531
loss_value = 1.0234375
step = 1299
value_mean = 1.0
