entropy_mean = 3.4725594520568848
loss_policy = 3.610424518585205
loss_total = 9.896245956420898
loss_value = 1.0156172513961792
step = 1156
value_mean = 0.9999909996986389
