entropy_mean = 5.291202545166016
loss_policy = 6.503418445587158
loss_total = 14.316513061523438
loss_value = 0.9957360029220581
step = 15
value_mean = 0.997299075126648
