entropy_mean = 3.859189748764038
loss_policy = 4.303371429443359
loss_total = 10.891311645507812
loss_value = 1.0703123807907104
step = 956
value_mean = 0.9999998807907104
