entropy_mean = 1.4924678802490234
loss_policy = 1.7953598499298096
loss_total = 7.41018009185791
loss_value = 0.9921875
step = 1827
value_mean = 1.0
