entropy_mean = 3.9305853843688965
loss_policy = 4.161202430725098
loss_total = 10.651657104492188
loss_value = 1.0234370231628418
step = 989
value_mean = 0.9999995827674866
