entropy_mean = 1.8425266742706299
loss_policy = 1.8916165828704834
loss_total = 7.655176639556885
loss_value = 1.0234375
step = 1713
value_mean = 1.0
