entropy_mean = 1.653839111328125
loss_policy = 1.7601802349090576
loss_total = 7.287232398986816
loss_value = 1.0234358310699463
step = 1931
value_mean = 0.9999994039535522
