entropy_mean = 4.325825214385986
loss_policy = 5.15627908706665
loss_total = 11.917588233947754
loss_value = 0.9509264826774597
step = 745
value_mean = -0.92271888256073
