entropy_mean = 1.7524135112762451
loss_policy = 1.944818377494812
loss_total = 7.673773765563965
loss_value = 1.0
step = 1724
value_mean = 1.0
