entropy_mean = 4.796273708343506
loss_policy = 5.210625648498535
loss_total = 12.610330581665039
loss_value = 0.9861042499542236
step = 428
value_mean = 0.9191089868545532
