entropy_mean = 1.4235082864761353
loss_policy = 1.7109060287475586
loss_total = 6.91319465637207
loss_value = 1.0
step = 2187
value_mean = 1.0
