entropy_mean = 1.6573950052261353
loss_policy = 1.6970603466033936
loss_total = 7.237166881561279
loss_value = 1.0234375
step = 1921
value_mean = 1.0
