entropy_mean = 1.411880612373352
loss_policy = 1.8936161994934082
loss_total = 7.200226783752441
loss_value = 0.9921875
step = 2086
value_mean = 1.0
