entropy_mean = 1.2756253480911255
loss_policy = 1.5366891622543335
loss_total = 6.732259750366211
loss_value = 0.9921875
step = 2186
value_mean = 1.0
