entropy_mean = 5.617820739746094
loss_policy = 6.565185546875
loss_total = 14.180245399475098
loss_value = 0.999947190284729
step = 311
value_mean = -0.9999760985374451
