entropy_mean = 1.8391058444976807
loss_policy = 2.0472259521484375
loss_total = 7.963012218475342
loss_value = 0.9999977350234985
step = 1547
value_mean = 0.9999991655349731
