entropy_mean = 2.4989514350891113
loss_policy = 2.470165729522705
loss_total = 8.608606338500977
loss_value = 1.0
step = 1313
value_mean = 1.0
