entropy_mean = 2.087405204772949
loss_policy = 2.2879672050476074
loss_total = 8.253617286682129
loss_value = 1.015625
step = 1511
value_mean = 1.0
