entropy_mean = 4.7046918869018555
loss_policy = 4.9023213386535645
loss_total = 11.574769973754883
loss_value = 1.0234375
step = 858
value_mean = 1.0
