entropy_mean = 3.863006591796875
loss_policy = 4.053772449493408
loss_total = 10.412946701049805
loss_value = 0.9999984502792358
step = 1080
value_mean = 0.9999995827674866
