entropy_mean = 4.663869857788086
loss_policy = 5.169020652770996
loss_total = 12.451955795288086
loss_value = 0.9669039249420166
step = 473
value_mean = -0.8819911479949951
