entropy_mean = 2.0071702003479004
loss_policy = 2.171677350997925
loss_total = 8.228713035583496
loss_value = 1.0234375
step = 1427
value_mean = 1.0
