entropy_mean = 2.6408491134643555
loss_policy = 3.006922721862793
loss_total = 9.206765174865723
loss_value = 0.9789859056472778
step = 1213
value_mean = -0.8132785558700562
