entropy_mean = 1.4526718854904175
loss_policy = 1.771092414855957
loss_total = 7.2885847091674805
loss_value = 0.9921875
step = 1913
value_mean = 1.0
