entropy_mean = 3.5417795181274414
loss_policy = 3.7166199684143066
loss_total = 10.027570724487305
loss_value = 0.9921868443489075
step = 1113
value_mean = 0.9999995827674866
