entropy_mean = 4.670204162597656
loss_policy = 5.476134300231934
loss_total = 12.638479232788086
loss_value = 1.0
step = 551
value_mean = 1.0
