entropy_mean = 4.458776473999023
loss_policy = 4.910134792327881
loss_total = 11.684701919555664
loss_value = 0.9997996091842651
step = 770
value_mean = -0.999946117401123
