entropy_mean = 4.7058515548706055
loss_policy = 5.278463363647461
loss_total = 12.444668769836426
loss_value = 1.0
step = 549
value_mean = 1.0
