entropy_mean = 1.5328519344329834
loss_policy = 1.5995204448699951
loss_total = 6.821992874145508
loss_value = 1.0234375
step = 2190
value_mean = 1.0
