entropy_mean = 1.4533098936080933
loss_policy = 1.6592738628387451
loss_total = 6.978940010070801
loss_value = 1.0234375
step = 2103
value_mean = 1.0
