entropy_mean = 1.4619784355163574
loss_policy = 1.8379297256469727
loss_total = 7.550878524780273
loss_value = 0.9921875
step = 1731
value_mean = 1.0
