entropy_mean = 6.106048583984375
loss_policy = 5.98329496383667
loss_total = 13.69371223449707
loss_value = 0.9921875
step = 223
value_mean = -1.0
