entropy_mean = 1.7435710430145264
loss_policy = 2.10210919380188
loss_total = 7.99699592590332
loss_value = 1.0234375
step = 1588
value_mean = 1.0
