entropy_mean = 3.9493002891540527
loss_policy = 4.0700883865356445
loss_total = 10.496088027954102
loss_value = 0.9999994039535522
step = 1024
value_mean = 0.9999998807907104
