entropy_mean = 1.7764465808868408
loss_policy = 2.1057517528533936
loss_total = 8.167789459228516
loss_value = 0.9921875
step = 1388
value_mean = 1.0
