entropy_mean = 1.482250690460205
loss_policy = 1.8763461112976074
loss_total = 7.266079902648926
loss_value = 0.9999998807907104
step = 2024
value_mean = 0.9999999403953552
