entropy_mean = 3.4537582397460938
loss_policy = 4.192152500152588
loss_total = 10.648961067199707
loss_value = 0.9999998211860657
step = 997
value_mean = 0.9999997615814209
