entropy_mean = 4.441777229309082
loss_policy = 4.837723731994629
loss_total = 11.13585376739502
loss_value = 0.6118824481964111
step = 831
value_mean = 0.5352312326431274
