entropy_mean = 3.291133403778076
loss_policy = 3.78686261177063
loss_total = 10.084989547729492
loss_value = 1.0234158039093018
step = 1151
value_mean = 0.9999902248382568
