entropy_mean = 1.6391786336898804
loss_policy = 1.833231806755066
loss_total = 7.6035566329956055
loss_value = 1.0
step = 1685
value_mean = 1.0
