entropy_mean = 1.6716833114624023
loss_policy = 1.8030996322631836
loss_total = 6.973147392272949
loss_value = 0.9999969005584717
step = 2216
value_mean = 0.9999990463256836
