entropy_mean = 3.5289976596832275
loss_policy = 3.398477077484131
loss_total = 9.698888778686523
loss_value = 0.9999978542327881
step = 1129
value_mean = 0.9999986886978149
