entropy_mean = 2.6431140899658203
loss_policy = 2.9189438819885254
loss_total = 9.037546157836914
loss_value = 0.8986249566078186
step = 1214
value_mean = -0.21197649836540222
