entropy_mean = 2.019493579864502
loss_policy = 2.3185765743255615
loss_total = 8.443391799926758
loss_value = 1.0
step = 1328
value_mean = 1.0
