entropy_mean = 5.849748611450195
loss_policy = 5.876015663146973
loss_total = 13.62569808959961
loss_value = 0.9999978542327881
step = 190
value_mean = -0.9999994039535522
