entropy_mean = 5.415808200836182
loss_policy = 6.825390338897705
loss_total = 14.627193450927734
loss_value = 0.984236478805542
step = 11
value_mean = 0.9943808913230896
