entropy_mean = 5.196402549743652
loss_policy = 5.577592849731445
loss_total = 13.14438533782959
loss_value = 0.9843618869781494
step = 334
value_mean = -0.8608715534210205
