entropy_mean = 2.5189199447631836
loss_policy = 2.541611671447754
loss_total = 8.647245407104492
loss_value = 0.984375
step = 1332
value_mean = 1.0
