entropy_mean = 4.261478900909424
loss_policy = 5.086294174194336
loss_total = 12.203727722167969
loss_value = 1.0234375
step = 586
value_mean = 1.0
