entropy_mean = 1.3564109802246094
loss_policy = 1.4973349571228027
loss_total = 6.725686550140381
loss_value = 1.046875
step = 2207
value_mean = 1.0
