entropy_mean = 5.39765739440918
loss_policy = 6.354857444763184
loss_total = 14.21733283996582
loss_value = 1.0452693700790405
step = 17
value_mean = 0.9988785982131958
