entropy_mean = 1.8266193866729736
loss_policy = 1.9070534706115723
loss_total = 7.851456165313721
loss_value = 1.0078125
step = 1527
value_mean = 1.0
