entropy_mean = 4.943443298339844
loss_policy = 5.475890159606934
loss_total = 12.966863632202148
loss_value = 1.0234375
step = 402
value_mean = 1.0
