entropy_mean = 3.7866058349609375
loss_policy = 4.038525581359863
loss_total = 10.430573463439941
loss_value = 1.0234373807907104
step = 1071
value_mean = 0.9999999403953552
