entropy_mean = 4.357159614562988
loss_policy = 4.709939002990723
loss_total = 11.568595886230469
loss_value = 1.0153857469558716
step = 724
value_mean = -0.9999021291732788
