entropy_mean = 1.534696340560913
loss_policy = 1.7128372192382812
loss_total = 7.385953903198242
loss_value = 0.9921875
step = 1771
value_mean = 1.0
