entropy_mean = 1.375713586807251
loss_policy = 1.569317102432251
loss_total = 6.704192638397217
loss_value = 0.9921875
step = 2241
value_mean = 1.0
