entropy_mean = 2.259152889251709
loss_policy = 2.2885732650756836
loss_total = 8.376325607299805
loss_value = 1.0234375
step = 1394
value_mean = 1.0
