entropy_mean = 5.166565895080566
loss_policy = 5.8742499351501465
loss_total = 13.337303161621094
loss_value = 0.9912346601486206
step = 400
value_mean = 0.9983518123626709
