entropy_mean = 2.2266106605529785
loss_policy = 2.45119047164917
loss_total = 8.538948059082031
loss_value = 1.0
step = 1370
value_mean = 1.0
