entropy_mean = 5.303288459777832
loss_policy = 6.004693984985352
loss_total = 13.688905715942383
loss_value = 0.9999998807907104
step = 254
value_mean = -0.9999999403953552
