entropy_mean = 1.7851473093032837
loss_policy = 1.6772264242172241
loss_total = 7.019151210784912
loss_value = 0.9921875
step = 2059
value_mean = 1.0
