entropy_mean = 5.1198530197143555
loss_policy = 5.916926383972168
loss_total = 13.572450637817383
loss_value = 0.9999983906745911
step = 279
value_mean = -0.9999991655349731
