entropy_mean = 3.185243844985962
loss_policy = 3.657396078109741
loss_total = 9.965948104858398
loss_value = 0.9999983310699463
step = 1122
value_mean = 0.9999992251396179
