entropy_mean = 3.935098886489868
loss_policy = 4.3760552406311035
loss_total = 10.772939682006836
loss_value = 0.9921872019767761
step = 1041
value_mean = 0.9999998807907104
