entropy_mean = 4.557397842407227
loss_policy = 5.807038307189941
loss_total = 13.364503860473633
loss_value = 0.9999920725822449
step = 348
value_mean = 0.9999979734420776
