entropy_mean = 4.862265110015869
loss_policy = 5.379256248474121
loss_total = 12.89847183227539
loss_value = 0.9921875
step = 367
value_mean = 1.0
