entropy_mean = 2.841223955154419
loss_policy = 3.3663711547851562
loss_total = 9.627912521362305
loss_value = 0.999995231628418
step = 1166
value_mean = 0.9999983310699463
