entropy_mean = 1.3312909603118896
loss_policy = 1.7582396268844604
loss_total = 7.283242225646973
loss_value = 0.9921875
step = 1906
value_mean = 1.0
