entropy_mean = 4.256855010986328
loss_policy = 4.909893989562988
loss_total = 11.44394302368164
loss_value = 1.0
step = 942
value_mean = 1.0
