entropy_mean = 2.023711681365967
loss_policy = 2.166935443878174
loss_total = 8.154505729675293
loss_value = 1.0234375
step = 1498
value_mean = 1.0
