entropy_mean = 4.571225166320801
loss_policy = 5.914081573486328
loss_total = 13.596061706542969
loss_value = 0.9999997019767761
step = 256
value_mean = -0.9999998211860657
