entropy_mean = 2.6338210105895996
loss_policy = 2.865582227706909
loss_total = 8.954778671264648
loss_value = 0.8844186663627625
step = 1233
value_mean = 0.026957236230373383
