entropy_mean = 3.080958843231201
loss_policy = 3.064793586730957
loss_total = 9.220006942749023
loss_value = 0.9417881965637207
step = 1222
value_mean = 0.21904096007347107
