entropy_mean = 1.484318494796753
loss_policy = 1.7123081684112549
loss_total = 7.379233360290527
loss_value = 1.0
step = 1786
value_mean = 1.0
