entropy_mean = 1.9115239381790161
loss_policy = 2.1823713779449463
loss_total = 8.06595230102539
loss_value = 1.0
step = 1577
value_mean = 1.0
