entropy_mean = 5.037721633911133
loss_policy = 5.6635284423828125
loss_total = 13.03183650970459
loss_value = 1.0233169794082642
step = 459
value_mean = 0.8593971133232117
