entropy_mean = 4.145598411560059
loss_policy = 4.32882022857666
loss_total = 10.820663452148438
loss_value = 1.023436427116394
step = 988
value_mean = 0.9999992847442627
