entropy_mean = 1.4807353019714355
loss_policy = 1.640541672706604
loss_total = 7.042809963226318
loss_value = 1.0
step = 2014
value_mean = 1.0
