entropy_mean = 1.6700098514556885
loss_policy = 1.8612868785858154
loss_total = 7.695560455322266
loss_value = 1.0
step = 1625
value_mean = 1.0
