entropy_mean = 2.553098678588867
loss_policy = 2.61558198928833
loss_total = 8.766530990600586
loss_value = 0.9921875
step = 1291
value_mean = 1.0
