entropy_mean = 1.6924612522125244
loss_policy = 1.7592353820800781
loss_total = 7.000132083892822
loss_value = 0.9999998807907104
step = 2153
value_mean = 0.9999999403953552
