entropy_mean = 3.484816789627075
loss_policy = 3.1821858882904053
loss_total = 9.465460777282715
loss_value = 1.0234355926513672
step = 1168
value_mean = 0.9999994039535522
