entropy_mean = 4.10771369934082
loss_policy = 4.789592266082764
loss_total = 11.258695602416992
loss_value = 0.9921875
step = 982
value_mean = 1.0
