entropy_mean = 4.913460731506348
loss_policy = 5.187972068786621
loss_total = 12.243958473205566
loss_value = 0.9921314716339111
step = 603
value_mean = 0.9999174475669861
