entropy_mean = 1.6320562362670898
loss_policy = 2.3211159706115723
loss_total = 8.331357955932617
loss_value = 1.0
step = 1450
value_mean = 1.0
