entropy_mean = 3.335489511489868
loss_policy = 3.6534159183502197
loss_total = 9.958518028259277
loss_value = 0.9999889135360718
step = 1125
value_mean = 0.9999902844429016
