entropy_mean = 1.4268845319747925
loss_policy = 1.7188475131988525
loss_total = 7.446735858917236
loss_value = 1.0
step = 1725
value_mean = 1.0
