entropy_mean = 4.176360607147217
loss_policy = 4.269813537597656
loss_total = 10.700785636901855
loss_value = 0.9999892711639404
step = 1020
value_mean = 0.9999873638153076
