entropy_mean = 2.015286922454834
loss_policy = 2.210089921951294
loss_total = 8.33475112915039
loss_value = 1.0234375
step = 1356
value_mean = 1.0
