entropy_mean = 1.386145830154419
loss_policy = 1.5705833435058594
loss_total = 6.819697380065918
loss_value = 0.9921874403953552
step = 2138
value_mean = 0.9999999403953552
