entropy_mean = 5.736480712890625
loss_policy = 5.902583599090576
loss_total = 12.991008758544922
loss_value = 0.29087817668914795
step = 100
value_mean = 0.5458056926727295
