entropy_mean = 1.5484797954559326
loss_policy = 1.5709455013275146
loss_total = 7.246703147888184
loss_value = 1.0
step = 1777
value_mean = 1.0
