entropy_mean = 5.474521636962891
loss_policy = 5.912942886352539
loss_total = 13.467059135437012
loss_value = 0.7596257328987122
step = 110
value_mean = 0.28485989570617676
