entropy_mean = 4.379952907562256
loss_policy = 4.575076103210449
loss_total = 11.325082778930664
loss_value = 0.9999995231628418
step = 787
value_mean = -0.9999996423721313
