entropy_mean = 4.174777984619141
loss_policy = 4.718790054321289
loss_total = 11.32762336730957
loss_value = 1.0234375
step = 905
value_mean = 1.0
