entropy_mean = 1.948115348815918
loss_policy = 2.131795644760132
loss_total = 8.029672622680664
loss_value = 1.0
step = 1563
value_mean = 1.0
