entropy_mean = 5.184453010559082
loss_policy = 5.974485397338867
loss_total = 13.575605392456055
loss_value = 0.9921382665634155
step = 316
value_mean = -0.9999794960021973
