entropy_mean = 3.401092529296875
loss_policy = 3.701071262359619
loss_total = 10.000243186950684
loss_value = 0.9999934434890747
step = 1130
value_mean = 0.9999964237213135
