entropy_mean = 1.5391271114349365
loss_policy = 1.6274621486663818
loss_total = 6.896187782287598
loss_value = 0.9999982118606567
step = 2128
value_mean = 0.9999991655349731
