entropy_mean = 5.654701232910156
loss_policy = 5.989006042480469
loss_total = 13.698539733886719
loss_value = 0.8957234621047974
step = 37
value_mean = 0.5067687034606934
