entropy_mean = 1.6078464984893799
loss_policy = 1.6095612049102783
loss_total = 7.358595371246338
loss_value = 1.0234375
step = 1727
value_mean = 1.0
