entropy_mean = 4.324378490447998
loss_policy = 4.972359657287598
loss_total = 11.589553833007812
loss_value = 1.0
step = 883
value_mean = 1.0
