entropy_mean = 2.9004321098327637
loss_policy = 3.409942150115967
loss_total = 9.650527000427246
loss_value = 0.9843688011169434
step = 1172
value_mean = 0.9999954104423523
