entropy_mean = 2.2266554832458496
loss_policy = 2.1509416103363037
loss_total = 8.273921012878418
loss_value = 1.015625
step = 1349
value_mean = 1.0
