entropy_mean = 1.5917775630950928
loss_policy = 1.8303426504135132
loss_total = 7.563453197479248
loss_value = 1.0
step = 1720
value_mean = 1.0
