entropy_mean = 4.397233486175537
loss_policy = 5.38603401184082
loss_total = 12.73470401763916
loss_value = 0.9882579445838928
step = 451
value_mean = 0.7936699390411377
