entropy_mean = 5.3470563888549805
loss_policy = 6.6230974197387695
loss_total = 14.098531723022461
loss_value = 0.6963061690330505
step = 143
value_mean = 0.21829567849636078
