entropy_mean = 2.3303842544555664
loss_policy = 2.1588985919952393
loss_total = 8.211458206176758
loss_value = 1.0
step = 1407
value_mean = 1.0
