entropy_mean = 1.5212831497192383
loss_policy = 1.5855662822723389
loss_total = 6.799979209899902
loss_value = 0.9999999403953552
step = 2177
value_mean = 1.0
