entropy_mean = 3.156841278076172
loss_policy = 3.581315755844116
loss_total = 9.875843048095703
loss_value = 1.0234334468841553
step = 1155
value_mean = 0.9999946355819702
