entropy_mean = 5.322259902954102
loss_policy = 6.320917129516602
loss_total = 14.130294799804688
loss_value = 0.9919537305831909
step = 14
value_mean = 0.9998753070831299
