entropy_mean = 1.628829002380371
loss_policy = 1.615212321281433
loss_total = 6.766777038574219
loss_value = 1.0
step = 2233
value_mean = 1.0
