entropy_mean = 5.622014045715332
loss_policy = 5.823969841003418
loss_total = 13.400675773620605
loss_value = 0.7698007822036743
step = 64
value_mean = 0.5524306297302246
