entropy_mean = 1.724881649017334
loss_policy = 1.8482410907745361
loss_total = 7.6504621505737305
loss_value = 1.0
step = 1657
value_mean = 1.0
