entropy_mean = 4.999686241149902
loss_policy = 4.980858325958252
loss_total = 11.66728687286377
loss_value = 0.9009881019592285
step = 763
value_mean = -0.9788221120834351
