entropy_mean = 4.088709354400635
loss_policy = 4.397284507751465
loss_total = 10.867105484008789
loss_value = 0.999998927116394
step = 987
value_mean = 0.9999996423721313
