entropy_mean = 4.127441883087158
loss_policy = 4.833305358886719
loss_total = 11.536738395690918
loss_value = 0.915169894695282
step = 761
value_mean = 0.17582811415195465
