entropy_mean = 5.057836532592773
loss_policy = 5.686528205871582
loss_total = 13.340998649597168
loss_value = 1.0156173706054688
step = 292
value_mean = -0.9999951124191284
