entropy_mean = 4.8997802734375
loss_policy = 5.397618770599365
loss_total = 12.838752746582031
loss_value = 0.9999970197677612
step = 415
value_mean = 0.9999986886978149
