entropy_mean = 3.8486995697021484
loss_policy = 3.8903636932373047
loss_total = 10.31024169921875
loss_value = 0.9999995231628418
step = 1029
value_mean = 0.9999996423721313
