entropy_mean = 5.172727584838867
loss_policy = 4.936898231506348
loss_total = 11.711884498596191
loss_value = 0.991010844707489
step = 764
value_mean = -0.9968220591545105
