entropy_mean = 1.6345534324645996
loss_policy = 2.029710531234741
loss_total = 8.034087181091309
loss_value = 0.9921875
step = 1448
value_mean = 1.0
