entropy_mean = 4.830530166625977
loss_policy = 5.088932037353516
loss_total = 11.970071792602539
loss_value = 0.9793508648872375
step = 689
value_mean = 0.837713360786438
