entropy_mean = 4.922318458557129
loss_policy = 5.979154586791992
loss_total = 13.689798355102539
loss_value = 1.0
step = 230
value_mean = -1.0
