entropy_mean = 1.5898113250732422
loss_policy = 1.9266799688339233
loss_total = 7.644983768463135
loss_value = 1.0
step = 1733
value_mean = 1.0
