entropy_mean = 5.700615882873535
loss_policy = 6.006508827209473
loss_total = 13.437240600585938
loss_value = 0.6204558610916138
step = 51
value_mean = -0.6615034341812134
