entropy_mean = 1.5485341548919678
loss_policy = 1.7319605350494385
loss_total = 7.531511306762695
loss_value = 1.0
step = 1659
value_mean = 1.0
