entropy_mean = 4.4907073974609375
loss_policy = 4.912479877471924
loss_total = 11.463048934936523
loss_value = 0.8608212471008301
step = 828
value_mean = -0.8834100365638733
