entropy_mean = 2.4178805351257324
loss_policy = 2.470865488052368
loss_total = 8.544319152832031
loss_value = 1.0
step = 1384
value_mean = 1.0
