entropy_mean = 2.1628365516662598
loss_policy = 2.491361379623413
loss_total = 8.626277923583984
loss_value = 1.0234375
step = 1344
value_mean = 1.0
