entropy_mean = 1.6048173904418945
loss_policy = 1.6374034881591797
loss_total = 7.4226508140563965
loss_value = 0.984375
step = 1658
value_mean = 1.0
