entropy_mean = 1.5308928489685059
loss_policy = 1.8393290042877197
loss_total = 7.721842288970947
loss_value = 1.0156240463256836
step = 1592
value_mean = 0.9999998807907104
