entropy_mean = 1.779020071029663
loss_policy = 1.8437877893447876
loss_total = 7.698394775390625
loss_value = 1.046875
step = 1653
value_mean = 1.0
