entropy_mean = 1.4058723449707031
loss_policy = 1.7446926832199097
loss_total = 7.060456275939941
loss_value = 1.0
step = 2085
value_mean = 1.0
