entropy_mean = 3.156402587890625
loss_policy = 3.8069417476654053
loss_total = 10.087454795837402
loss_value = 0.9765561819076538
step = 1126
value_mean = 0.9999968409538269
