entropy_mean = 1.5963575839996338
loss_policy = 1.7361855506896973
loss_total = 6.946303844451904
loss_value = 1.0234366655349731
step = 2202
value_mean = 0.9999993443489075
