entropy_mean = 5.076808929443359
loss_policy = 5.6302595138549805
loss_total = 12.817934036254883
loss_value = 1.0234375
step = 550
value_mean = 1.0
