entropy_mean = 1.4821388721466064
loss_policy = 1.7528852224349976
loss_total = 7.089691638946533
loss_value = 1.046875
step = 2109
value_mean = 1.0
