entropy_mean = 1.8886985778808594
loss_policy = 1.9855583906173706
loss_total = 7.85194730758667
loss_value = 1.0234375
step = 1616
value_mean = 1.0
