entropy_mean = 1.808014988899231
loss_policy = 2.007836103439331
loss_total = 7.920324802398682
loss_value = 1.0
step = 1550
value_mean = 1.0
