entropy_mean = 1.5142117738723755
loss_policy = 1.6187251806259155
loss_total = 7.3152055740356445
loss_value = 1.0234375
step = 1780
value_mean = 1.0
