entropy_mean = 5.031498908996582
loss_policy = 6.196387767791748
loss_total = 13.757303237915039
loss_value = 1.0
step = 346
value_mean = 1.0
