entropy_mean = 1.950967788696289
loss_policy = 2.052475690841675
loss_total = 8.134488105773926
loss_value = 0.9921875
step = 1368
value_mean = 1.0
