entropy_mean = 1.793213129043579
loss_policy = 1.8665533065795898
loss_total = 7.77345609664917
loss_value = 0.9921875
step = 1548
value_mean = 1.0
