entropy_mean = 4.174670696258545
loss_policy = 4.921534538269043
loss_total = 12.091657638549805
loss_value = 1.0
step = 547
value_mean = 1.0
