entropy_mean = 1.761939287185669
loss_policy = 2.080695629119873
loss_total = 7.931209564208984
loss_value = 1.0
step = 1608
value_mean = 1.0
