entropy_mean = 1.783470630645752
loss_policy = 1.6674124002456665
loss_total = 6.959415435791016
loss_value = 1.0
step = 2107
value_mean = 1.0
