entropy_mean = 2.2890703678131104
loss_policy = 2.476283311843872
loss_total = 8.574934005737305
loss_value = 0.9921875
step = 1350
value_mean = 1.0
