entropy_mean = 3.647317409515381
loss_policy = 4.349086284637451
loss_total = 10.822943687438965
loss_value = 1.0234370231628418
step = 1003
value_mean = 0.9999996423721313
