entropy_mean = 4.1615705490112305
loss_policy = 4.412586688995361
loss_total = 10.935218811035156
loss_value = 1.0
step = 952
value_mean = 1.0
