entropy_mean = 1.5623695850372314
loss_policy = 1.7972694635391235
loss_total = 7.35436487197876
loss_value = 1.015625
step = 1899
value_mean = 1.0
