entropy_mean = 5.704242706298828
loss_policy = 6.188946723937988
loss_total = 13.643777847290039
loss_value = 0.6713764667510986
step = 134
value_mean = -0.12089003622531891
