entropy_mean = 1.5570733547210693
loss_policy = 1.929825782775879
loss_total = 7.784162998199463
loss_value = 1.0
step = 1604
value_mean = 1.0
