entropy_mean = 3.888758659362793
loss_policy = 4.978133201599121
loss_total = 11.56217098236084
loss_value = 1.0
step = 906
value_mean = 1.0
