entropy_mean = 5.566349029541016
loss_policy = 6.118653297424316
loss_total = 13.9307222366333
loss_value = 0.9952759146690369
step = 21
value_mean = 0.9849885106086731
