entropy_mean = 2.6203866004943848
loss_policy = 2.895273208618164
loss_total = 9.097822189331055
loss_value = 0.9928411245346069
step = 1227
value_mean = 0.9442211389541626
