entropy_mean = 4.756544589996338
loss_policy = 5.095229148864746
loss_total = 11.966434478759766
loss_value = 1.0234217643737793
step = 721
value_mean = -0.9999880790710449
