entropy_mean = 5.808979034423828
loss_policy = 6.322534084320068
loss_total = 14.178369522094727
loss_value = 1.039306402206421
step = 23
value_mean = 0.9932299256324768
