entropy_mean = 1.8756464719772339
loss_policy = 1.9261505603790283
loss_total = 7.50926399230957
loss_value = 1.0390625
step = 1897
value_mean = 1.0
