entropy_mean = 3.8555922508239746
loss_policy = 5.14198637008667
loss_total = 12.174848556518555
loss_value = 0.9985926151275635
step = 619
value_mean = 0.9983638525009155
