entropy_mean = 5.867137432098389
loss_policy = 6.011823654174805
loss_total = 13.791056632995605
loss_value = 1.0136394500732422
step = 172
value_mean = 0.9839401245117188
