entropy_mean = 1.5902962684631348
loss_policy = 1.756631851196289
loss_total = 7.584925651550293
loss_value = 0.9921875
step = 1623
value_mean = 1.0
