entropy_mean = 1.631289005279541
loss_policy = 1.707377314567566
loss_total = 6.876199722290039
loss_value = 0.9999992847442627
step = 2217
value_mean = 0.9999997615814209
