entropy_mean = 4.414254188537598
loss_policy = 5.380215644836426
loss_total = 12.556356430053711
loss_value = 1.0
step = 544
value_mean = 1.0
