entropy_mean = 5.05322265625
loss_policy = 6.43999719619751
loss_total = 14.077329635620117
loss_value = 1.0234252214431763
step = 312
value_mean = -0.9999932646751404
