entropy_mean = 4.2352800369262695
loss_policy = 4.684710502624512
loss_total = 11.150362014770508
loss_value = 1.0
step = 990
value_mean = 0.9999999403953552
