entropy_mean = 5.030391693115234
loss_policy = 5.324305057525635
loss_total = 12.46206283569336
loss_value = 0.9236158132553101
step = 527
value_mean = 0.8598439693450928
