entropy_mean = 5.513529300689697
loss_policy = 5.930380821228027
loss_total = 13.473724365234375
loss_value = 0.740253210067749
step = 81
value_mean = -0.9445447325706482
