entropy_mean = 2.615771770477295
loss_policy = 3.247051239013672
loss_total = 9.50042724609375
loss_value = 0.9999920725822449
step = 1175
value_mean = 0.9999980926513672
