entropy_mean = 5.109874725341797
loss_policy = 5.187025547027588
loss_total = 12.596014022827148
loss_value = 0.9906661510467529
step = 426
value_mean = 0.9815676212310791
