entropy_mean = 2.231752395629883
loss_policy = 2.2736170291900635
loss_total = 8.359274864196777
loss_value = 0.9999999403953552
step = 1372
value_mean = 1.0
