entropy_mean = 1.5177632570266724
loss_policy = 2.0366058349609375
loss_total = 8.072940826416016
loss_value = 0.9921875
step = 1416
value_mean = 1.0
