entropy_mean = 2.6969070434570312
loss_policy = 2.5721566677093506
loss_total = 8.55006217956543
loss_value = 0.7868583798408508
step = 1249
value_mean = -0.3634694218635559
