entropy_mean = 4.376517295837402
loss_policy = 5.360646724700928
loss_total = 12.900005340576172
loss_value = 1.0234375
step = 375
value_mean = 1.0
