entropy_mean = 3.74808931350708
loss_policy = 4.037546157836914
loss_total = 10.43504810333252
loss_value = 0.9999975562095642
step = 1047
value_mean = 0.9999966025352478
