entropy_mean = 1.5577354431152344
loss_policy = 1.9066441059112549
loss_total = 7.7418107986450195
loss_value = 1.0
step = 1624
value_mean = 1.0
