entropy_mean = 4.072125434875488
loss_policy = 4.17161226272583
loss_total = 10.615923881530762
loss_value = 0.999999463558197
step = 1009
value_mean = 0.9999996423721313
