entropy_mean = 5.419550895690918
loss_policy = 5.855456829071045
loss_total = 13.641805648803711
loss_value = 1.0187047719955444
step = 169
value_mean = 0.9972760081291199
