entropy_mean = 1.6972339153289795
loss_policy = 2.0722837448120117
loss_total = 8.101881980895996
loss_value = 1.0
step = 1431
value_mean = 1.0
