entropy_mean = 4.477207183837891
loss_policy = 5.543923377990723
loss_total = 12.899391174316406
loss_value = 0.9808151721954346
step = 444
value_mean = 0.7992174029350281
