entropy_mean = 2.2267074584960938
loss_policy = 2.650407075881958
loss_total = 8.779173851013184
loss_value = 0.9921875
step = 1315
value_mean = 1.0
