entropy_mean = 1.6488146781921387
loss_policy = 1.6792082786560059
loss_total = 7.227872848510742
loss_value = 0.9921875
step = 1887
value_mean = 1.0
