entropy_mean = 4.672779083251953
loss_policy = 5.727200508117676
loss_total = 13.114826202392578
loss_value = 1.0462408065795898
step = 461
value_mean = 0.9058218002319336
