entropy_mean = 4.086629390716553
loss_policy = 4.9163007736206055
loss_total = 11.470550537109375
loss_value = 0.9921875
step = 921
value_mean = 1.0
