entropy_mean = 4.219326019287109
loss_policy = 4.803463935852051
loss_total = 11.462014198303223
loss_value = 1.0
step = 851
value_mean = 1.0
