entropy_mean = 1.8327293395996094
loss_policy = 2.029171943664551
loss_total = 7.952814102172852
loss_value = 1.0390625
step = 1576
value_mean = 1.0
