entropy_mean = 1.517439842224121
loss_policy = 1.7281291484832764
loss_total = 7.129106044769287
loss_value = 1.0234375
step = 2035
value_mean = 1.0
