entropy_mean = 4.461638927459717
loss_policy = 5.339450836181641
loss_total = 12.422113418579102
loss_value = 0.9999985694885254
step = 592
value_mean = 0.9999993443489075
