entropy_mean = 4.955014228820801
loss_policy = 5.663355827331543
loss_total = 13.333902359008789
loss_value = 1.0
step = 267
value_mean = -1.0
