entropy_mean = 1.6979808807373047
loss_policy = 1.6648770570755005
loss_total = 7.005568027496338
loss_value = 0.9921875
step = 2060
value_mean = 1.0
