entropy_mean = 3.7656731605529785
loss_policy = 4.369775772094727
loss_total = 10.801607131958008
loss_value = 1.023437261581421
step = 1038
value_mean = 0.9999998807907104
