entropy_mean = 1.942232608795166
loss_policy = 2.2295138835906982
loss_total = 8.164440155029297
loss_value = 1.0
step = 1529
value_mean = 1.0
