entropy_mean = 2.92579984664917
loss_policy = 2.848456621170044
loss_total = 9.01587200164795
loss_value = 0.9670568108558655
step = 1238
value_mean = -0.9084441661834717
