entropy_mean = 1.64520263671875
loss_policy = 2.0828287601470947
loss_total = 8.162271499633789
loss_value = 1.0234375
step = 1403
value_mean = 1.0
