entropy_mean = 1.7194970846176147
loss_policy = 2.2239623069763184
loss_total = 8.13949966430664
loss_value = 1.015625
step = 1561
value_mean = 1.0
