entropy_mean = 5.5239386558532715
loss_policy = 5.734154224395752
loss_total = 13.367813110351562
loss_value = 0.8397490978240967
step = 112
value_mean = -0.9772294759750366
