entropy_mean = 3.4261720180511475
loss_policy = 4.126051902770996
loss_total = 10.489386558532715
loss_value = 0.9999997615814209
step = 1076
value_mean = 0.9999997615814209
