entropy_mean = 4.45902156829834
loss_policy = 4.603963851928711
loss_total = 11.29142951965332
loss_value = 1.0077862739562988
step = 836
value_mean = 0.9999999403953552
