entropy_mean = 1.9239604473114014
loss_policy = 1.9179309606552124
loss_total = 7.685971260070801
loss_value = 0.9921875
step = 1680
value_mean = 1.0
