entropy_mean = 4.842109203338623
loss_policy = 5.466192722320557
loss_total = 12.803695678710938
loss_value = 1.0110565423965454
step = 468
value_mean = 0.893794059753418
