entropy_mean = 1.4404879808425903
loss_policy = 1.6127108335494995
loss_total = 7.324470043182373
loss_value = 0.9921875
step = 1732
value_mean = 1.0
