entropy_mean = 1.6316235065460205
loss_policy = 1.6859643459320068
loss_total = 7.014664649963379
loss_value = 1.0234375
step = 2094
value_mean = 1.0
