entropy_mean = 4.97636079788208
loss_policy = 5.59803581237793
loss_total = 13.110790252685547
loss_value = 0.7366816997528076
step = 150
value_mean = 0.7408490180969238
