entropy_mean = 5.20760440826416
loss_policy = 6.044249534606934
loss_total = 13.73094654083252
loss_value = 0.9920949935913086
step = 245
value_mean = -0.9999480247497559
