entropy_mean = 1.3928744792938232
loss_policy = 1.595573902130127
loss_total = 7.041670799255371
loss_value = 1.0234375
step = 1999
value_mean = 1.0
