entropy_mean = 4.868962287902832
loss_policy = 5.353906631469727
loss_total = 12.524349212646484
loss_value = 1.0234375
step = 560
value_mean = 1.0
