entropy_mean = 4.28963565826416
loss_policy = 4.869418144226074
loss_total = 11.893655776977539
loss_value = 1.0077109336853027
step = 628
value_mean = 0.9528025388717651
