entropy_mean = 2.7808632850646973
loss_policy = 2.905025005340576
loss_total = 9.146013259887695
loss_value = 0.9999810457229614
step = 1189
value_mean = 0.9999899864196777
