entropy_mean = 1.6560583114624023
loss_policy = 1.8698228597640991
loss_total = 7.70988130569458
loss_value = 1.0
step = 1619
value_mean = 1.0
