entropy_mean = 1.5812842845916748
loss_policy = 1.9560120105743408
loss_total = 7.484269618988037
loss_value = 1.0234375
step = 1930
value_mean = 1.0
