entropy_mean = 5.508814811706543
loss_policy = 6.091588020324707
loss_total = 13.677553176879883
loss_value = 0.9955645799636841
step = 329
value_mean = -0.9694475531578064
