entropy_mean = 1.4153175354003906
loss_policy = 1.5525469779968262
loss_total = 6.829387187957764
loss_value = 1.0
step = 2121
value_mean = 1.0
