entropy_mean = 5.7456159591674805
loss_policy = 6.231731414794922
loss_total = 13.861749649047852
loss_value = 0.9999773502349854
step = 299
value_mean = -0.9999880790710449
