entropy_mean = 1.805465579032898
loss_policy = 1.9916192293167114
loss_total = 7.551681995391846
loss_value = 0.9921875
step = 1878
value_mean = 1.0
