entropy_mean = 1.8227101564407349
loss_policy = 1.695047378540039
loss_total = 6.903170108795166
loss_value = 1.0234375
step = 2204
value_mean = 1.0
