entropy_mean = 4.275914192199707
loss_policy = 5.197030544281006
loss_total = 12.590651512145996
loss_value = 1.0075805187225342
step = 439
value_mean = 0.8436459898948669
