entropy_mean = 4.4812703132629395
loss_policy = 5.414570331573486
loss_total = 12.845184326171875
loss_value = 0.9975671768188477
step = 419
value_mean = 0.9813447594642639
