entropy_mean = 3.942589521408081
loss_policy = 4.838257789611816
loss_total = 11.37569808959961
loss_value = 1.0
step = 939
value_mean = 1.0
