entropy_mean = 1.603219985961914
loss_policy = 1.7609513998031616
loss_total = 7.455529689788818
loss_value = 0.9921872615814209
step = 1748
value_mean = 0.9999999403953552
