entropy_mean = 5.612114906311035
loss_policy = 5.829235553741455
loss_total = 13.448845863342285
loss_value = 0.8177623748779297
step = 86
value_mean = 0.8114960193634033
