entropy_mean = 5.234828948974609
loss_policy = 5.977684020996094
loss_total = 13.336181640625
loss_value = 0.5755323171615601
step = 135
value_mean = 0.13557210564613342
