entropy_mean = 1.9261611700057983
loss_policy = 2.3932137489318848
loss_total = 8.474190711975098
loss_value = 0.9921871423721313
step = 1369
value_mean = 0.9999998211860657
