entropy_mean = 4.266341209411621
loss_policy = 4.961177825927734
loss_total = 11.638402938842773
loss_value = 0.9592596292495728
step = 807
value_mean = -0.6929116249084473
