entropy_mean = 1.7603834867477417
loss_policy = 1.9373090267181396
loss_total = 7.827256679534912
loss_value = 0.984375
step = 1556
value_mean = 1.0
