entropy_mean = 1.8804277181625366
loss_policy = 2.0771143436431885
loss_total = 8.054317474365234
loss_value = 1.0
step = 1486
value_mean = 1.0
