entropy_mean = 1.5816680192947388
loss_policy = 1.7611141204833984
loss_total = 7.209484100341797
loss_value = 1.0
step = 1978
value_mean = 1.0
