entropy_mean = 1.561948299407959
loss_policy = 1.6209344863891602
loss_total = 6.786202907562256
loss_value = 1.0
step = 2220
value_mean = 1.0
