entropy_mean = 5.827391624450684
loss_policy = 5.870391368865967
loss_total = 13.621820449829102
loss_value = 0.9369015097618103
step = 34
value_mean = 0.8209666013717651
