entropy_mean = 2.154916763305664
loss_policy = 1.9236201047897339
loss_total = 7.868971824645996
loss_value = 1.0
step = 1516
value_mean = 1.0
