entropy_mean = 4.258184432983398
loss_policy = 5.022812843322754
loss_total = 11.957274436950684
loss_value = 0.9991894960403442
step = 671
value_mean = 0.9686751961708069
