entropy_mean = 5.206043243408203
loss_policy = 5.842539310455322
loss_total = 12.982494354248047
loss_value = 0.36699020862579346
step = 157
value_mean = -0.47156402468681335
