entropy_mean = 4.091712951660156
loss_policy = 4.119289875030518
loss_total = 10.557445526123047
loss_value = 1.0234318971633911
step = 1033
value_mean = 0.9999988079071045
