entropy_mean = 5.727180480957031
loss_policy = 5.923458099365234
loss_total = 13.715577125549316
loss_value = 0.9771538972854614
step = 32
value_mean = 0.9165107011795044
