entropy_mean = 1.815233588218689
loss_policy = 1.8173309564590454
loss_total = 7.314095497131348
loss_value = 1.0234375
step = 1955
value_mean = 1.0
