entropy_mean = 5.9325852394104
loss_policy = 7.51815128326416
loss_total = 15.334979057312012
loss_value = 0.9991689324378967
step = 7
value_mean = 0.9995620846748352
