entropy_mean = 4.913944721221924
loss_policy = 5.940694808959961
loss_total = 13.09274673461914
loss_value = 1.0
step = 557
value_mean = 1.0
