entropy_mean = 2.213843822479248
loss_policy = 2.084322929382324
loss_total = 8.137173652648926
loss_value = 0.9921875
step = 1398
value_mean = 1.0
