entropy_mean = 1.642116665840149
loss_policy = 1.8194091320037842
loss_total = 7.656491279602051
loss_value = 1.0
step = 1622
value_mean = 1.0
