entropy_mean = 1.3986232280731201
loss_policy = 1.5398178100585938
loss_total = 6.722466945648193
loss_value = 0.9999977350234985
step = 2206
value_mean = 0.9999988079071045
