entropy_mean = 1.5679882764816284
loss_policy = 1.9323546886444092
loss_total = 7.26424503326416
loss_value = 1.0234375
step = 2091
value_mean = 1.0
