entropy_mean = 5.706438064575195
loss_policy = 6.151044845581055
loss_total = 13.6089448928833
loss_value = 0.6729416847229004
step = 131
value_mean = -0.5848281383514404
