entropy_mean = 5.3018927574157715
loss_policy = 5.946087837219238
loss_total = 13.453889846801758
loss_value = 1.0
step = 381
value_mean = 1.0
