entropy_mean = 5.654339790344238
loss_policy = 6.056051731109619
loss_total = 13.787313461303711
loss_value = 1.0
step = 209
value_mean = -1.0
