entropy_mean = 2.104714870452881
loss_policy = 2.628755807876587
loss_total = 8.795755386352539
loss_value = 1.0
step = 1281
value_mean = 1.0
