entropy_mean = 1.6022018194198608
loss_policy = 1.8122903108596802
loss_total = 7.390970230102539
loss_value = 1.0234375
step = 1888
value_mean = 1.0
