entropy_mean = 1.538907766342163
loss_policy = 1.7119148969650269
loss_total = 7.4390974044799805
loss_value = 1.015625
step = 1739
value_mean = 1.0
