entropy_mean = 4.815825462341309
loss_policy = 6.295169830322266
loss_total = 14.003681182861328
loss_value = 1.0468740463256836
step = 274
value_mean = -0.9999995231628418
