entropy_mean = 1.6820050477981567
loss_policy = 1.9793314933776855
loss_total = 7.898371696472168
loss_value = 1.0
step = 1544
value_mean = 1.0
