entropy_mean = 3.8627524375915527
loss_policy = 3.948822021484375
loss_total = 10.400728225708008
loss_value = 1.0234218835830688
step = 1022
value_mean = 0.9999909400939941
