entropy_mean = 2.0292978286743164
loss_policy = 2.196563482284546
loss_total = 8.190384864807129
loss_value = 1.0
step = 1469
value_mean = 1.0
