entropy_mean = 1.9163005352020264
loss_policy = 2.454763889312744
loss_total = 8.509008407592773
loss_value = 1.0
step = 1405
value_mean = 1.0
