entropy_mean = 4.641576290130615
loss_policy = 5.607667446136475
loss_total = 12.892385482788086
loss_value = 1.0
step = 489
value_mean = -1.0
