entropy_mean = 3.1345276832580566
loss_policy = 3.4219651222229004
loss_total = 9.680872917175293
loss_value = 0.9921802282333374
step = 1160
value_mean = 0.9999942779541016
