entropy_mean = 2.155197858810425
loss_policy = 2.2843644618988037
loss_total = 8.303550720214844
loss_value = 1.0234375
step = 1467
value_mean = 1.0
