entropy_mean = 5.485720634460449
loss_policy = 6.04522705078125
loss_total = 13.709766387939453
loss_value = 1.0077816247940063
step = 278
value_mean = -0.9999862313270569
