entropy_mean = 3.081183910369873
loss_policy = 3.2964110374450684
loss_total = 9.55074691772461
loss_value = 0.999993085861206
step = 1174
value_mean = 0.9999966621398926
