entropy_mean = 5.0903449058532715
loss_policy = 5.010435104370117
loss_total = 12.073929786682129
loss_value = 1.0234369039535522
step = 616
value_mean = 0.9999996423721313
