entropy_mean = 2.122201681137085
loss_policy = 2.3481812477111816
loss_total = 8.387392044067383
loss_value = 1.0
step = 1421
value_mean = 1.0
