entropy_mean = 5.6446990966796875
loss_policy = 6.2163825035095215
loss_total = 13.71884536743164
loss_value = 0.7237627506256104
step = 144
value_mean = -0.05371297895908356
