entropy_mean = 3.5770254135131836
loss_policy = 3.940387010574341
loss_total = 10.352507591247559
loss_value = 0.9999997615814209
step = 1035
value_mean = 0.9999998807907104
