entropy_mean = 4.659088134765625
loss_policy = 5.014671325683594
loss_total = 11.892345428466797
loss_value = 0.9999998807907104
step = 703
value_mean = -1.0
