entropy_mean = 1.5301902294158936
loss_policy = 1.8015456199645996
loss_total = 7.530910491943359
loss_value = 0.9921875
step = 1716
value_mean = 1.0
