entropy_mean = 2.2226362228393555
loss_policy = 2.60662841796875
loss_total = 8.785408973693848
loss_value = 1.0
step = 1266
value_mean = 1.0
