entropy_mean = 1.5378458499908447
loss_policy = 1.6787506341934204
loss_total = 7.389273643493652
loss_value = 0.9999997019767761
step = 1740
value_mean = 0.9999998807907104
