entropy_mean = 5.377959251403809
loss_policy = 5.349295616149902
loss_total = 12.739631652832031
loss_value = 0.9895869493484497
step = 433
value_mean = 0.7128839492797852
