entropy_mean = 4.729358673095703
loss_policy = 5.785354137420654
loss_total = 12.925193786621094
loss_value = 1.0234375
step = 575
value_mean = 1.0
