entropy_mean = 2.905540704727173
loss_policy = 3.080677032470703
loss_total = 9.292539596557617
loss_value = 1.0106017589569092
step = 1237
value_mean = -0.970299243927002
