entropy_mean = 3.7627363204956055
loss_policy = 3.9548773765563965
loss_total = 10.411857604980469
loss_value = 1.0234375
step = 1018
value_mean = 0.9999998807907104
