entropy_mean = 4.568381309509277
loss_policy = 4.964967250823975
loss_total = 11.537860870361328
loss_value = 1.015625
step = 924
value_mean = 1.0
