entropy_mean = 4.191998481750488
loss_policy = 4.4777984619140625
loss_total = 10.983692169189453
loss_value = 0.9998944401741028
step = 964
value_mean = 0.9998725056648254
