entropy_mean = 1.7208917140960693
loss_policy = 1.7380938529968262
loss_total = 7.546301364898682
loss_value = 0.9921875
step = 1646
value_mean = 1.0
