entropy_mean = 1.584896445274353
loss_policy = 1.8459248542785645
loss_total = 7.509696006774902
loss_value = 1.0
step = 1789
value_mean = 1.0
