entropy_mean = 5.542720794677734
loss_policy = 6.347673416137695
loss_total = 14.072470664978027
loss_value = 1.0234375
step = 239
value_mean = -1.0
