entropy_mean = 1.674680471420288
loss_policy = 1.976049542427063
loss_total = 7.724306106567383
loss_value = 1.0
step = 1705
value_mean = 1.0
