entropy_mean = 1.9210220575332642
loss_policy = 2.023453712463379
loss_total = 8.073305130004883
loss_value = 1.0
step = 1410
value_mean = 1.0
