entropy_mean = 4.878340244293213
loss_policy = 4.927032470703125
loss_total = 11.80268669128418
loss_value = 1.0
step = 704
value_mean = -1.0
