entropy_mean = 4.618080139160156
loss_policy = 5.218291759490967
loss_total = 12.064189910888672
loss_value = 0.9995477199554443
step = 722
value_mean = -0.9994226694107056
