entropy_mean = 2.2434961795806885
loss_policy = 2.497061014175415
loss_total = 8.64968204498291
loss_value = 0.9921875
step = 1289
value_mean = 1.0
