entropy_mean = 1.464339256286621
loss_policy = 1.6052138805389404
loss_total = 7.283199310302734
loss_value = 1.0234375
step = 1798
value_mean = 1.0
