entropy_mean = 1.8049077987670898
loss_policy = 1.9018161296844482
loss_total = 7.720755577087402
loss_value = 1.0234375
step = 1662
value_mean = 1.0
