entropy_mean = 1.4353278875350952
loss_policy = 1.6167171001434326
loss_total = 7.15159797668457
loss_value = 1.0234375
step = 1925
value_mean = 1.0
