entropy_mean = 3.8842129707336426
loss_policy = 3.9580698013305664
loss_total = 10.351932525634766
loss_value = 0.999985933303833
step = 1050
value_mean = 0.9999943971633911
