entropy_mean = 4.44309663772583
loss_policy = 5.127413749694824
loss_total = 12.154030799865723
loss_value = 0.9981964230537415
step = 622
value_mean = 0.99845951795578
