entropy_mean = 5.359264850616455
loss_policy = 6.233375549316406
loss_total = 13.948209762573242
loss_value = 1.046875
step = 269
value_mean = -1.0
