entropy_mean = 1.3688836097717285
loss_policy = 1.7606675624847412
loss_total = 7.008823394775391
loss_value = 1.0
step = 2146
value_mean = 1.0
