entropy_mean = 5.201038360595703
loss_policy = 6.257173538208008
loss_total = 13.782249450683594
loss_value = 0.7426339387893677
step = 136
value_mean = 0.1942008137702942
