entropy_mean = 4.939737319946289
loss_policy = 4.983607292175293
loss_total = 11.898868560791016
loss_value = 0.9177785515785217
step = 636
value_mean = -0.22923880815505981
