entropy_mean = 1.5195331573486328
loss_policy = 1.6328065395355225
loss_total = 6.799227714538574
loss_value = 1.0
step = 2219
value_mean = 1.0
