entropy_mean = 4.845953464508057
loss_policy = 5.063267230987549
loss_total = 12.266000747680664
loss_value = 0.9962801337242126
step = 531
value_mean = 0.10510922223329544
