entropy_mean = 1.4956345558166504
loss_policy = 1.719062089920044
loss_total = 7.0202555656433105
loss_value = 0.9999998807907104
step = 2098
value_mean = 0.9999999403953552
