entropy_mean = 5.635142803192139
loss_policy = 5.9304609298706055
loss_total = 13.341267585754395
loss_value = 0.5974804162979126
step = 39
value_mean = -0.620759129524231
