entropy_mean = 5.75346565246582
loss_policy = 5.770978927612305
loss_total = 12.970915794372559
loss_value = 0.39567863941192627
step = 76
value_mean = -0.18542350828647614
