entropy_mean = 3.781033754348755
loss_policy = 3.89359450340271
loss_total = 10.25892448425293
loss_value = 1.0156245231628418
step = 1088
value_mean = 1.0
