entropy_mean = 4.6234259605407715
loss_policy = 5.43577241897583
loss_total = 12.711759567260742
loss_value = 1.0
step = 494
value_mean = -1.0
