entropy_mean = 1.5829894542694092
loss_policy = 1.5170223712921143
loss_total = 7.063668727874756
loss_value = 1.0234375
step = 1915
value_mean = 1.0
