entropy_mean = 3.6038405895233154
loss_policy = 4.363277435302734
loss_total = 10.834452629089355
loss_value = 0.9999990463256836
step = 986
value_mean = 0.9999988079071045
