entropy_mean = 4.06845235824585
loss_policy = 4.152785301208496
loss_total = 10.61837387084961
loss_value = 1.0234367847442627
step = 1011
value_mean = 0.9999997019767761
