entropy_mean = 1.7340281009674072
loss_policy = 1.8713672161102295
loss_total = 7.322127342224121
loss_value = 1.0
step = 1976
value_mean = 1.0
