entropy_mean = 1.5345855951309204
loss_policy = 1.9009865522384644
loss_total = 7.369162559509277
loss_value = 1.0
step = 1960
value_mean = 1.0
