entropy_mean = 1.610182523727417
loss_policy = 1.6044886112213135
loss_total = 7.292731285095215
loss_value = 1.0234375
step = 1788
value_mean = 1.0
