entropy_mean = 1.6522996425628662
loss_policy = 1.7679632902145386
loss_total = 7.581835746765137
loss_value = 0.9999992251396179
step = 1648
value_mean = 0.9999997019767761
