entropy_mean = 4.108653545379639
loss_policy = 4.143035411834717
loss_total = 10.590450286865234
loss_value = 0.9999997019767761
step = 1006
value_mean = 0.9999998807907104
