entropy_mean = 1.7640814781188965
loss_policy = 1.6639721393585205
loss_total = 7.201488018035889
loss_value = 1.0234375
step = 1923
value_mean = 1.0
