entropy_mean = 4.75343656539917
loss_policy = 5.387408256530762
loss_total = 12.499553680419922
loss_value = 1.0
step = 577
value_mean = 1.0
