entropy_mean = 1.5527552366256714
loss_policy = 1.7518794536590576
loss_total = 7.038596153259277
loss_value = 1.0
step = 2112
value_mean = 1.0
