entropy_mean = 1.641931176185608
loss_policy = 1.859034776687622
loss_total = 7.533567905426025
loss_value = 1.046875
step = 1822
value_mean = 1.0
