entropy_mean = 4.541131973266602
loss_policy = 5.612401962280273
loss_total = 12.963887214660645
loss_value = 0.9789485931396484
step = 445
value_mean = 0.7057355642318726
