entropy_mean = 4.411133766174316
loss_policy = 5.120975971221924
loss_total = 12.062702178955078
loss_value = 0.9912192821502686
step = 661
value_mean = 0.9644033908843994
