entropy_mean = 4.3196258544921875
loss_policy = 5.207324028015137
loss_total = 12.231761932373047
loss_value = 0.9921823740005493
step = 620
value_mean = 0.9999920129776001
