entropy_mean = 5.3264360427856445
loss_policy = 5.728684902191162
loss_total = 12.885210037231445
loss_value = 0.38312479853630066
step = 156
value_mean = -0.5285221338272095
