entropy_mean = 1.4918959140777588
loss_policy = 1.9660680294036865
loss_total = 7.673497676849365
loss_value = 0.9999999403953552
step = 1743
value_mean = 1.0
