entropy_mean = 2.8939337730407715
loss_policy = 2.9721031188964844
loss_total = 9.16838550567627
loss_value = 1.006697654724121
step = 1251
value_mean = 0.9999874830245972
