entropy_mean = 1.7532378435134888
loss_policy = 1.8654276132583618
loss_total = 7.560439109802246
loss_value = 1.0
step = 1756
value_mean = 1.0
