entropy_mean = 5.756290435791016
loss_policy = 5.964542388916016
loss_total = 13.699461936950684
loss_value = 0.9843689203262329
step = 189
value_mean = -0.9999979734420776
