entropy_mean = 4.590071678161621
loss_policy = 5.138769149780273
loss_total = 12.522981643676758
loss_value = 0.9755697250366211
step = 430
value_mean = 0.8096122145652771
