entropy_mean = 4.268747806549072
loss_policy = 5.169548988342285
loss_total = 12.468746185302734
loss_value = 0.9921875
step = 477
value_mean = -1.0
