entropy_mean = 4.18662691116333
loss_policy = 5.142879486083984
loss_total = 12.073749542236328
loss_value = 0.9381132125854492
step = 638
value_mean = 0.8588271737098694
