entropy_mean = 3.5332460403442383
loss_policy = 3.883382797241211
loss_total = 10.246389389038086
loss_value = 0.9921873807907104
step = 1069
value_mean = 1.0
