entropy_mean = 4.700930118560791
loss_policy = 4.964386940002441
loss_total = 11.731073379516602
loss_value = 0.8800752758979797
step = 698
value_mean = -0.11419977992773056
