entropy_mean = 2.586669445037842
loss_policy = 2.884506940841675
loss_total = 9.110538482666016
loss_value = 0.9909760355949402
step = 1196
value_mean = 0.9990977644920349
