entropy_mean = 4.5553364753723145
loss_policy = 4.8183512687683105
loss_total = 11.591168403625488
loss_value = 0.9918317198753357
step = 766
value_mean = -0.999966025352478
