entropy_mean = 1.3955470323562622
loss_policy = 1.7541985511779785
loss_total = 7.18565559387207
loss_value = 1.0234375
step = 2010
value_mean = 1.0
