entropy_mean = 1.7674994468688965
loss_policy = 1.6529450416564941
loss_total = 6.961599826812744
loss_value = 1.015625
step = 2106
value_mean = 1.0
