entropy_mean = 3.6228315830230713
loss_policy = 3.94350528717041
loss_total = 10.297252655029297
loss_value = 1.0156232118606567
step = 1097
value_mean = 0.9999994039535522
