entropy_mean = 4.462048053741455
loss_policy = 5.800960063934326
loss_total = 13.341636657714844
loss_value = 1.0234375
step = 374
value_mean = 1.0
