entropy_mean = 4.099542617797852
loss_policy = 4.832496643066406
loss_total = 11.49650764465332
loss_value = 1.0
step = 847
value_mean = 1.0
