entropy_mean = 1.3499395847320557
loss_policy = 1.683445930480957
loss_total = 7.081460475921631
loss_value = 0.9999982118606567
step = 2017
value_mean = 0.9999991655349731
