entropy_mean = 1.7146494388580322
loss_policy = 1.7099168300628662
loss_total = 7.338080883026123
loss_value = 1.046875
step = 1868
value_mean = 1.0
