entropy_mean = 4.249201774597168
loss_policy = 4.769721984863281
loss_total = 11.546337127685547
loss_value = 0.9971423149108887
step = 767
value_mean = -0.9899439811706543
