entropy_mean = 1.4158930778503418
loss_policy = 1.7019282579421997
loss_total = 7.311088562011719
loss_value = 0.9921875
step = 1833
value_mean = 1.0
