entropy_mean = 1.4898345470428467
loss_policy = 1.5843392610549927
loss_total = 7.051488876342773
loss_value = 1.0234375
step = 1982
value_mean = 1.0
