entropy_mean = 1.6884416341781616
loss_policy = 2.1207990646362305
loss_total = 8.048852920532227
loss_value = 1.0
step = 1536
value_mean = 1.0
