entropy_mean = 1.6810452938079834
loss_policy = 1.7541061639785767
loss_total = 7.035321235656738
loss_value = 1.0
step = 2117
value_mean = 1.0
