entropy_mean = 1.4760839939117432
loss_policy = 1.634839653968811
loss_total = 7.250615119934082
loss_value = 0.9921875
step = 1826
value_mean = 1.0
