entropy_mean = 1.5505330562591553
loss_policy = 1.7623094320297241
loss_total = 7.568652629852295
loss_value = 1.0
step = 1654
value_mean = 1.0
