entropy_mean = 4.957812309265137
loss_policy = 5.237741470336914
loss_total = 12.570709228515625
loss_value = 1.0213074684143066
step = 475
value_mean = -0.9956680536270142
