entropy_mean = 4.466418743133545
loss_policy = 4.989313125610352
loss_total = 12.066308975219727
loss_value = 1.0234373807907104
step = 609
value_mean = 1.0
