entropy_mean = 4.778689384460449
loss_policy = 5.576106071472168
loss_total = 13.02492904663086
loss_value = 0.9875915050506592
step = 405
value_mean = 0.9890409708023071
