entropy_mean = 4.979211807250977
loss_policy = 5.2211713790893555
loss_total = 12.492176055908203
loss_value = 0.9487048983573914
step = 470
value_mean = 0.6944112181663513
