entropy_mean = 5.602042198181152
loss_policy = 6.123803615570068
loss_total = 13.96230697631836
loss_value = 1.0231294631958008
step = 30
value_mean = 0.9690389633178711
