entropy_mean = 1.3382019996643066
loss_policy = 1.56298828125
loss_total = 6.964670181274414
loss_value = 0.9921875
step = 2009
value_mean = 1.0
