entropy_mean = 4.662849426269531
loss_policy = 4.929031848907471
loss_total = 11.721364974975586
loss_value = 1.046789288520813
step = 790
value_mean = -0.9999161958694458
