entropy_mean = 1.882880449295044
loss_policy = 2.080188751220703
loss_total = 8.058489799499512
loss_value = 0.9999999403953552
step = 1485
value_mean = 1.0
