entropy_mean = 3.3287291526794434
loss_policy = 3.5610477924346924
loss_total = 9.833932876586914
loss_value = 0.9999958276748657
step = 1153
value_mean = 0.999998927116394
