entropy_mean = 1.5214157104492188
loss_policy = 1.7811490297317505
loss_total = 7.593919277191162
loss_value = 1.0
step = 1649
value_mean = 1.0
