entropy_mean = 4.338089466094971
loss_policy = 4.777304649353027
loss_total = 11.402061462402344
loss_value = 0.984375
step = 865
value_mean = 1.0
