entropy_mean = 4.733173370361328
loss_policy = 5.643877029418945
loss_total = 13.110025405883789
loss_value = 0.9921875
step = 399
value_mean = 1.0
