entropy_mean = 4.0389628410339355
loss_policy = 4.986067771911621
loss_total = 11.9265775680542
loss_value = 1.0035710334777832
step = 670
value_mean = 0.9499292373657227
