entropy_mean = 2.077862501144409
loss_policy = 2.379575490951538
loss_total = 8.441150665283203
loss_value = 1.0
step = 1397
value_mean = 1.0
