entropy_mean = 5.069622993469238
loss_policy = 5.506267547607422
loss_total = 13.045680046081543
loss_value = 0.9921875
step = 354
value_mean = 1.0
