entropy_mean = 1.8606793880462646
loss_policy = 2.2520861625671387
loss_total = 8.241567611694336
loss_value = 1.0234375
step = 1496
value_mean = 1.0
