entropy_mean = 5.6307878494262695
loss_policy = 6.108277797698975
loss_total = 13.836884498596191
loss_value = 0.9589387774467468
step = 165
value_mean = 0.9944944381713867
