entropy_mean = 1.9336729049682617
loss_policy = 1.9547934532165527
loss_total = 7.577742099761963
loss_value = 0.9921875
step = 1819
value_mean = 1.0
