entropy_mean = 1.4439818859100342
loss_policy = 1.8233215808868408
loss_total = 7.12348747253418
loss_value = 1.0
step = 2099
value_mean = 1.0
