entropy_mean = 4.175724983215332
loss_policy = 4.1099090576171875
loss_total = 10.468597412109375
loss_value = 0.9921873807907104
step = 1073
value_mean = 0.9999999403953552
