entropy_mean = 4.626620292663574
loss_policy = 5.082569122314453
loss_total = 12.156816482543945
loss_value = 0.8769055604934692
step = 535
value_mean = 0.8623525500297546
