entropy_mean = 3.483063220977783
loss_policy = 4.22462797164917
loss_total = 10.724067687988281
loss_value = 1.0390617847442627
step = 994
value_mean = 0.9999997615814209
