entropy_mean = 3.40266489982605
loss_policy = 3.8615028858184814
loss_total = 10.209590911865234
loss_value = 0.9921860098838806
step = 1083
value_mean = 0.9999987483024597
