entropy_mean = 3.56734561920166
loss_policy = 4.048577308654785
loss_total = 10.399378776550293
loss_value = 0.9765623807907104
step = 1066
value_mean = 0.9999998807907104
