entropy_mean = 4.897110939025879
loss_policy = 6.28284215927124
loss_total = 13.919721603393555
loss_value = 1.0154988765716553
step = 306
value_mean = -0.9999303817749023
