entropy_mean = 1.5079998970031738
loss_policy = 1.8664442300796509
loss_total = 7.40761137008667
loss_value = 0.9921875
step = 1893
value_mean = 1.0
