entropy_mean = 1.5206552743911743
loss_policy = 1.8083808422088623
loss_total = 7.183611869812012
loss_value = 1.0
step = 2037
value_mean = 1.0
