entropy_mean = 2.8543429374694824
loss_policy = 2.9907572269439697
loss_total = 9.162732124328613
loss_value = 0.9663393497467041
step = 1232
value_mean = 0.11602357774972916
