entropy_mean = 1.7947633266448975
loss_policy = 1.853849172592163
loss_total = 7.790875434875488
loss_value = 1.015625
step = 1542
value_mean = 1.0
