entropy_mean = 3.295822858810425
loss_policy = 3.3184099197387695
loss_total = 9.56588363647461
loss_value = 0.9921835660934448
step = 1173
value_mean = 0.9999971985816956
