entropy_mean = 2.381544351577759
loss_policy = 2.5016376972198486
loss_total = 8.560396194458008
loss_value = 1.0
step = 1400
value_mean = 1.0
