entropy_mean = 1.5022019147872925
loss_policy = 1.5273444652557373
loss_total = 6.994320392608643
loss_value = 1.0078125
step = 1969
value_mean = 0.9999999403953552
