entropy_mean = 1.677351713180542
loss_policy = 1.6473268270492554
loss_total = 6.881656646728516
loss_value = 0.9999994039535522
step = 2159
value_mean = 0.999999463558197
