entropy_mean = 4.518376350402832
loss_policy = 4.637481689453125
loss_total = 11.237675666809082
loss_value = 0.9921875
step = 889
value_mean = 1.0
