entropy_mean = 4.3502631187438965
loss_policy = 5.953207015991211
loss_total = 13.485918998718262
loss_value = 1.0
step = 363
value_mean = 1.0
