entropy_mean = 2.9278523921966553
loss_policy = 3.074225902557373
loss_total = 9.335299491882324
loss_value = 1.0234168767929077
step = 1193
value_mean = 0.999971866607666
