entropy_mean = 5.723756313323975
loss_policy = 6.073925018310547
loss_total = 13.49157428741455
loss_value = 0.615545928478241
step = 85
value_mean = 0.8162546753883362
