entropy_mean = 4.770791053771973
loss_policy = 5.894441604614258
loss_total = 13.557336807250977
loss_value = 0.9999992847442627
step = 273
value_mean = -0.9999997019767761
