entropy_mean = 5.60161018371582
loss_policy = 5.795737266540527
loss_total = 12.948387145996094
loss_value = 0.34733912348747253
step = 71
value_mean = -0.594907283782959
