entropy_mean = 4.23317289352417
loss_policy = 4.986262798309326
loss_total = 11.755123138427734
loss_value = 0.9956300258636475
step = 771
value_mean = -0.9960345029830933
