entropy_mean = 2.783355236053467
loss_policy = 2.7214131355285645
loss_total = 8.904413223266602
loss_value = 1.0
step = 1260
value_mean = 1.0
