entropy_mean = 5.292374610900879
loss_policy = 5.925469875335693
loss_total = 13.545238494873047
loss_value = 0.9921736717224121
step = 301
value_mean = -0.9999926090240479
