entropy_mean = 5.4014363288879395
loss_policy = 5.870186805725098
loss_total = 13.042104721069336
loss_value = 0.37336015701293945
step = 97
value_mean = 0.23196494579315186
