entropy_mean = 1.4899847507476807
loss_policy = 1.7749710083007812
loss_total = 7.221558570861816
loss_value = 0.9921873807907104
step = 1973
value_mean = 1.0
