entropy_mean = 4.591170310974121
loss_policy = 5.407337188720703
loss_total = 12.768270492553711
loss_value = 0.962785542011261
step = 434
value_mean = 0.8095248937606812
