entropy_mean = 2.1814677715301514
loss_policy = 2.2786507606506348
loss_total = 8.278820991516113
loss_value = 1.0
step = 1462
value_mean = 1.0
