entropy_mean = 5.4515485763549805
loss_policy = 5.679116249084473
loss_total = 13.127031326293945
loss_value = 0.6562861800193787
step = 118
value_mean = -0.05237174779176712
