entropy_mean = 4.450157165527344
loss_policy = 4.62957763671875
loss_total = 11.1692533493042
loss_value = 1.0078125
step = 944
value_mean = 1.0
