entropy_mean = 1.597827434539795
loss_policy = 1.5982463359832764
loss_total = 6.7995805740356445
loss_value = 0.984375
step = 2175
value_mean = 1.0
