entropy_mean = 4.5997314453125
loss_policy = 5.595023155212402
loss_total = 13.173141479492188
loss_value = 1.0154752731323242
step = 345
value_mean = 0.9999865293502808
