entropy_mean = 5.644933223724365
loss_policy = 5.953864574432373
loss_total = 13.49103832244873
loss_value = 0.7258245348930359
step = 47
value_mean = 0.4594423770904541
