entropy_mean = 2.2743701934814453
loss_policy = 2.46333909034729
loss_total = 8.585448265075684
loss_value = 1.0
step = 1331
value_mean = 1.0
