entropy_mean = 4.632668495178223
loss_policy = 4.904358863830566
loss_total = 11.703335762023926
loss_value = 0.9723334312438965
step = 735
value_mean = 0.9189159870147705
