entropy_mean = 5.765354633331299
loss_policy = 5.981136322021484
loss_total = 13.700698852539062
loss_value = 0.9052699208259583
step = 35
value_mean = 0.675328254699707
