entropy_mean = 3.545095920562744
loss_policy = 3.7548489570617676
loss_total = 10.081998825073242
loss_value = 0.9999860525131226
step = 1106
value_mean = 0.9999975562095642
