entropy_mean = 3.498279094696045
loss_policy = 4.013335704803467
loss_total = 10.374565124511719
loss_value = 0.9999997615814209
step = 1078
value_mean = 0.9999998807907104
