entropy_mean = 1.3982667922973633
loss_policy = 1.7625024318695068
loss_total = 7.269883155822754
loss_value = 1.0
step = 1928
value_mean = 1.0
