entropy_mean = 4.763319492340088
loss_policy = 5.514413356781006
loss_total = 12.633223533630371
loss_value = 0.8007315397262573
step = 472
value_mean = -0.27636635303497314
