entropy_mean = 1.7698345184326172
loss_policy = 2.124454975128174
loss_total = 7.760293006896973
loss_value = 1.0
step = 1814
value_mean = 1.0
