entropy_mean = 4.185762405395508
loss_policy = 4.76296329498291
loss_total = 11.331809997558594
loss_value = 1.0
step = 917
value_mean = 1.0
