entropy_mean = 1.5423715114593506
loss_policy = 1.8866603374481201
loss_total = 7.298835754394531
loss_value = 1.0234360694885254
step = 2025
value_mean = 0.9999992847442627
