entropy_mean = 5.40115213394165
loss_policy = 6.01606559753418
loss_total = 13.730325698852539
loss_value = 0.9921873807907104
step = 219
value_mean = -0.9999999403953552
