entropy_mean = 4.8572797775268555
loss_policy = 6.643192291259766
loss_total = 14.330782890319824
loss_value = 0.9999997615814209
step = 251
value_mean = -0.9999998211860657
