entropy_mean = 3.98481822013855
loss_policy = 5.2331953048706055
loss_total = 12.269411087036133
loss_value = 0.9921872615814209
step = 614
value_mean = 0.9999998807907104
