entropy_mean = 2.093266010284424
loss_policy = 2.2469210624694824
loss_total = 8.381296157836914
loss_value = 0.9921875
step = 1309
value_mean = 1.0
