entropy_mean = 1.417628288269043
loss_policy = 1.6944209337234497
loss_total = 7.232181549072266
loss_value = 1.015625
step = 1916
value_mean = 1.0
