entropy_mean = 1.6188900470733643
loss_policy = 1.8420366048812866
loss_total = 7.144189834594727
loss_value = 1.0
step = 2097
value_mean = 1.0
