entropy_mean = 1.4414128065109253
loss_policy = 1.59813392162323
loss_total = 7.243330478668213
loss_value = 1.0
step = 1806
value_mean = 1.0
