entropy_mean = 1.762878179550171
loss_policy = 1.6610031127929688
loss_total = 7.14699649810791
loss_value = 1.0
step = 1945
value_mean = 1.0
