entropy_mean = 4.846789836883545
loss_policy = 5.346810340881348
loss_total = 12.399896621704102
loss_value = 0.8314752578735352
step = 523
value_mean = 0.7247765064239502
