entropy_mean = 4.840588092803955
loss_policy = 5.249454975128174
loss_total = 12.512134552001953
loss_value = 0.9921866655349731
step = 497
value_mean = -0.999998152256012
