entropy_mean = 5.329458236694336
loss_policy = 8.691702842712402
loss_total = 16.501005172729492
loss_value = 0.9916093349456787
step = 3
value_mean = 0.992416501045227
