entropy_mean = 2.7275032997131348
loss_policy = 2.829268217086792
loss_total = 9.005853652954102
loss_value = 1.0
step = 1269
value_mean = 1.0
