entropy_mean = 3.8229103088378906
loss_policy = 5.078432083129883
loss_total = 11.722356796264648
loss_value = 1.0
step = 862
value_mean = 1.0
