entropy_mean = 5.664862632751465
loss_policy = 5.871799468994141
loss_total = 13.016605377197266
loss_value = 0.3479214906692505
step = 102
value_mean = -0.5037370920181274
