entropy_mean = 1.847291111946106
loss_policy = 2.2089920043945312
loss_total = 8.284646987915039
loss_value = 0.9921870231628418
step = 1374
value_mean = 0.9999998211860657
