entropy_mean = 2.005362033843994
loss_policy = 2.243807792663574
loss_total = 8.125411987304688
loss_value = 1.0234375
step = 1600
value_mean = 1.0
