entropy_mean = 1.878307580947876
loss_policy = 1.909862995147705
loss_total = 7.909850597381592
loss_value = 1.0390625
step = 1501
value_mean = 1.0
