entropy_mean = 1.542313814163208
loss_policy = 1.6683032512664795
loss_total = 7.257737159729004
loss_value = 1.0
step = 1861
value_mean = 1.0
