entropy_mean = 5.146343231201172
loss_policy = 6.173065185546875
loss_total = 13.79901123046875
loss_value = 0.992184042930603
step = 296
value_mean = -0.999998152256012
