entropy_mean = 5.631341457366943
loss_policy = 6.026237487792969
loss_total = 13.724458694458008
loss_value = 0.9999998211860657
step = 242
value_mean = -0.9999998807907104
