entropy_mean = 1.6994832754135132
loss_policy = 1.793957233428955
loss_total = 7.659113883972168
loss_value = 1.015625
step = 1609
value_mean = 1.0
