entropy_mean = 2.0386674404144287
loss_policy = 2.0080981254577637
loss_total = 7.9526214599609375
loss_value = 1.0
step = 1517
value_mean = 1.0
