entropy_mean = 1.5309456586837769
loss_policy = 1.5615320205688477
loss_total = 6.697064399719238
loss_value = 0.9999990463256836
step = 2247
value_mean = 0.9999995827674866
