entropy_mean = 3.544846534729004
loss_policy = 3.55297589302063
loss_total = 9.940524101257324
loss_value = 1.0859352350234985
step = 1128
value_mean = 0.9999990463256836
