entropy_mean = 4.528190612792969
loss_policy = 5.083550930023193
loss_total = 12.137929916381836
loss_value = 0.9921619892120361
step = 604
value_mean = 0.9999857544898987
