entropy_mean = 1.5618090629577637
loss_policy = 1.8384201526641846
loss_total = 7.4700727462768555
loss_value = 1.015625
step = 1834
value_mean = 1.0
