entropy_mean = 1.8604204654693604
loss_policy = 1.8881709575653076
loss_total = 7.622306823730469
loss_value = 1.0
step = 1719
value_mean = 1.0
