entropy_mean = 4.137657642364502
loss_policy = 4.838332176208496
loss_total = 11.559123992919922
loss_value = 0.9274802207946777
step = 757
value_mean = -0.7628594636917114
