entropy_mean = 1.5452167987823486
loss_policy = 1.7417340278625488
loss_total = 7.508815288543701
loss_value = 0.9999994039535522
step = 1688
value_mean = 0.9999997019767761
