entropy_mean = 3.6033995151519775
loss_policy = 4.266474723815918
loss_total = 10.731494903564453
loss_value = 1.015625
step = 1004
value_mean = 0.9999999403953552
