entropy_mean = 4.217333793640137
loss_policy = 4.503540992736816
loss_total = 11.139638900756836
loss_value = 1.0234375
step = 886
value_mean = 1.0
