entropy_mean = 1.6745781898498535
loss_policy = 1.7714719772338867
loss_total = 7.448942184448242
loss_value = 1.0
step = 1775
value_mean = 1.0
