entropy_mean = 4.8158111572265625
loss_policy = 5.0261688232421875
loss_total = 11.469340324401855
loss_value = 0.7315436005592346
step = 811
value_mean = 0.5094467401504517
