entropy_mean = 4.024845600128174
loss_policy = 4.525243282318115
loss_total = 11.159788131713867
loss_value = 1.0234375
step = 887
value_mean = 1.0
