entropy_mean = 1.6692255735397339
loss_policy = 1.7262778282165527
loss_total = 6.956838607788086
loss_value = 1.0468733310699463
step = 2205
value_mean = 0.999998927116394
