entropy_mean = 1.7106053829193115
loss_policy = 1.8226298093795776
loss_total = 7.281445026397705
loss_value = 0.984375
step = 1954
value_mean = 1.0
