entropy_mean = 1.6789069175720215
loss_policy = 1.7276766300201416
loss_total = 7.308816909790039
loss_value = 1.0234375
step = 1886
value_mean = 1.0
