entropy_mean = 6.06740665435791
loss_policy = 6.313873291015625
loss_total = 13.979244232177734
loss_value = 0.999998927116394
step = 271
value_mean = -0.9999994039535522
