entropy_mean = 5.581971168518066
loss_policy = 5.890121936798096
loss_total = 13.451704025268555
loss_value = 0.9844473600387573
step = 337
value_mean = -0.7352789044380188
