entropy_mean = 5.688108444213867
loss_policy = 5.874836444854736
loss_total = 13.4164457321167
loss_value = 0.7329381704330444
step = 57
value_mean = 0.14422738552093506
