entropy_mean = 5.7139668464660645
loss_policy = 6.479740619659424
loss_total = 13.890151977539062
loss_value = 0.6325770616531372
step = 146
value_mean = -0.6101877689361572
