entropy_mean = 4.613397598266602
loss_policy = 5.416625499725342
loss_total = 12.42237663269043
loss_value = 1.0219182968139648
step = 642
value_mean = 0.9933672547340393
