entropy_mean = 2.8807213306427
loss_policy = 3.3409433364868164
loss_total = 9.583566665649414
loss_value = 0.9999923706054688
step = 1187
value_mean = 0.9999959468841553
