entropy_mean = 5.16532039642334
loss_policy = 5.696527004241943
loss_total = 13.19664192199707
loss_value = 1.015625
step = 394
value_mean = 1.0
