entropy_mean = 4.676722526550293
loss_policy = 6.038264274597168
loss_total = 13.635428428649902
loss_value = 0.9996544122695923
step = 324
value_mean = -0.9997507929801941
