entropy_mean = 1.5571630001068115
loss_policy = 1.6630120277404785
loss_total = 7.248010635375977
loss_value = 1.0
step = 1865
value_mean = 1.0
