entropy_mean = 5.444700717926025
loss_policy = 6.013947010040283
loss_total = 13.059277534484863
loss_value = 0.2511325180530548
step = 111
value_mean = -0.8830240964889526
