entropy_mean = 1.9018665552139282
loss_policy = 2.1628365516662598
loss_total = 8.138898849487305
loss_value = 1.0
step = 1487
value_mean = 1.0
