entropy_mean = 4.482369422912598
loss_policy = 4.856129169464111
loss_total = 11.661317825317383
loss_value = 1.0226975679397583
step = 765
value_mean = -0.9999797344207764
