entropy_mean = 1.5869758129119873
loss_policy = 1.816724181175232
loss_total = 6.974228858947754
loss_value = 1.0
step = 2227
value_mean = 1.0
