entropy_mean = 2.8189902305603027
loss_policy = 2.8947627544403076
loss_total = 8.90192985534668
loss_value = 0.8121660947799683
step = 1244
value_mean = 0.1962706595659256
