entropy_mean = 1.9300482273101807
loss_policy = 1.9296343326568604
loss_total = 7.929409980773926
loss_value = 0.9921875
step = 1453
value_mean = 1.0
