entropy_mean = 1.5552408695220947
loss_policy = 1.6487550735473633
loss_total = 7.313548564910889
loss_value = 1.046875
step = 1832
value_mean = 1.0
