entropy_mean = 4.565202236175537
loss_policy = 4.527505397796631
loss_total = 11.284608840942383
loss_value = 0.9999136924743652
step = 782
value_mean = -0.9999670386314392
