entropy_mean = 1.605246901512146
loss_policy = 1.7087763547897339
loss_total = 7.0273637771606445
loss_value = 1.0
step = 2083
value_mean = 1.0
