entropy_mean = 5.214969635009766
loss_policy = 6.180514812469482
loss_total = 13.793194770812988
loss_value = 0.9999693036079407
step = 313
value_mean = -0.9999769926071167
