entropy_mean = 1.97932767868042
loss_policy = 2.482269763946533
loss_total = 8.576104164123535
loss_value = 1.0
step = 1364
value_mean = 1.0
