entropy_mean = 3.81248140335083
loss_policy = 4.172939777374268
loss_total = 10.564324378967285
loss_value = 0.9999650120735168
step = 1052
value_mean = 0.9999805688858032
