entropy_mean = 1.4490790367126465
loss_policy = 1.475579023361206
loss_total = 6.769195556640625
loss_value = 1.0156245231628418
step = 2120
value_mean = 0.9999996423721313
