entropy_mean = 1.5759797096252441
loss_policy = 1.6396822929382324
loss_total = 6.798226833343506
loss_value = 0.9999993443489075
step = 2226
value_mean = 0.9999997615814209
