entropy_mean = 2.2004826068878174
loss_policy = 2.5613491535186768
loss_total = 8.706295013427734
loss_value = 1.0
step = 1306
value_mean = 1.0
