entropy_mean = 4.081344127655029
loss_policy = 4.804658889770508
loss_total = 11.404062271118164
loss_value = 1.0234375
step = 912
value_mean = 1.0
