entropy_mean = 5.669511795043945
loss_policy = 6.452969551086426
loss_total = 14.189369201660156
loss_value = 0.9921872615814209
step = 196
value_mean = -0.9999999403953552
