entropy_mean = 5.715852737426758
loss_policy = 5.918725967407227
loss_total = 13.274324417114258
loss_value = 0.554577112197876
step = 89
value_mean = -0.8022586107254028
