entropy_mean = 1.5210353136062622
loss_policy = 1.7605984210968018
loss_total = 7.172118186950684
loss_value = 1.0078125
step = 2013
value_mean = 1.0
