entropy_mean = 4.565642356872559
loss_policy = 5.268922805786133
loss_total = 12.128015518188477
loss_value = 0.944574236869812
step = 682
value_mean = 0.6021584272384644
