entropy_mean = 1.8010309934616089
loss_policy = 1.9943933486938477
loss_total = 7.81929874420166
loss_value = 1.0
step = 1636
value_mean = 1.0
