entropy_mean = 1.939255714416504
loss_policy = 2.5472822189331055
loss_total = 8.664506912231445
loss_value = 1.0
step = 1337
value_mean = 1.0
