entropy_mean = 1.475898027420044
loss_policy = 1.6458213329315186
loss_total = 7.111613750457764
loss_value = 1.0078123807907104
step = 1970
value_mean = 0.9999998807907104
