entropy_mean = 4.36244535446167
loss_policy = 5.433475971221924
loss_total = 12.502020835876465
loss_value = 0.9999996423721313
step = 600
value_mean = 0.9999997019767761
