entropy_mean = 1.5940476655960083
loss_policy = 1.7179656028747559
loss_total = 6.874434471130371
loss_value = 0.9999997615814209
step = 2228
value_mean = 0.9999998807907104
