entropy_mean = 1.447967767715454
loss_policy = 1.7103724479675293
loss_total = 6.994943618774414
loss_value = 1.0
step = 2114
value_mean = 1.0
