entropy_mean = 1.5827746391296387
loss_policy = 1.5526084899902344
loss_total = 7.148171424865723
loss_value = 1.015625
step = 1869
value_mean = 1.0
