entropy_mean = 5.7167863845825195
loss_policy = 5.828779220581055
loss_total = 13.577699661254883
loss_value = 0.9363119006156921
step = 42
value_mean = -0.8725568056106567
