entropy_mean = 4.335359573364258
loss_policy = 5.172264099121094
loss_total = 12.315664291381836
loss_value = 1.0
step = 562
value_mean = 1.0
