entropy_mean = 1.4377903938293457
loss_policy = 1.7995030879974365
loss_total = 7.129238128662109
loss_value = 1.0234375
step = 2093
value_mean = 1.0
