entropy_mean = 5.048269748687744
loss_policy = 6.061526298522949
loss_total = 13.663251876831055
loss_value = 1.0143437385559082
step = 331
value_mean = -0.890500545501709
