entropy_mean = 4.469624996185303
loss_policy = 5.302130222320557
loss_total = 12.605125427246094
loss_value = 0.9723148941993713
step = 466
value_mean = 0.7929674386978149
