entropy_mean = 1.8567767143249512
loss_policy = 2.0552306175231934
loss_total = 7.899813652038574
loss_value = 0.9921875
step = 1606
value_mean = 1.0
