entropy_mean = 1.7526825666427612
loss_policy = 2.0916786193847656
loss_total = 8.049285888671875
loss_value = 1.0
step = 1504
value_mean = 1.0
