entropy_mean = 1.5434807538986206
loss_policy = 1.7038757801055908
loss_total = 7.467617034912109
loss_value = 1.0
step = 1691
value_mean = 1.0
