entropy_mean = 4.232623100280762
loss_policy = 4.220154285430908
loss_total = 10.704385757446289
loss_value = 1.046875
step = 1015
value_mean = 0.9999999403953552
