entropy_mean = 3.3424832820892334
loss_policy = 3.7585244178771973
loss_total = 10.191750526428223
loss_value = 1.046862006187439
step = 1056
value_mean = 0.9999966621398926
