entropy_mean = 1.4931657314300537
loss_policy = 1.6322574615478516
loss_total = 7.195829391479492
loss_value = 1.0234375
step = 1900
value_mean = 1.0
