entropy_mean = 4.456657886505127
loss_policy = 4.783486366271973
loss_total = 11.477678298950195
loss_value = 0.904608964920044
step = 760
value_mean = 0.6192795634269714
