entropy_mean = 5.497732162475586
loss_policy = 5.776301383972168
loss_total = 12.856454849243164
loss_value = 0.2754662036895752
step = 74
value_mean = -0.04708896204829216
