entropy_mean = 1.5043150186538696
loss_policy = 1.4785505533218384
loss_total = 6.792973518371582
loss_value = 1.0234375
step = 2108
value_mean = 1.0
