entropy_mean = 4.037362098693848
loss_policy = 4.888618469238281
loss_total = 12.040264129638672
loss_value = 0.9221577644348145
step = 519
value_mean = 0.24040597677230835
