entropy_mean = 4.502852439880371
loss_policy = 4.704291343688965
loss_total = 11.526028633117676
loss_value = 1.0703082084655762
step = 786
value_mean = -0.999996542930603
