entropy_mean = 1.7765065431594849
loss_policy = 2.06712007522583
loss_total = 8.00118637084961
loss_value = 1.0
step = 1530
value_mean = 1.0
