entropy_mean = 5.649023056030273
loss_policy = 6.272045612335205
loss_total = 14.00996208190918
loss_value = 1.0468748807907104
step = 248
value_mean = -0.9999999403953552
