entropy_mean = 4.780951976776123
loss_policy = 5.23993444442749
loss_total = 12.422016143798828
loss_value = 0.9871757626533508
step = 536
value_mean = 0.9258677959442139
