entropy_mean = 4.908818244934082
loss_policy = 5.148514270782471
loss_total = 12.273719787597656
loss_value = 1.0
step = 571
value_mean = 1.0
