entropy_mean = 4.495908737182617
loss_policy = 4.692318439483643
loss_total = 11.283031463623047
loss_value = 1.0234375
step = 918
value_mean = 1.0
