entropy_mean = 2.3636960983276367
loss_policy = 2.7187061309814453
loss_total = 8.863503456115723
loss_value = 0.9921875
step = 1298
value_mean = 1.0
