entropy_mean = 3.3158884048461914
loss_policy = 3.896322250366211
loss_total = 10.2244873046875
loss_value = 0.9997923970222473
step = 1105
value_mean = 0.9999277591705322
