entropy_mean = 5.763056755065918
loss_policy = 5.895720481872559
loss_total = 13.541557312011719
loss_value = 0.8379450440406799
step = 60
value_mean = -0.8743116855621338
