entropy_mean = 4.779913902282715
loss_policy = 5.689738750457764
loss_total = 12.568045616149902
loss_value = 1.0233631134033203
step = 716
value_mean = -0.9999513626098633
