entropy_mean = 4.251296043395996
loss_policy = 4.551095962524414
loss_total = 11.12569808959961
loss_value = 1.0
step = 913
value_mean = 1.0
