entropy_mean = 3.6727476119995117
loss_policy = 4.178748607635498
loss_total = 10.584661483764648
loss_value = 1.0
step = 1040
value_mean = 1.0
