entropy_mean = 1.6570242643356323
loss_policy = 1.7099578380584717
loss_total = 7.315070152282715
loss_value = 1.0
step = 1846
value_mean = 1.0
