entropy_mean = 3.6191790103912354
loss_policy = 4.338093280792236
loss_total = 10.800678253173828
loss_value = 1.0390585660934448
step = 1026
value_mean = 0.9999973177909851
