entropy_mean = 4.571072101593018
loss_policy = 5.6089277267456055
loss_total = 12.875163078308105
loss_value = 1.0120232105255127
step = 506
value_mean = -0.9938313961029053
