entropy_mean = 1.9904530048370361
loss_policy = 2.3633906841278076
loss_total = 8.399883270263672
loss_value = 1.0
step = 1424
value_mean = 1.0
