entropy_mean = 1.6639550924301147
loss_policy = 1.8489446640014648
loss_total = 7.874563217163086
loss_value = 1.0
step = 1435
value_mean = 1.0
