entropy_mean = 5.611927509307861
loss_policy = 5.88485050201416
loss_total = 13.392913818359375
loss_value = 0.7132793664932251
step = 109
value_mean = 0.8717312812805176
