entropy_mean = 3.9664573669433594
loss_policy = 4.952341556549072
loss_total = 11.804287910461426
loss_value = 0.958734393119812
step = 694
value_mean = 0.8522487878799438
