entropy_mean = 5.540610313415527
loss_policy = 5.7886433601379395
loss_total = 13.349599838256836
loss_value = 0.975182294845581
step = 332
value_mean = -0.924771785736084
