entropy_mean = 5.544308662414551
loss_policy = 6.1787896156311035
loss_total = 13.873326301574707
loss_value = 0.992186963558197
step = 238
value_mean = -0.9999996423721313
