entropy_mean = 1.554311990737915
loss_policy = 1.7017288208007812
loss_total = 6.962376117706299
loss_value = 1.015625
step = 2149
value_mean = 1.0
