entropy_mean = 1.452780842781067
loss_policy = 1.7411245107650757
loss_total = 7.01451301574707
loss_value = 1.0
step = 2124
value_mean = 1.0
