entropy_mean = 1.7240238189697266
loss_policy = 1.7343294620513916
loss_total = 7.277134418487549
loss_value = 1.0
step = 1898
value_mean = 1.0
