entropy_mean = 3.557257652282715
loss_policy = 3.717674493789673
loss_total = 10.060815811157227
loss_value = 0.9999902844429016
step = 1093
value_mean = 0.9999868273735046
