entropy_mean = 4.6768951416015625
loss_policy = 5.210680961608887
loss_total = 12.268084526062012
loss_value = 0.9919798374176025
step = 602
value_mean = 0.9994829297065735
