entropy_mean = 4.222585201263428
loss_policy = 4.839021682739258
loss_total = 11.66363525390625
loss_value = 1.0703125
step = 784
value_mean = -1.0
