entropy_mean = 1.2764413356781006
loss_policy = 1.6186026334762573
loss_total = 7.081412315368652
loss_value = 1.015625
step = 1979
value_mean = 1.0
