entropy_mean = 4.602495193481445
loss_policy = 4.9115400314331055
loss_total = 11.913324356079102
loss_value = 0.9790812730789185
step = 625
value_mean = 0.9662633538246155
