entropy_mean = 1.535561203956604
loss_policy = 1.9385826587677002
loss_total = 7.676779747009277
loss_value = 1.0
step = 1715
value_mean = 1.0
