entropy_mean = 4.809457778930664
loss_policy = 5.331902503967285
loss_total = 12.332038879394531
loss_value = 0.9906362891197205
step = 631
value_mean = 0.8884755373001099
