entropy_mean = 4.52552604675293
loss_policy = 4.680096626281738
loss_total = 11.409366607666016
loss_value = 1.0062934160232544
step = 804
value_mean = -0.968000054359436
