entropy_mean = 4.6335859298706055
loss_policy = 4.811028480529785
loss_total = 11.555070877075195
loss_value = 0.9999980330467224
step = 791
value_mean = -0.9999984502792358
