entropy_mean = 1.4294404983520508
loss_policy = 1.7607946395874023
loss_total = 7.300773620605469
loss_value = 0.9921875
step = 1894
value_mean = 1.0
