entropy_mean = 1.4958469867706299
loss_policy = 1.6371712684631348
loss_total = 6.858679294586182
loss_value = 1.0
step = 2171
value_mean = 1.0
