entropy_mean = 1.7240676879882812
loss_policy = 1.8425002098083496
loss_total = 7.071564674377441
loss_value = 1.0234375
step = 2184
value_mean = 1.0
