entropy_mean = 3.693779468536377
loss_policy = 3.772029399871826
loss_total = 10.063880920410156
loss_value = 1.023383617401123
step = 1158
value_mean = 0.9999786019325256
