entropy_mean = 2.2351999282836914
loss_policy = 2.346459150314331
loss_total = 8.531181335449219
loss_value = 1.0234375
step = 1288
value_mean = 1.0
