entropy_mean = 4.5588836669921875
loss_policy = 5.312661170959473
loss_total = 12.624348640441895
loss_value = 1.0234375
step = 487
value_mean = -1.0
