entropy_mean = 2.3623032569885254
loss_policy = 2.503903865814209
loss_total = 8.641977310180664
loss_value = 0.9921875
step = 1305
value_mean = 1.0
