entropy_mean = 3.5843257904052734
loss_policy = 3.731893539428711
loss_total = 10.029094696044922
loss_value = 1.0234159231185913
step = 1152
value_mean = 0.9999924302101135
