entropy_mean = 4.98423957824707
loss_policy = 5.839866638183594
loss_total = 13.462489128112793
loss_value = 0.9999857544898987
step = 305
value_mean = -0.9999940991401672
