entropy_mean = 1.5972964763641357
loss_policy = 1.8944684267044067
loss_total = 7.3607282638549805
loss_value = 1.0
step = 1962
value_mean = 1.0
