entropy_mean = 2.6222457885742188
loss_policy = 3.0091588497161865
loss_total = 9.231792449951172
loss_value = 0.9966650605201721
step = 1207
value_mean = 0.9901692867279053
