entropy_mean = 5.24764347076416
loss_policy = 6.199681758880615
loss_total = 13.928136825561523
loss_value = 1.0
step = 212
value_mean = -1.0
