entropy_mean = 4.8820600509643555
loss_policy = 5.136067867279053
loss_total = 12.182559967041016
loss_value = 0.9893590211868286
step = 607
value_mean = 0.9873545169830322
