entropy_mean = 1.434584617614746
loss_policy = 1.6744407415390015
loss_total = 6.852028846740723
loss_value = 1.0
step = 2210
value_mean = 1.0
