entropy_mean = 1.5837745666503906
loss_policy = 2.1160082817077637
loss_total = 7.645519733428955
loss_value = 1.0234375
step = 1929
value_mean = 1.0
