entropy_mean = 5.820039749145508
loss_policy = 6.00948429107666
loss_total = 13.694829940795898
loss_value = 0.9999987483024597
step = 253
value_mean = -0.9999994039535522
