entropy_mean = 3.7944815158843994
loss_policy = 4.4284539222717285
loss_total = 10.874207496643066
loss_value = 0.992186963558197
step = 1000
value_mean = 0.9999998807907104
