entropy_mean = 1.4790313243865967
loss_policy = 1.4749855995178223
loss_total = 6.985045433044434
loss_value = 0.9921872615814209
step = 1920
value_mean = 0.9999998211860657
