entropy_mean = 1.734836220741272
loss_policy = 1.7302141189575195
loss_total = 7.158780097961426
loss_value = 1.0234375
step = 2012
value_mean = 1.0
