entropy_mean = 3.9196853637695312
loss_policy = 3.9902212619781494
loss_total = 10.452251434326172
loss_value = 1.0234370231628418
step = 1014
value_mean = 0.9999998807907104
