entropy_mean = 1.5651817321777344
loss_policy = 1.6885664463043213
loss_total = 7.012763977050781
loss_value = 0.9999998807907104
step = 2079
value_mean = 0.9999999403953552
