entropy_mean = 1.475712537765503
loss_policy = 1.657217264175415
loss_total = 7.109742164611816
loss_value = 0.9921874403953552
step = 1968
value_mean = 0.9999999403953552
