entropy_mean = 4.2144856452941895
loss_policy = 4.020222187042236
loss_total = 10.420198440551758
loss_value = 0.9999946355819702
step = 1045
value_mean = 0.9999949336051941
