entropy_mean = 4.433256149291992
loss_policy = 5.305004119873047
loss_total = 11.923988342285156
loss_value = 0.9132404327392578
step = 815
value_mean = -0.6722599267959595
