entropy_mean = 1.9454185962677002
loss_policy = 2.0294418334960938
loss_total = 8.003039360046387
loss_value = 1.0
step = 1489
value_mean = 1.0
