entropy_mean = 2.273979663848877
loss_policy = 2.4982099533081055
loss_total = 8.635736465454102
loss_value = 1.0
step = 1314
value_mean = 1.0
