entropy_mean = 3.868119955062866
loss_policy = 3.995887279510498
loss_total = 10.363441467285156
loss_value = 1.0
step = 1072
value_mean = 1.0
