entropy_mean = 4.822692394256592
loss_policy = 5.532110214233398
loss_total = 12.687398910522461
loss_value = 1.0
step = 555
value_mean = 1.0
