entropy_mean = 2.00112247467041
loss_policy = 1.9329833984375
loss_total = 7.858885765075684
loss_value = 1.0
step = 1538
value_mean = 1.0
