entropy_mean = 4.185171604156494
loss_policy = 5.14812707901001
loss_total = 12.322317123413086
loss_value = 0.9843716025352478
step = 538
value_mean = 1.0
