entropy_mean = 1.599092960357666
loss_policy = 1.8484268188476562
loss_total = 7.736922740936279
loss_value = 1.0
step = 1572
value_mean = 1.0
