entropy_mean = 1.3281145095825195
loss_policy = 1.5770890712738037
loss_total = 7.110628604888916
loss_value = 1.0234375
step = 1926
value_mean = 1.0
