entropy_mean = 4.646333694458008
loss_policy = 5.233438491821289
loss_total = 11.940374374389648
loss_value = 0.7979834079742432
step = 685
value_mean = -0.7692577838897705
