entropy_mean = 4.536035537719727
loss_policy = 6.115256309509277
loss_total = 13.669940948486328
loss_value = 1.0234375
step = 364
value_mean = 1.0
