entropy_mean = 4.524272918701172
loss_policy = 4.702446937561035
loss_total = 11.379390716552734
loss_value = 1.015625
step = 849
value_mean = 1.0
