entropy_mean = 4.329502105712891
loss_policy = 5.367306232452393
loss_total = 12.266939163208008
loss_value = 0.979414701461792
step = 679
value_mean = 0.7603198289871216
