entropy_mean = 2.079468250274658
loss_policy = 2.0557360649108887
loss_total = 8.077670097351074
loss_value = 1.0234375
step = 1464
value_mean = 1.0
