entropy_mean = 4.332824230194092
loss_policy = 4.75706672668457
loss_total = 11.485219955444336
loss_value = 0.9921738505363464
step = 796
value_mean = -0.9999934434890747
