entropy_mean = 4.300572395324707
loss_policy = 5.06916618347168
loss_total = 11.739175796508789
loss_value = 0.8779325485229492
step = 758
value_mean = -0.14212313294410706
