entropy_mean = 1.3933022022247314
loss_policy = 1.603671908378601
loss_total = 7.056850433349609
loss_value = 1.0
step = 1974
value_mean = 1.0
