entropy_mean = 1.5627555847167969
loss_policy = 1.6415600776672363
loss_total = 7.463139533996582
loss_value = 1.0234375
step = 1660
value_mean = 1.0
