entropy_mean = 4.804818153381348
loss_policy = 5.198897361755371
loss_total = 12.246883392333984
loss_value = 0.9999987483024597
step = 612
value_mean = 0.9999992847442627
