entropy_mean = 1.607353687286377
loss_policy = 1.92061448097229
loss_total = 7.421929836273193
loss_value = 0.9999994039535522
step = 1933
value_mean = 0.9999998807907104
