entropy_mean = 5.843832969665527
loss_policy = 6.06689453125
loss_total = 13.86384391784668
loss_value = 0.9808824062347412
step = 26
value_mean = 0.9785054922103882
