entropy_mean = 1.523468255996704
loss_policy = 1.5648545026779175
loss_total = 7.166866302490234
loss_value = 0.9921875
step = 1841
value_mean = 1.0
