entropy_mean = 4.635406494140625
loss_policy = 5.931441783905029
loss_total = 13.550384521484375
loss_value = 0.9999874830245972
step = 308
value_mean = -0.999992847442627
