entropy_mean = 4.853701114654541
loss_policy = 5.48785924911499
loss_total = 12.447422981262207
loss_value = 0.987679123878479
step = 648
value_mean = 0.9407915472984314
