entropy_mean = 2.572653293609619
loss_policy = 2.7376956939697266
loss_total = 8.924976348876953
loss_value = 1.0
step = 1254
value_mean = 1.0
