entropy_mean = 4.479234218597412
loss_policy = 5.52475643157959
loss_total = 12.484964370727539
loss_value = 1.0128364562988281
step = 663
value_mean = 0.9798305630683899
