entropy_mean = 2.784444570541382
loss_policy = 3.218903064727783
loss_total = 9.460719108581543
loss_value = 0.9999899864196777
step = 1188
value_mean = 0.9999939203262329
