entropy_mean = 3.9302878379821777
loss_policy = 3.8413684368133545
loss_total = 10.196109771728516
loss_value = 0.9999997615814209
step = 1084
value_mean = 0.9999997615814209
