entropy_mean = 2.2391624450683594
loss_policy = 2.552340269088745
loss_total = 8.611639022827148
loss_value = 0.9921875
step = 1391
value_mean = 1.0
