entropy_mean = 1.4748212099075317
loss_policy = 1.5479172468185425
loss_total = 6.768322944641113
loss_value = 1.0
step = 2172
value_mean = 1.0
