entropy_mean = 1.5743036270141602
loss_policy = 1.7684249877929688
loss_total = 7.2708821296691895
loss_value = 1.0
step = 1932
value_mean = 1.0
