entropy_mean = 3.9770734310150146
loss_policy = 4.233207702636719
loss_total = 10.749961853027344
loss_value = 1.0234370231628418
step = 972
value_mean = 0.9999997615814209
