entropy_mean = 2.55582332611084
loss_policy = 2.4578561782836914
loss_total = 8.67637825012207
loss_value = 1.0390625
step = 1265
value_mean = 1.0
