entropy_mean = 1.3533666133880615
loss_policy = 1.5351903438568115
loss_total = 6.7146172523498535
loss_value = 1.0390625
step = 2243
value_mean = 1.0
