entropy_mean = 1.4328413009643555
loss_policy = 1.76244056224823
loss_total = 6.954054355621338
loss_value = 0.9999997019767761
step = 2197
value_mean = 0.9999998211860657
