entropy_mean = 5.724004745483398
loss_policy = 5.828159332275391
loss_total = 13.019670486450195
loss_value = 0.39613914489746094
step = 107
value_mean = -0.1627216339111328
