entropy_mean = 3.8755149841308594
loss_policy = 4.895627975463867
loss_total = 11.478338241577148
loss_value = 1.0
step = 907
value_mean = 1.0
