entropy_mean = 5.194613933563232
loss_policy = 6.091602325439453
loss_total = 13.462775230407715
loss_value = 0.592897891998291
step = 145
value_mean = -0.4484151303768158
