entropy_mean = 3.976332664489746
loss_policy = 4.9254913330078125
loss_total = 11.681161880493164
loss_value = 1.0230681896209717
step = 798
value_mean = -0.9998192191123962
