entropy_mean = 4.469916343688965
loss_policy = 4.750190734863281
loss_total = 10.807798385620117
loss_value = 0.37518125772476196
step = 834
value_mean = 0.9989577531814575
