entropy_mean = 5.641278266906738
loss_policy = 6.087357044219971
loss_total = 13.851814270019531
loss_value = 1.0156232118606567
step = 191
value_mean = -0.9999995231628418
