entropy_mean = 3.9878575801849365
loss_policy = 5.099193572998047
loss_total = 11.958574295043945
loss_value = 0.9999997615814209
step = 713
value_mean = -0.9999997615814209
