entropy_mean = 4.610071659088135
loss_policy = 5.141207218170166
loss_total = 12.168758392333984
loss_value = 1.0089479684829712
step = 627
value_mean = 0.9543249607086182
