entropy_mean = 4.058498859405518
loss_policy = 3.9126574993133545
loss_total = 10.31083869934082
loss_value = 1.015622854232788
step = 1059
value_mean = 0.9999993443489075
