entropy_mean = 4.337224960327148
loss_policy = 5.220290184020996
loss_total = 11.995928764343262
loss_value = 0.9522951245307922
step = 737
value_mean = 0.9105716347694397
