entropy_mean = 1.5077416896820068
loss_policy = 1.7850795984268188
loss_total = 7.2645697593688965
loss_value = 1.0
step = 1950
value_mean = 1.0
