entropy_mean = 1.6335558891296387
loss_policy = 1.7035444974899292
loss_total = 7.5164899826049805
loss_value = 1.0234375
step = 1667
value_mean = 1.0
