entropy_mean = 4.64968204498291
loss_policy = 5.187211990356445
loss_total = 12.554178237915039
loss_value = 0.9635007381439209
step = 432
value_mean = 0.689948558807373
