entropy_mean = 5.307649612426758
loss_policy = 5.806066513061523
loss_total = 13.448720932006836
loss_value = 0.9999956488609314
step = 289
value_mean = -0.9999983310699463
