entropy_mean = 1.4317946434020996
loss_policy = 1.7775986194610596
loss_total = 6.963452339172363
loss_value = 0.9921872019767761
step = 2195
value_mean = 0.9999998807907104
