entropy_mean = 4.316512107849121
loss_policy = 4.994065284729004
loss_total = 11.669456481933594
loss_value = 1.0
step = 839
value_mean = 1.0
