entropy_mean = 5.057237148284912
loss_policy = 6.241550922393799
loss_total = 13.74519157409668
loss_value = 0.722672700881958
step = 139
value_mean = 0.8400399684906006
