entropy_mean = 5.353713035583496
loss_policy = 5.995248794555664
loss_total = 13.290217399597168
loss_value = 1.0
step = 483
value_mean = -1.0
