entropy_mean = 4.3485589027404785
loss_policy = 4.769987106323242
loss_total = 11.519893646240234
loss_value = 0.9171754121780396
step = 731
value_mean = 0.21524496376514435
