entropy_mean = 5.558707237243652
loss_policy = 6.181722640991211
loss_total = 13.849780082702637
loss_value = 0.9921870231628418
step = 262
value_mean = -0.9999996423721313
