entropy_mean = 1.5921728610992432
loss_policy = 1.6767178773880005
loss_total = 7.3700971603393555
loss_value = 1.046875
step = 1805
value_mean = 1.0
