entropy_mean = 2.425412654876709
loss_policy = 2.5998427867889404
loss_total = 8.719476699829102
loss_value = 0.9921875
step = 1325
value_mean = 1.0
