entropy_mean = 1.6567240953445435
loss_policy = 1.629697322845459
loss_total = 6.838998317718506
loss_value = 1.0
step = 2181
value_mean = 1.0
