entropy_mean = 2.8012001514434814
loss_policy = 3.1517221927642822
loss_total = 9.399589538574219
loss_value = 0.9999908208847046
step = 1181
value_mean = 0.9999948740005493
