entropy_mean = 4.414056777954102
loss_policy = 5.8871378898620605
loss_total = 13.413678169250488
loss_value = 0.984375
step = 357
value_mean = 1.0
