entropy_mean = 3.6189050674438477
loss_policy = 4.836095809936523
loss_total = 11.430318832397461
loss_value = 1.0
step = 898
value_mean = 1.0
