entropy_mean = 4.382991790771484
loss_policy = 5.012543201446533
loss_total = 11.420121192932129
loss_value = 0.7121420502662659
step = 823
value_mean = -0.7657853364944458
