entropy_mean = 4.232115268707275
loss_policy = 5.5792317390441895
loss_total = 12.44704818725586
loss_value = 1.0
step = 708
value_mean = -1.0
