entropy_mean = 2.7935097217559814
loss_policy = 2.6266374588012695
loss_total = 8.802982330322266
loss_value = 0.9689818620681763
step = 1230
value_mean = 0.6056830286979675
