entropy_mean = 5.074656009674072
loss_policy = 6.074219226837158
loss_total = 13.723983764648438
loss_value = 1.023417592048645
step = 302
value_mean = -0.9999860525131226
