entropy_mean = 1.8243818283081055
loss_policy = 2.083611249923706
loss_total = 7.987991809844971
loss_value = 1.0
step = 1557
value_mean = 1.0
