entropy_mean = 2.0187110900878906
loss_policy = 2.0454180240631104
loss_total = 7.57490873336792
loss_value = 1.0
step = 1909
value_mean = 1.0
