entropy_mean = 4.323124885559082
loss_policy = 5.807106971740723
loss_total = 12.766202926635742
loss_value = 0.985377311706543
step = 647
value_mean = 0.9903454780578613
