entropy_mean = 2.4589757919311523
loss_policy = 2.8883535861968994
loss_total = 9.07205581665039
loss_value = 1.0
step = 1259
value_mean = 1.0
