entropy_mean = 4.431090354919434
loss_policy = 4.986054420471191
loss_total = 11.995016098022461
loss_value = 0.9843094348907471
step = 624
value_mean = 0.9856761693954468
