entropy_mean = 1.627689242362976
loss_policy = 2.03678822517395
loss_total = 7.927342414855957
loss_value = 1.015625
step = 1585
value_mean = 1.0
