entropy_mean = 5.7237958908081055
loss_policy = 5.978593826293945
loss_total = 13.743762969970703
loss_value = 0.9511158466339111
step = 36
value_mean = 0.5340919494628906
