entropy_mean = 4.45882511138916
loss_policy = 6.2249274253845215
loss_total = 13.19437026977539
loss_value = 0.9938572645187378
step = 646
value_mean = 0.9910353422164917
