entropy_mean = 4.373143672943115
loss_policy = 5.266479969024658
loss_total = 12.169721603393555
loss_value = 1.046875
step = 715
value_mean = -0.9999999403953552
