entropy_mean = 1.7043664455413818
loss_policy = 1.8379876613616943
loss_total = 7.683536529541016
loss_value = 0.9921875
step = 1605
value_mean = 1.0
