entropy_mean = 4.208312034606934
loss_policy = 4.219912528991699
loss_total = 10.642087936401367
loss_value = 1.0234365463256836
step = 1046
value_mean = 0.9999991655349731
