entropy_mean = 4.793053150177002
loss_policy = 5.967263698577881
loss_total = 13.488590240478516
loss_value = 1.0
step = 371
value_mean = 1.0
