entropy_mean = 1.5672897100448608
loss_policy = 1.7108244895935059
loss_total = 7.465426921844482
loss_value = 1.0625
step = 1759
value_mean = 1.0
