entropy_mean = 1.9135594367980957
loss_policy = 1.9806236028671265
loss_total = 7.61273193359375
loss_value = 0.984375
step = 1804
value_mean = 1.0
