entropy_mean = 4.810423851013184
loss_policy = 5.740091323852539
loss_total = 13.317811965942383
loss_value = 0.7976879477500916
step = 141
value_mean = 0.5949805974960327
