entropy_mean = 1.8069498538970947
loss_policy = 1.9587461948394775
loss_total = 7.5106120109558105
loss_value = 1.0234375
step = 1910
value_mean = 1.0
