entropy_mean = 2.345000982284546
loss_policy = 2.411100387573242
loss_total = 8.525091171264648
loss_value = 1.0
step = 1341
value_mean = 1.0
