entropy_mean = 4.382516384124756
loss_policy = 5.579772472381592
loss_total = 13.123613357543945
loss_value = 0.9999997615814209
step = 356
value_mean = 0.9999998807907104
