entropy_mean = 4.328932762145996
loss_policy = 4.838254928588867
loss_total = 11.477794647216797
loss_value = 0.9247925281524658
step = 809
value_mean = -0.33004826307296753
