entropy_mean = 3.9038503170013428
loss_policy = 4.008068561553955
loss_total = 10.425386428833008
loss_value = 0.999954342842102
step = 1031
value_mean = 0.9999692440032959
