entropy_mean = 4.71967887878418
loss_policy = 5.389781951904297
loss_total = 12.729843139648438
loss_value = 1.007185459136963
step = 465
value_mean = 0.7699132561683655
