entropy_mean = 1.6047568321228027
loss_policy = 1.9354515075683594
loss_total = 7.490567207336426
loss_value = 1.0234375
step = 1907
value_mean = 1.0
