entropy_mean = 3.249741315841675
loss_policy = 3.3169798851013184
loss_total = 9.53980541229248
loss_value = 0.9920013546943665
step = 1201
value_mean = 0.999908983707428
