entropy_mean = 1.444771647453308
loss_policy = 1.7535793781280518
loss_total = 7.198330879211426
loss_value = 1.0234375
step = 2000
value_mean = 1.0
