entropy_mean = 1.6729731559753418
loss_policy = 1.7573862075805664
loss_total = 7.205166816711426
loss_value = 0.984375
step = 1965
value_mean = 1.0
