entropy_mean = 5.662656784057617
loss_policy = 6.192015647888184
loss_total = 13.321696281433105
loss_value = 0.35713863372802734
step = 158
value_mean = 0.4971770942211151
