entropy_mean = 5.742830276489258
loss_policy = 5.795668601989746
loss_total = 13.331449508666992
loss_value = 0.732216477394104
step = 79
value_mean = 0.272824764251709
