entropy_mean = 4.756484031677246
loss_policy = 5.195749282836914
loss_total = 12.37398910522461
loss_value = 1.0
step = 543
value_mean = 1.0
