entropy_mean = 4.268576145172119
loss_policy = 5.156003952026367
loss_total = 12.298124313354492
loss_value = 1.0234375
step = 574
value_mean = 1.0
