entropy_mean = 4.633347034454346
loss_policy = 5.186038494110107
loss_total = 12.137002944946289
loss_value = 0.9876267910003662
step = 653
value_mean = 0.9143314361572266
