entropy_mean = 4.771570682525635
loss_policy = 5.425676345825195
loss_total = 12.330480575561523
loss_value = 1.03125
step = 705
value_mean = -1.0
