entropy_mean = 4.905633449554443
loss_policy = 5.979331970214844
loss_total = 13.490104675292969
loss_value = 0.9921875
step = 373
value_mean = 1.0
