entropy_mean = 4.708799362182617
loss_policy = 5.280928611755371
loss_total = 12.573058128356934
loss_value = 1.0234375
step = 498
value_mean = -0.9999998807907104
