entropy_mean = 2.3771474361419678
loss_policy = 2.643892526626587
loss_total = 8.831085205078125
loss_value = 1.0234375
step = 1285
value_mean = 1.0
