entropy_mean = 1.6071951389312744
loss_policy = 1.5773520469665527
loss_total = 6.996111869812012
loss_value = 0.9999999403953552
step = 2002
value_mean = 1.0
