entropy_mean = 4.3515520095825195
loss_policy = 5.651735305786133
loss_total = 12.61765193939209
loss_value = 0.9975483417510986
step = 650
value_mean = 0.9961336255073547
