entropy_mean = 2.0819711685180664
loss_policy = 2.13806414604187
loss_total = 8.219354629516602
loss_value = 1.0234375
step = 1401
value_mean = 1.0
