entropy_mean = 1.6178829669952393
loss_policy = 1.650578498840332
loss_total = 6.794397354125977
loss_value = 1.0
step = 2240
value_mean = 1.0
