entropy_mean = 1.4899269342422485
loss_policy = 1.6076301336288452
loss_total = 7.114443302154541
loss_value = 1.0234375
step = 1947
value_mean = 1.0
