entropy_mean = 1.4251512289047241
loss_policy = 1.933591365814209
loss_total = 7.442310810089111
loss_value = 1.0
step = 1927
value_mean = 1.0
