entropy_mean = 1.805245041847229
loss_policy = 2.2294139862060547
loss_total = 8.264019012451172
loss_value = 1.0
step = 1426
value_mean = 1.0
