entropy_mean = 4.0970354080200195
loss_policy = 4.5563812255859375
loss_total = 11.201263427734375
loss_value = 1.0234375
step = 880
value_mean = 1.0
