entropy_mean = 4.743607997894287
loss_policy = 4.871702194213867
loss_total = 11.596644401550293
loss_value = 0.9840539693832397
step = 793
value_mean = -0.9996110200881958
