entropy_mean = 5.715512752532959
loss_policy = 6.079276084899902
loss_total = 13.82200813293457
loss_value = 1.0234375
step = 222
value_mean = -1.0
