entropy_mean = 1.756560206413269
loss_policy = 2.007956027984619
loss_total = 7.946357250213623
loss_value = 1.046875
step = 1569
value_mean = 1.0
