entropy_mean = 1.5274535417556763
loss_policy = 1.8241734504699707
loss_total = 7.085659503936768
loss_value = 1.0
step = 2134
value_mean = 1.0
