entropy_mean = 1.998787522315979
loss_policy = 2.2100863456726074
loss_total = 8.30864143371582
loss_value = 1.0
step = 1359
value_mean = 1.0
