entropy_mean = 4.4246439933776855
loss_policy = 5.145543575286865
loss_total = 12.278497695922852
loss_value = 0.9132167100906372
step = 524
value_mean = 0.474306583404541
