entropy_mean = 4.059021949768066
loss_policy = 5.293008804321289
loss_total = 11.955007553100586
loss_value = 1.015625
step = 860
value_mean = 1.0
