entropy_mean = 1.9138269424438477
loss_policy = 1.9448789358139038
loss_total = 7.932058334350586
loss_value = 1.0
step = 1476
value_mean = 1.0
