entropy_mean = 2.849076747894287
loss_policy = 3.016547203063965
loss_total = 9.284310340881348
loss_value = 1.023435354232788
step = 1185
value_mean = 0.9999991655349731
