entropy_mean = 3.993624210357666
loss_policy = 4.943830490112305
loss_total = 12.024685859680176
loss_value = 0.9999999403953552
step = 593
value_mean = 1.0
