entropy_mean = 3.4437637329101562
loss_policy = 3.144428253173828
loss_total = 9.383763313293457
loss_value = 0.9999946355819702
step = 1191
value_mean = 0.9999950528144836
