entropy_mean = 1.2399019002914429
loss_policy = 1.521215796470642
loss_total = 7.025668144226074
loss_value = 0.9843748807907104
step = 1918
value_mean = 0.9999998807907104
