entropy_mean = 5.309111595153809
loss_policy = 6.347723007202148
loss_total = 14.127756118774414
loss_value = 1.046875
step = 207
value_mean = -0.9999999403953552
