entropy_mean = 1.6190872192382812
loss_policy = 1.647639513015747
loss_total = 6.890877723693848
loss_value = 1.0078120231628418
step = 2158
value_mean = 0.9999994039535522
