entropy_mean = 5.365711212158203
loss_policy = 6.434388160705566
loss_total = 14.08735466003418
loss_value = 0.9999990463256836
step = 281
value_mean = -0.999999463558197
