entropy_mean = 4.487281322479248
loss_policy = 4.933408260345459
loss_total = 11.800823211669922
loss_value = 0.9707527160644531
step = 692
value_mean = 0.9295209050178528
