entropy_mean = 1.7944869995117188
loss_policy = 1.8848963975906372
loss_total = 7.74739933013916
loss_value = 1.0234375
step = 1620
value_mean = 1.0
