entropy_mean = 1.314883828163147
loss_policy = 1.4170838594436646
loss_total = 6.547459602355957
loss_value = 0.9999994039535522
step = 2251
value_mean = 0.9999997615814209
