entropy_mean = 1.6607847213745117
loss_policy = 1.7708561420440674
loss_total = 7.450011730194092
loss_value = 1.0
step = 1773
value_mean = 1.0
