entropy_mean = 1.7774088382720947
loss_policy = 1.6596856117248535
loss_total = 7.30084228515625
loss_value = 0.9921875
step = 1803
value_mean = 1.0
