entropy_mean = 5.712538719177246
loss_policy = 5.890707969665527
loss_total = 13.640739440917969
loss_value = 1.0234375
step = 214
value_mean = -1.0
