entropy_mean = 4.305630207061768
loss_policy = 4.925185203552246
loss_total = 11.581660270690918
loss_value = 0.9401483535766602
step = 808
value_mean = -0.6082128286361694
