entropy_mean = 3.54321551322937
loss_policy = 3.538945436477661
loss_total = 9.829606056213379
loss_value = 0.9999991655349731
step = 1137
value_mean = 0.9999995231628418
