entropy_mean = 1.9022316932678223
loss_policy = 2.579526424407959
loss_total = 8.6918306350708
loss_value = 1.0
step = 1343
value_mean = 1.0
