entropy_mean = 3.990786552429199
loss_policy = 3.9394776821136475
loss_total = 10.353063583374023
loss_value = 1.02341628074646
step = 1053
value_mean = 0.9999855756759644
