entropy_mean = 4.768448829650879
loss_policy = 5.244427680969238
loss_total = 12.308435440063477
loss_value = 0.9921871423721313
step = 598
value_mean = 0.9999996423721313
