entropy_mean = 2.2791171073913574
loss_policy = 2.333850860595703
loss_total = 8.4168701171875
loss_value = 0.9921872615814209
step = 1367
value_mean = 0.9999999403953552
