entropy_mean = 4.186738967895508
loss_policy = 4.35328483581543
loss_total = 10.825115203857422
loss_value = 1.023437261581421
step = 1005
value_mean = 0.9999998211860657
