entropy_mean = 3.5635759830474854
loss_policy = 4.01002311706543
loss_total = 10.381970405578613
loss_value = 0.9999999403953552
step = 1068
value_mean = 1.0
