entropy_mean = 4.590663909912109
loss_policy = 5.263937950134277
loss_total = 12.243170738220215
loss_value = 0.9910281896591187
step = 640
value_mean = 0.9388060569763184
