entropy_mean = 1.67417311668396
loss_policy = 1.73944890499115
loss_total = 7.299222946166992
loss_value = 1.0234375
step = 1903
value_mean = 1.0
