entropy_mean = 3.837649345397949
loss_policy = 4.192921161651611
loss_total = 10.603785514831543
loss_value = 0.9999997615814209
step = 1036
value_mean = 0.9999998807907104
