entropy_mean = 4.506775379180908
loss_policy = 5.142641544342041
loss_total = 12.470794677734375
loss_value = 0.9774684309959412
step = 456
value_mean = 0.8674959540367126
