entropy_mean = 1.8266263008117676
loss_policy = 2.210869312286377
loss_total = 8.224035263061523
loss_value = 1.0
step = 1447
value_mean = 1.0
