entropy_mean = 2.0810933113098145
loss_policy = 2.2188546657562256
loss_total = 8.267806053161621
loss_value = 1.0
step = 1411
value_mean = 1.0
