entropy_mean = 1.6661736965179443
loss_policy = 1.8731311559677124
loss_total = 7.800544261932373
loss_value = 1.046875
step = 1580
value_mean = 1.0
