entropy_mean = 1.6650205850601196
loss_policy = 1.8845512866973877
loss_total = 7.354726314544678
loss_value = 1.0
step = 1958
value_mean = 1.0
