entropy_mean = 4.990774154663086
loss_policy = 5.532305717468262
loss_total = 12.920572280883789
loss_value = 0.9771509766578674
step = 429
value_mean = 0.8247736096382141
