entropy_mean = 4.470002174377441
loss_policy = 5.177798748016357
loss_total = 12.125411987304688
loss_value = 0.9923348426818848
step = 658
value_mean = 0.939235270023346
