entropy_mean = 5.122054100036621
loss_policy = 6.237697601318359
loss_total = 13.855314254760742
loss_value = 0.9999804496765137
step = 309
value_mean = -0.9999896287918091
