entropy_mean = 5.159490585327148
loss_policy = 5.678986549377441
loss_total = 13.313949584960938
loss_value = 1.023437261581421
step = 314
value_mean = -0.9999997615814209
