entropy_mean = 5.636074066162109
loss_policy = 5.836212158203125
loss_total = 13.590291976928711
loss_value = 0.9417175054550171
step = 43
value_mean = -0.8432403206825256
