entropy_mean = 4.36109733581543
loss_policy = 4.675332069396973
loss_total = 11.294332504272461
loss_value = 0.9921875
step = 876
value_mean = 1.0
