entropy_mean = 3.189723491668701
loss_policy = 3.6950128078460693
loss_total = 10.052063941955566
loss_value = 0.9999998807907104
step = 1082
value_mean = 0.9999998807907104
