entropy_mean = 1.6504014730453491
loss_policy = 1.7791287899017334
loss_total = 7.375418663024902
loss_value = 0.9921875
step = 1847
value_mean = 1.0
