entropy_mean = 1.745999813079834
loss_policy = 2.2398853302001953
loss_total = 8.434097290039062
loss_value = 1.0703125
step = 1329
value_mean = 1.0
