entropy_mean = 4.755889892578125
loss_policy = 4.820581436157227
loss_total = 11.494596481323242
loss_value = 1.0
step = 840
value_mean = 1.0
