entropy_mean = 3.8412976264953613
loss_policy = 4.996847152709961
loss_total = 11.588484764099121
loss_value = 1.0
step = 900
value_mean = 1.0
