entropy_mean = 5.612596035003662
loss_policy = 6.150156021118164
loss_total = 13.694318771362305
loss_value = 0.9884065389633179
step = 349
value_mean = 0.991840124130249
