entropy_mean = 1.5100576877593994
loss_policy = 2.2203032970428467
loss_total = 8.240913391113281
loss_value = 1.015625
step = 1456
value_mean = 1.0
