entropy_mean = 2.9565913677215576
loss_policy = 3.3887429237365723
loss_total = 9.653651237487793
loss_value = 0.9999840259552002
step = 1162
value_mean = 0.9999929666519165
