entropy_mean = 1.8498170375823975
loss_policy = 1.8131182193756104
loss_total = 7.543125152587891
loss_value = 1.0
step = 1723
value_mean = 1.0
