entropy_mean = 1.6230058670043945
loss_policy = 1.919325351715088
loss_total = 7.511959075927734
loss_value = 1.0234375
step = 1877
value_mean = 1.0
