entropy_mean = 4.555919647216797
loss_policy = 4.3691725730896
loss_total = 10.856914520263672
loss_value = 1.0234367847442627
step = 991
value_mean = 0.9999997019767761
