entropy_mean = 1.678503394126892
loss_policy = 2.0327746868133545
loss_total = 8.048026084899902
loss_value = 1.0
step = 1445
value_mean = 1.0
