entropy_mean = 1.3644834756851196
loss_policy = 1.52655029296875
loss_total = 6.779060363769531
loss_value = 0.9921875
step = 2135
value_mean = 1.0
