entropy_mean = 1.7908363342285156
loss_policy = 2.0392611026763916
loss_total = 7.980463027954102
loss_value = 0.9921875
step = 1512
value_mean = 1.0
