entropy_mean = 4.740135192871094
loss_policy = 5.002471923828125
loss_total = 12.37407112121582
loss_value = 0.9654643535614014
step = 431
value_mean = 0.7466506958007812
