entropy_mean = 4.1719489097595215
loss_policy = 4.058077812194824
loss_total = 10.497570991516113
loss_value = 1.023427963256836
step = 1032
value_mean = 0.9999948740005493
