entropy_mean = 1.5708081722259521
loss_policy = 1.8836500644683838
loss_total = 7.667065620422363
loss_value = 1.0234375
step = 1694
value_mean = 1.0
