entropy_mean = 1.601086139678955
loss_policy = 1.7803338766098022
loss_total = 7.022251129150391
loss_value = 0.9999998807907104
step = 2152
value_mean = 0.9999999403953552
