entropy_mean = 1.6457104682922363
loss_policy = 1.6724348068237305
loss_total = 6.872555255889893
loss_value = 1.0
step = 2189
value_mean = 1.0
