entropy_mean = 4.831446647644043
loss_policy = 5.268741130828857
loss_total = 12.58912467956543
loss_value = 0.9852967262268066
step = 464
value_mean = 0.7658044099807739
