entropy_mean = 1.8054678440093994
loss_policy = 1.8238749504089355
loss_total = 7.4430437088012695
loss_value = 1.0234375
step = 1855
value_mean = 1.0
