entropy_mean = 1.7659790515899658
loss_policy = 1.9350570440292358
loss_total = 8.001458168029785
loss_value = 1.015625
step = 1409
value_mean = 1.0
