entropy_mean = 4.637641429901123
loss_policy = 5.719723701477051
loss_total = 13.072481155395508
loss_value = 1.0059125423431396
step = 458
value_mean = 0.9059959650039673
