entropy_mean = 4.351743698120117
loss_policy = 4.961847305297852
loss_total = 11.714696884155273
loss_value = 0.9999953508377075
step = 785
value_mean = -0.9999964833259583
