entropy_mean = 2.2143125534057617
loss_policy = 2.068704605102539
loss_total = 8.09827995300293
loss_value = 0.9921875
step = 1423
value_mean = 1.0
