entropy_mean = 1.3776823282241821
loss_policy = 1.6393440961837769
loss_total = 6.7808685302734375
loss_value = 1.0
step = 2242
value_mean = 1.0
