entropy_mean = 1.6736788749694824
loss_policy = 1.83091139793396
loss_total = 7.2121405601501465
loss_value = 0.9999997019767761
step = 2032
value_mean = 0.9999998807907104
