entropy_mean = 1.609873652458191
loss_policy = 1.7881653308868408
loss_total = 7.607093811035156
loss_value = 0.9999999403953552
step = 1643
value_mean = 0.9999999403953552
