entropy_mean = 1.736638069152832
loss_policy = 1.787778377532959
loss_total = 7.596880912780762
loss_value = 1.0
step = 1652
value_mean = 1.0
