entropy_mean = 4.530651092529297
loss_policy = 4.87998104095459
loss_total = 11.514073371887207
loss_value = 1.0
step = 870
value_mean = 1.0
