entropy_mean = 4.058902740478516
loss_policy = 4.511457443237305
loss_total = 11.025097846984863
loss_value = 0.9921875
step = 953
value_mean = 1.0
