entropy_mean = 5.765737533569336
loss_policy = 5.846996307373047
loss_total = 13.58375358581543
loss_value = 0.9727801084518433
step = 174
value_mean = 0.9608893394470215
