entropy_mean = 5.319212913513184
loss_policy = 6.616601943969727
loss_total = 14.451269149780273
loss_value = 1.0171397924423218
step = 12
value_mean = 0.9878470301628113
