entropy_mean = 5.941684722900391
loss_policy = 5.97382926940918
loss_total = 13.237907409667969
loss_value = 0.4668683409690857
step = 101
value_mean = 0.5129620432853699
