entropy_mean = 1.5731583833694458
loss_policy = 1.7514681816101074
loss_total = 7.512387752532959
loss_value = 1.015625
step = 1708
value_mean = 1.0
