entropy_mean = 6.069040298461914
loss_policy = 6.094432353973389
loss_total = 13.821945190429688
loss_value = 1.0
step = 213
value_mean = -1.0
