entropy_mean = 4.343661308288574
loss_policy = 4.679221153259277
loss_total = 11.401188850402832
loss_value = 0.9843673706054688
step = 795
value_mean = -0.9999943375587463
