entropy_mean = 5.277717590332031
loss_policy = 6.038267612457275
loss_total = 13.784672737121582
loss_value = 1.0234375
step = 218
value_mean = -1.0
