entropy_mean = 4.69896125793457
loss_policy = 5.425631046295166
loss_total = 12.499147415161133
loss_value = 0.9999998211860657
step = 597
value_mean = 0.9999998211860657
