entropy_mean = 4.663412094116211
loss_policy = 5.767504692077637
loss_total = 13.222029685974121
loss_value = 0.9890778064727783
step = 403
value_mean = 0.9934812784194946
