entropy_mean = 1.8754544258117676
loss_policy = 1.8860441446304321
loss_total = 7.590379238128662
loss_value = 1.0
step = 1746
value_mean = 1.0
