entropy_mean = 1.8321733474731445
loss_policy = 2.045083522796631
loss_total = 8.04141902923584
loss_value = 0.9921875
step = 1457
value_mean = 1.0
