entropy_mean = 4.318105220794678
loss_policy = 5.139698505401611
loss_total = 12.067331314086914
loss_value = 0.9832295775413513
step = 665
value_mean = 0.9493075013160706
