entropy_mean = 2.1500911712646484
loss_policy = 2.2711000442504883
loss_total = 8.36367130279541
loss_value = 0.9921875
step = 1357
value_mean = 1.0
