entropy_mean = 4.905673980712891
loss_policy = 5.193338394165039
loss_total = 12.290443420410156
loss_value = 0.8810344934463501
step = 526
value_mean = 0.8095109462738037
