entropy_mean = 1.3383773565292358
loss_policy = 1.742393970489502
loss_total = 7.0497589111328125
loss_value = 1.0
step = 2092
value_mean = 1.0
