entropy_mean = 4.456357955932617
loss_policy = 4.872454643249512
loss_total = 11.639643669128418
loss_value = 0.9999307990074158
step = 775
value_mean = -0.9999957084655762
