entropy_mean = 3.677713394165039
loss_policy = 4.914207458496094
loss_total = 11.551528930664062
loss_value = 0.9921875
step = 861
value_mean = 1.0
