entropy_mean = 2.0115761756896973
loss_policy = 2.2940454483032227
loss_total = 8.350064277648926
loss_value = 1.0234375
step = 1428
value_mean = 1.0
