entropy_mean = 1.3570001125335693
loss_policy = 1.723716378211975
loss_total = 6.9590044021606445
loss_value = 1.0234375
step = 2179
value_mean = 1.0
