entropy_mean = 4.649537563323975
loss_policy = 5.410628318786621
loss_total = 12.777956008911133
loss_value = 0.9789782762527466
step = 438
value_mean = 0.7981029152870178
