entropy_mean = 2.145151376724243
loss_policy = 2.0799741744995117
loss_total = 8.012171745300293
loss_value = 1.0
step = 1532
value_mean = 1.0
