entropy_mean = 1.3736488819122314
loss_policy = 1.5668907165527344
loss_total = 7.011716842651367
loss_value = 1.0
step = 1981
value_mean = 1.0
