entropy_mean = 3.399343729019165
loss_policy = 3.844910144805908
loss_total = 10.147531509399414
loss_value = 1.0156188011169434
step = 1140
value_mean = 0.9999954700469971
