entropy_mean = 1.3716953992843628
loss_policy = 1.5173851251602173
loss_total = 6.698206901550293
loss_value = 0.9921875
step = 2200
value_mean = 1.0
