entropy_mean = 1.656197428703308
loss_policy = 2.020331621170044
loss_total = 7.77484130859375
loss_value = 1.0234375
step = 1722
value_mean = 1.0
