entropy_mean = 4.7278218269348145
loss_policy = 5.957037448883057
loss_total = 13.46622371673584
loss_value = 0.9999293088912964
step = 380
value_mean = 0.9999732971191406
