entropy_mean = 1.8512325286865234
loss_policy = 1.8698843717575073
loss_total = 7.739238262176514
loss_value = 0.9921875
step = 1583
value_mean = 1.0
