entropy_mean = 4.501195430755615
loss_policy = 5.367527008056641
loss_total = 12.432576179504395
loss_value = 0.8471611738204956
step = 525
value_mean = 0.3479672372341156
