entropy_mean = 1.9570069313049316
loss_policy = 2.0684752464294434
loss_total = 8.067851066589355
loss_value = 1.0
step = 1463
value_mean = 1.0
