entropy_mean = 1.6397514343261719
loss_policy = 1.9441332817077637
loss_total = 7.805393218994141
loss_value = 1.0
step = 1597
value_mean = 1.0
