entropy_mean = 5.59555721282959
loss_policy = 8.12429428100586
loss_total = 15.934850692749023
loss_value = 0.9928767085075378
step = 5
value_mean = 0.9945263266563416
