entropy_mean = 1.6760833263397217
loss_policy = 1.8045520782470703
loss_total = 7.340420246124268
loss_value = 0.984375
step = 1891
value_mean = 1.0
