entropy_mean = 1.8047075271606445
loss_policy = 2.001520872116089
loss_total = 7.8925933837890625
loss_value = 0.9921875
step = 1562
value_mean = 1.0
