entropy_mean = 2.3424267768859863
loss_policy = 2.7524890899658203
loss_total = 8.94896125793457
loss_value = 1.015625
step = 1263
value_mean = 1.0
