entropy_mean = 5.914560317993164
loss_policy = 5.993930816650391
loss_total = 13.689464569091797
loss_value = 0.9350918531417847
step = 178
value_mean = 0.5889618992805481
