entropy_mean = 5.171177864074707
loss_policy = 6.161670684814453
loss_total = 13.870219230651855
loss_value = 0.9999998807907104
step = 232
value_mean = -0.9999999403953552
