entropy_mean = 4.408702373504639
loss_policy = 5.2000837326049805
loss_total = 12.38768196105957
loss_value = 0.9772568941116333
step = 529
value_mean = 0.6967317461967468
