entropy_mean = 1.9114015102386475
loss_policy = 1.9897558689117432
loss_total = 8.022112846374512
loss_value = 0.9921875
step = 1420
value_mean = 1.0
