entropy_mean = 3.3809826374053955
loss_policy = 4.190840721130371
loss_total = 10.569561958312988
loss_value = 0.9999977350234985
step = 1062
value_mean = 0.9999991059303284
