entropy_mean = 4.090234756469727
loss_policy = 4.519371032714844
loss_total = 11.142906188964844
loss_value = 0.984375
step = 866
value_mean = 1.0
