entropy_mean = 5.019242286682129
loss_policy = 6.05952262878418
loss_total = 13.789834022521973
loss_value = 1.0
step = 210
value_mean = -1.0
