entropy_mean = 4.708436489105225
loss_policy = 5.238245964050293
loss_total = 12.665578842163086
loss_value = 0.9841300845146179
step = 414
value_mean = 0.9842601418495178
