entropy_mean = 1.6598937511444092
loss_policy = 1.9440248012542725
loss_total = 7.898324489593506
loss_value = 1.0
step = 1507
value_mean = 1.0
