entropy_mean = 4.906268119812012
loss_policy = 6.1588897705078125
loss_total = 13.88840103149414
loss_value = 0.9843746423721313
step = 195
value_mean = -0.9999998807907104
