entropy_mean = 1.467169165611267
loss_policy = 1.8050428628921509
loss_total = 7.403997898101807
loss_value = 1.0
step = 1852
value_mean = 1.0
