entropy_mean = 1.5584580898284912
loss_policy = 1.9448614120483398
loss_total = 7.790703296661377
loss_value = 1.0234375
step = 1639
value_mean = 1.0
