entropy_mean = 1.6651625633239746
loss_policy = 1.8657664060592651
loss_total = 7.499541282653809
loss_value = 1.0
step = 1816
value_mean = 1.0
