entropy_mean = 1.415169596672058
loss_policy = 1.5448071956634521
loss_total = 6.896808624267578
loss_value = 0.9921873807907104
step = 2050
value_mean = 0.9999999403953552
