entropy_mean = 1.813046932220459
loss_policy = 1.7965478897094727
loss_total = 7.584826946258545
loss_value = 1.0234375
step = 1690
value_mean = 1.0
