entropy_mean = 4.722675323486328
loss_policy = 5.631524562835693
loss_total = 13.222628593444824
loss_value = 0.992184042930603
step = 323
value_mean = -0.999997615814209
