entropy_mean = 5.515423774719238
loss_policy = 6.141751766204834
loss_total = 13.90451717376709
loss_value = 1.0234375
step = 201
value_mean = -1.0
