entropy_mean = 1.4355800151824951
loss_policy = 1.7704659700393677
loss_total = 7.3044233322143555
loss_value = 1.0
step = 1905
value_mean = 1.0
