entropy_mean = 4.316845417022705
loss_policy = 4.474294662475586
loss_total = 10.982440948486328
loss_value = 0.9843741655349731
step = 951
value_mean = 0.9999997615814209
