entropy_mean = 3.975451946258545
loss_policy = 4.579850673675537
loss_total = 11.15018081665039
loss_value = 1.0
step = 916
value_mean = 1.0
