entropy_mean = 4.649874687194824
loss_policy = 5.355137825012207
loss_total = 12.59942626953125
loss_value = 0.9829329252243042
step = 502
value_mean = -0.9849143624305725
