entropy_mean = 5.8066301345825195
loss_policy = 6.081717014312744
loss_total = 13.841148376464844
loss_value = 0.9906798601150513
step = 167
value_mean = 0.9968130588531494
