entropy_mean = 1.8513469696044922
loss_policy = 2.084198474884033
loss_total = 7.932765483856201
loss_value = 1.0
step = 1610
value_mean = 1.0
