entropy_mean = 4.991493225097656
loss_policy = 5.850617408752441
loss_total = 12.919846534729004
loss_value = 0.9921875
step = 595
value_mean = 1.0
