entropy_mean = 4.589724540710449
loss_policy = 5.233667373657227
loss_total = 11.957008361816406
loss_value = 0.9179016947746277
step = 748
value_mean = -0.6834882497787476
