entropy_mean = 2.3373472690582275
loss_policy = 2.6900205612182617
loss_total = 8.857263565063477
loss_value = 0.9921875
step = 1271
value_mean = 1.0
