entropy_mean = 1.835309624671936
loss_policy = 2.088839530944824
loss_total = 8.156523704528809
loss_value = 1.0390625
step = 1432
value_mean = 1.0
