entropy_mean = 1.7658177614212036
loss_policy = 2.2895326614379883
loss_total = 8.404644012451172
loss_value = 1.015625
step = 1358
value_mean = 1.0
