entropy_mean = 4.6230034828186035
loss_policy = 4.843891143798828
loss_total = 11.898098945617676
loss_value = 1.0397883653640747
step = 629
value_mean = 0.9597163796424866
