entropy_mean = 4.662081241607666
loss_policy = 4.979145526885986
loss_total = 11.593233108520508
loss_value = 1.015625
step = 895
value_mean = 1.0
