entropy_mean = 5.178374767303467
loss_policy = 5.776454925537109
loss_total = 13.393858909606934
loss_value = 1.0156234502792358
step = 321
value_mean = -0.9999987483024597
