entropy_mean = 5.688766956329346
loss_policy = 6.014500141143799
loss_total = 13.161981582641602
loss_value = 0.35091161727905273
step = 103
value_mean = -0.5091468691825867
