entropy_mean = 1.586816668510437
loss_policy = 1.6698579788208008
loss_total = 7.209360122680664
loss_value = 1.0703125
step = 1959
value_mean = 1.0
