entropy_mean = 1.4980021715164185
loss_policy = 1.701425552368164
loss_total = 7.266622543334961
loss_value = 1.0
step = 1880
value_mean = 1.0
