entropy_mean = 3.940624952316284
loss_policy = 4.837018966674805
loss_total = 11.875307083129883
loss_value = 0.9921671152114868
step = 613
value_mean = 0.9999896287918091
