entropy_mean = 4.384966850280762
loss_policy = 4.645288944244385
loss_total = 10.971495628356934
loss_value = 0.6412450075149536
step = 832
value_mean = -0.7668745517730713
