entropy_mean = 1.6115778684616089
loss_policy = 1.7092218399047852
loss_total = 6.9893798828125
loss_value = 1.046875
step = 2160
value_mean = 1.0
