entropy_mean = 5.257150173187256
loss_policy = 6.013579368591309
loss_total = 13.751813888549805
loss_value = 1.0
step = 202
value_mean = -1.0
