entropy_mean = 3.021979331970215
loss_policy = 3.047585964202881
loss_total = 9.288703918457031
loss_value = 1.0077544450759888
step = 1198
value_mean = 0.9999767541885376
