entropy_mean = 4.447122573852539
loss_policy = 5.339658260345459
loss_total = 11.960709571838379
loss_value = 0.9220176935195923
step = 820
value_mean = 0.6565489768981934
