entropy_mean = 1.3145153522491455
loss_policy = 1.46900475025177
loss_total = 6.831166744232178
loss_value = 0.9999994039535522
step = 2048
value_mean = 0.9999997615814209
