entropy_mean = 3.7876274585723877
loss_policy = 4.669167518615723
loss_total = 11.187458038330078
loss_value = 1.023437261581421
step = 971
value_mean = 0.9999998807907104
