entropy_mean = 1.4733736515045166
loss_policy = 1.6538856029510498
loss_total = 6.910538196563721
loss_value = 0.9843749403953552
step = 2125
value_mean = 1.0
