entropy_mean = 3.949741840362549
loss_policy = 5.132542610168457
loss_total = 11.624590873718262
loss_value = 0.7904009819030762
step = 818
value_mean = 0.890648603439331
