entropy_mean = 5.232639789581299
loss_policy = 6.2487897872924805
loss_total = 13.909205436706543
loss_value = 0.9999975562095642
step = 275
value_mean = -0.9999982118606567
