entropy_mean = 5.769050121307373
loss_policy = 5.754253387451172
loss_total = 13.500596046447754
loss_value = 0.9815187454223633
step = 173
value_mean = 0.9644457101821899
