entropy_mean = 5.355607986450195
loss_policy = 5.439692974090576
loss_total = 12.960002899169922
loss_value = 1.0234036445617676
step = 388
value_mean = 0.9999855756759644
