entropy_mean = 1.646895408630371
loss_policy = 1.9191701412200928
loss_total = 7.620647430419922
loss_value = 0.984375
step = 1734
value_mean = 1.0
