entropy_mean = 4.475680351257324
loss_policy = 5.472751617431641
loss_total = 12.787741661071777
loss_value = 1.0234375
step = 485
value_mean = -1.0
