entropy_mean = 1.491152286529541
loss_policy = 1.659682035446167
loss_total = 6.925592422485352
loss_value = 1.015625
step = 2144
value_mean = 1.0
