entropy_mean = 1.8143314123153687
loss_policy = 2.141683578491211
loss_total = 7.989813327789307
loss_value = 1.015625
step = 1627
value_mean = 1.0
