entropy_mean = 3.8921666145324707
loss_policy = 4.916835784912109
loss_total = 11.368267059326172
loss_value = 0.9999997019767761
step = 1002
value_mean = 0.9999998807907104
