entropy_mean = 3.407611846923828
loss_policy = 3.6879775524139404
loss_total = 10.011444091796875
loss_value = 0.9999964833259583
step = 1109
value_mean = 0.9999992847442627
