entropy_mean = 3.5445072650909424
loss_policy = 3.6630685329437256
loss_total = 9.951299667358398
loss_value = 0.9999991059303284
step = 1139
value_mean = 0.9999996423721313
