entropy_mean = 5.503686904907227
loss_policy = 5.3428754806518555
loss_total = 12.673614501953125
loss_value = 0.9762483239173889
step = 454
value_mean = 0.841923713684082
