entropy_mean = 1.539358139038086
loss_policy = 1.7914340496063232
loss_total = 7.383993625640869
loss_value = 1.0
step = 1858
value_mean = 1.0
