entropy_mean = 5.089198112487793
loss_policy = 5.789788246154785
loss_total = 13.51046371459961
loss_value = 0.9629369974136353
step = 181
value_mean = -0.9956451654434204
