entropy_mean = 1.5174224376678467
loss_policy = 1.6363303661346436
loss_total = 7.235671043395996
loss_value = 1.0078125
step = 1859
value_mean = 1.0
