entropy_mean = 1.4203108549118042
loss_policy = 1.7736105918884277
loss_total = 7.294713020324707
loss_value = 1.0
step = 1917
value_mean = 1.0
