entropy_mean = 1.374229907989502
loss_policy = 1.7707209587097168
loss_total = 7.166098594665527
loss_value = 0.9999992251396179
step = 2019
value_mean = 0.9999996423721313
