entropy_mean = 1.5874414443969727
loss_policy = 1.7162165641784668
loss_total = 7.460456848144531
loss_value = 1.0
step = 1709
value_mean = 1.0
