entropy_mean = 5.521452903747559
loss_policy = 6.505460739135742
loss_total = 13.739734649658203
loss_value = 0.4591033458709717
step = 152
value_mean = -0.39976292848587036
