entropy_mean = 4.032637596130371
loss_policy = 4.17525577545166
loss_total = 10.645084381103516
loss_value = 1.0234371423721313
step = 1007
value_mean = 0.9999998807907104
