entropy_mean = 5.0598626136779785
loss_policy = 4.9932098388671875
loss_total = 12.007373809814453
loss_value = 0.9935307502746582
step = 626
value_mean = 0.9662601947784424
