entropy_mean = 5.814220428466797
loss_policy = 5.851787567138672
loss_total = 13.568938255310059
loss_value = 1.0
step = 224
value_mean = -1.0
