entropy_mean = 4.659336090087891
loss_policy = 5.410702705383301
loss_total = 12.656044006347656
loss_value = 0.9893726110458374
step = 505
value_mean = -0.9937828779220581
