entropy_mean = 5.655740261077881
loss_policy = 5.8586015701293945
loss_total = 13.18415355682373
loss_value = 0.5171403288841248
step = 58
value_mean = -0.6698488593101501
