entropy_mean = 1.7334425449371338
loss_policy = 1.7178094387054443
loss_total = 7.431015968322754
loss_value = 1.0078125
step = 1745
value_mean = 1.0
