entropy_mean = 1.8927195072174072
loss_policy = 2.254211664199829
loss_total = 8.336568832397461
loss_value = 1.0
step = 1375
value_mean = 1.0
