entropy_mean = 5.006919860839844
loss_policy = 5.330971717834473
loss_total = 12.537054061889648
loss_value = 1.0234375
step = 541
value_mean = 1.0
