entropy_mean = 4.406336784362793
loss_policy = 5.2525153160095215
loss_total = 12.473783493041992
loss_value = 0.9816954135894775
step = 514
value_mean = -0.032405488193035126
