entropy_mean = 1.724993109703064
loss_policy = 1.8046090602874756
loss_total = 7.611752510070801
loss_value = 0.9921875
step = 1647
value_mean = 1.0
