entropy_mean = 3.159416675567627
loss_policy = 3.6747593879699707
loss_total = 9.950252532958984
loss_value = 0.9921858310699463
step = 1143
value_mean = 0.999998927116394
