entropy_mean = 5.709898948669434
loss_policy = 5.934385299682617
loss_total = 13.225763320922852
loss_value = 0.49149689078330994
step = 93
value_mean = 0.010149076581001282
