entropy_mean = 1.5899044275283813
loss_policy = 1.9217851161956787
loss_total = 7.476650238037109
loss_value = 0.9921875
step = 1882
value_mean = 1.0
