entropy_mean = 5.221713066101074
loss_policy = 5.918560028076172
loss_total = 13.614368438720703
loss_value = 0.9999993443489075
step = 244
value_mean = -0.9999996423721313
