entropy_mean = 1.9023983478546143
loss_policy = 1.843216061592102
loss_total = 7.30544376373291
loss_value = 1.0234375
step = 1986
value_mean = 1.0
