entropy_mean = 1.611031174659729
loss_policy = 1.694692611694336
loss_total = 7.471473217010498
loss_value = 1.0234375
step = 1700
value_mean = 1.0
