entropy_mean = 3.596283197402954
loss_policy = 4.090273857116699
loss_total = 10.514878273010254
loss_value = 1.0234375
step = 1044
value_mean = 0.9999998807907104
