entropy_mean = 4.651120185852051
loss_policy = 5.4546427726745605
loss_total = 12.655171394348145
loss_value = 1.046875
step = 556
value_mean = 1.0
