entropy_mean = 1.6175355911254883
loss_policy = 1.7763298749923706
loss_total = 7.6255340576171875
loss_value = 1.0234375
step = 1635
value_mean = 1.0
