entropy_mean = 3.5184080600738525
loss_policy = 3.855448007583618
loss_total = 10.189464569091797
loss_value = 0.9921824932098389
step = 1094
value_mean = 0.9999967813491821
