entropy_mean = 4.791153907775879
loss_policy = 5.273848533630371
loss_total = 12.38718032836914
loss_value = 0.8898375034332275
step = 522
value_mean = 0.493098646402359
