entropy_mean = 1.8236908912658691
loss_policy = 1.9127135276794434
loss_total = 7.5972185134887695
loss_value = 0.9999997615814209
step = 1767
value_mean = 0.9999999403953552
