entropy_mean = 4.124009132385254
loss_policy = 4.20698356628418
loss_total = 10.588220596313477
loss_value = 0.999999463558197
step = 1060
value_mean = 0.9999998807907104
