entropy_mean = 4.763279914855957
loss_policy = 5.792729377746582
loss_total = 13.239967346191406
loss_value = 0.9921875
step = 408
value_mean = 1.0
