entropy_mean = 1.4521543979644775
loss_policy = 1.6415594816207886
loss_total = 7.09837532043457
loss_value = 0.9999997019767761
step = 1971
value_mean = 0.9999998807907104
