entropy_mean = 5.646927833557129
loss_policy = 6.162054061889648
loss_total = 13.409143447875977
loss_value = 0.47057265043258667
step = 149
value_mean = 0.7829270362854004
