entropy_mean = 1.7029807567596436
loss_policy = 2.067979574203491
loss_total = 7.882998943328857
loss_value = 1.046874761581421
step = 1687
value_mean = 0.9999998807907104
