entropy_mean = 1.674593448638916
loss_policy = 1.8637993335723877
loss_total = 7.248937129974365
loss_value = 0.9921875
step = 2021
value_mean = 1.0
