entropy_mean = 1.4009124040603638
loss_policy = 1.660775899887085
loss_total = 6.974311351776123
loss_value = 0.9921874403953552
step = 2081
value_mean = 0.9999999403953552
