entropy_mean = 4.477400779724121
loss_policy = 5.201652526855469
loss_total = 12.072614669799805
loss_value = 0.9546025395393372
step = 681
value_mean = 0.7074320316314697
