entropy_mean = 1.6600186824798584
loss_policy = 1.8712831735610962
loss_total = 7.334812164306641
loss_value = 1.0234375
step = 1985
value_mean = 1.0
