entropy_mean = 5.396000862121582
loss_policy = 5.540776252746582
loss_total = 12.840868949890137
loss_value = 0.9907909035682678
step = 476
value_mean = -0.9999383091926575
