entropy_mean = 1.492567539215088
loss_policy = 1.7394216060638428
loss_total = 7.238332748413086
loss_value = 1.0
step = 1935
value_mean = 1.0
