entropy_mean = 5.575695037841797
loss_policy = 6.265267848968506
loss_total = 14.001440048217773
loss_value = 1.0234375
step = 228
value_mean = -1.0
