entropy_mean = 1.8242268562316895
loss_policy = 1.8743444681167603
loss_total = 7.765839576721191
loss_value = 1.0234339237213135
step = 1591
value_mean = 0.9999995231628418
