entropy_mean = 2.2687323093414307
loss_policy = 2.6756083965301514
loss_total = 8.860030174255371
loss_value = 1.0
step = 1258
value_mean = 1.0
