entropy_mean = 5.645417213439941
loss_policy = 5.763923168182373
loss_total = 13.530686378479004
loss_value = 1.0234375
step = 197
value_mean = -1.0
