entropy_mean = 1.6179466247558594
loss_policy = 1.6592011451721191
loss_total = 6.938238620758057
loss_value = 1.0
step = 2119
value_mean = 1.0
