entropy_mean = 2.005599021911621
loss_policy = 1.6752077341079712
loss_total = 7.386793613433838
loss_value = 1.0234375
step = 1763
value_mean = 1.0
