entropy_mean = 4.739258289337158
loss_policy = 5.141165733337402
loss_total = 12.311708450317383
loss_value = 0.92530757188797
step = 511
value_mean = -0.26997673511505127
