entropy_mean = 1.4354066848754883
loss_policy = 1.629284381866455
loss_total = 7.081236839294434
loss_value = 1.0
step = 1975
value_mean = 1.0
