entropy_mean = 1.755969524383545
loss_policy = 1.8201102018356323
loss_total = 7.257589340209961
loss_value = 1.0
step = 1987
value_mean = 1.0
