entropy_mean = 1.7394224405288696
loss_policy = 2.261159658432007
loss_total = 8.379196166992188
loss_value = 1.0
step = 1336
value_mean = 1.0
