entropy_mean = 1.5070898532867432
loss_policy = 1.8252023458480835
loss_total = 7.5088582038879395
loss_value = 1.015625
step = 1785
value_mean = 1.0
