entropy_mean = 4.634533405303955
loss_policy = 4.899808883666992
loss_total = 11.63117790222168
loss_value = 0.9921287298202515
step = 794
value_mean = -0.9999505877494812
