entropy_mean = 1.5111467838287354
loss_policy = 1.4939720630645752
loss_total = 6.644537925720215
loss_value = 1.0
step = 2234
value_mean = 1.0
