entropy_mean = 1.4479639530181885
loss_policy = 1.849149465560913
loss_total = 7.188876152038574
loss_value = 1.0
step = 2067
value_mean = 1.0
