entropy_mean = 2.058128833770752
loss_policy = 2.113485336303711
loss_total = 8.072701454162598
loss_value = 0.984375
step = 1488
value_mean = 1.0
