entropy_mean = 4.259789943695068
loss_policy = 4.76271390914917
loss_total = 11.355672836303711
loss_value = 1.0156245231628418
step = 911
value_mean = 0.9999999403953552
