entropy_mean = 1.6136466264724731
loss_policy = 1.868703842163086
loss_total = 7.709789276123047
loss_value = 1.0
step = 1618
value_mean = 1.0
