entropy_mean = 3.4530131816864014
loss_policy = 3.615659713745117
loss_total = 9.894353866577148
loss_value = 0.9999972581863403
step = 1147
value_mean = 0.9999988079071045
