entropy_mean = 4.02343225479126
loss_policy = 4.870485305786133
loss_total = 11.540056228637695
loss_value = 1.0
step = 843
value_mean = 1.0
