entropy_mean = 4.472643852233887
loss_policy = 4.835807800292969
loss_total = 11.804682731628418
loss_value = 1.0405677556991577
step = 675
value_mean = 0.8549063205718994
