entropy_mean = 1.6205449104309082
loss_policy = 1.8788318634033203
loss_total = 7.263785362243652
loss_value = 1.015625
step = 2042
value_mean = 1.0
