entropy_mean = 1.6315488815307617
loss_policy = 1.8682035207748413
loss_total = 7.48144006729126
loss_value = 1.0
step = 1837
value_mean = 1.0
