entropy_mean = 4.480854034423828
loss_policy = 4.602735996246338
loss_total = 11.21847152709961
loss_value = 1.0
step = 884
value_mean = 1.0
