entropy_mean = 5.98843240737915
loss_policy = 6.160873889923096
loss_total = 13.658914566040039
loss_value = 0.7206401824951172
step = 147
value_mean = -0.5131373405456543
