entropy_mean = 4.60409688949585
loss_policy = 5.509162902832031
loss_total = 13.004803657531738
loss_value = 0.9921875
step = 384
value_mean = 1.0
