entropy_mean = 4.219435214996338
loss_policy = 5.007089138031006
loss_total = 11.664247512817383
loss_value = 1.0
step = 852
value_mean = 1.0
