entropy_mean = 2.7265820503234863
loss_policy = 2.933276891708374
loss_total = 9.160905838012695
loss_value = 0.9992290139198303
step = 1204
value_mean = 0.9992102384567261
