entropy_mean = 4.250891208648682
loss_policy = 4.542179584503174
loss_total = 11.321390151977539
loss_value = 1.0234367847442627
step = 783
value_mean = -0.9999998211860657
