entropy_mean = 2.3015336990356445
loss_policy = 2.5785298347473145
loss_total = 8.656667709350586
loss_value = 1.0
step = 1379
value_mean = 1.0
