entropy_mean = 2.410961627960205
loss_policy = 2.3854928016662598
loss_total = 8.447219848632812
loss_value = 1.0234375
step = 1422
value_mean = 1.0
