entropy_mean = 3.80025315284729
loss_policy = 4.6438822746276855
loss_total = 11.090656280517578
loss_value = 0.9921870231628418
step = 999
value_mean = 0.9999998211860657
