entropy_mean = 4.652982711791992
loss_policy = 5.250303268432617
loss_total = 12.426125526428223
loss_value = 0.9443569183349609
step = 518
value_mean = 0.20258116722106934
