entropy_mean = 5.612001419067383
loss_policy = 6.3052191734313965
loss_total = 13.793715476989746
loss_value = 0.7171884179115295
step = 161
value_mean = -0.8992241621017456
