entropy_mean = 1.6121172904968262
loss_policy = 1.8692853450775146
loss_total = 7.189244747161865
loss_value = 1.0
step = 2082
value_mean = 1.0
