entropy_mean = 3.214337110519409
loss_policy = 3.405871629714966
loss_total = 9.669917106628418
loss_value = 0.9999828934669495
step = 1163
value_mean = 0.9999934434890747
