entropy_mean = 3.296051025390625
loss_policy = 3.8746705055236816
loss_total = 10.2199125289917
loss_value = 1.0156010389328003
step = 1104
value_mean = 0.9999856352806091
