entropy_mean = 4.354487419128418
loss_policy = 5.314946174621582
loss_total = 12.130195617675781
loss_value = 1.0082170963287354
step = 747
value_mean = -0.8837822675704956
