entropy_mean = 5.266107559204102
loss_policy = 6.599287986755371
loss_total = 14.291489601135254
loss_value = 0.9999978542327881
step = 247
value_mean = -0.9999990463256836
