entropy_mean = 1.4965876340866089
loss_policy = 1.838714838027954
loss_total = 7.305914878845215
loss_value = 1.0
step = 1961
value_mean = 1.0
