entropy_mean = 4.3735032081604
loss_policy = 4.723299980163574
loss_total = 11.338310241699219
loss_value = 0.9921875
step = 879
value_mean = 1.0
