entropy_mean = 1.6956582069396973
loss_policy = 2.088000774383545
loss_total = 8.043400764465332
loss_value = 1.0
step = 1506
value_mean = 1.0
