entropy_mean = 4.671266555786133
loss_policy = 5.677250862121582
loss_total = 13.197806358337402
loss_value = 1.015625
step = 383
value_mean = 1.0
