entropy_mean = 5.39547061920166
loss_policy = 6.279985427856445
loss_total = 14.096630096435547
loss_value = 0.9996263384819031
step = 19
value_mean = 0.9997463822364807
