entropy_mean = 1.777534008026123
loss_policy = 1.8702964782714844
loss_total = 7.451469421386719
loss_value = 0.984375
step = 1854
value_mean = 1.0
