entropy_mean = 4.053945541381836
loss_policy = 4.051610946655273
loss_total = 10.43525218963623
loss_value = 1.0234371423721313
step = 1079
value_mean = 0.9999999403953552
