entropy_mean = 2.5035154819488525
loss_policy = 2.891949415206909
loss_total = 9.079313278198242
loss_value = 0.976154625415802
step = 1225
value_mean = 0.9183696508407593
