entropy_mean = 4.706799030303955
loss_policy = 5.217424392700195
loss_total = 12.362737655639648
loss_value = 1.015625
step = 569
value_mean = 1.0
