entropy_mean = 3.3774447441101074
loss_policy = 4.0776824951171875
loss_total = 10.44741439819336
loss_value = 0.9921873807907104
step = 1063
value_mean = 1.0
