entropy_mean = 1.9825985431671143
loss_policy = 2.044625997543335
loss_total = 8.046457290649414
loss_value = 1.015625
step = 1477
value_mean = 1.0
