entropy_mean = 2.7088072299957275
loss_policy = 2.899218797683716
loss_total = 9.088041305541992
loss_value = 0.9999947547912598
step = 1252
value_mean = 1.0
