entropy_mean = 1.5780417919158936
loss_policy = 1.7032487392425537
loss_total = 7.378119945526123
loss_value = 1.0
step = 1778
value_mean = 1.0
