entropy_mean = 4.816198825836182
loss_policy = 5.197726726531982
loss_total = 11.558066368103027
loss_value = 0.6672197580337524
step = 825
value_mean = 0.7734220623970032
