entropy_mean = 1.635524034500122
loss_policy = 1.74634850025177
loss_total = 7.022291660308838
loss_value = 1.0234371423721313
step = 2142
value_mean = 0.9999999403953552
