entropy_mean = 5.222077369689941
loss_policy = 5.9534912109375
loss_total = 13.1287841796875
loss_value = 0.40480107069015503
step = 163
value_mean = 0.8576565980911255
