entropy_mean = 5.3065595626831055
loss_policy = 5.816862106323242
loss_total = 13.564852714538574
loss_value = 0.9999980330467224
step = 192
value_mean = -0.9999993443489075
