entropy_mean = 2.3957910537719727
loss_policy = 2.458130359649658
loss_total = 8.550683975219727
loss_value = 0.984375
step = 1348
value_mean = 1.0
