entropy_mean = 5.3622660636901855
loss_policy = 6.246638298034668
loss_total = 13.92054271697998
loss_value = 0.9999969601631165
step = 264
value_mean = -0.9999986290931702
