entropy_mean = 4.465780258178711
loss_policy = 5.192815780639648
loss_total = 11.982666015625
loss_value = 0.9681218862533569
step = 738
value_mean = 0.8448383808135986
