entropy_mean = 1.6822035312652588
loss_policy = 1.9528132677078247
loss_total = 7.703805446624756
loss_value = 0.9921875
step = 1695
value_mean = 1.0
