entropy_mean = 5.5500640869140625
loss_policy = 5.767433166503906
loss_total = 13.2076997756958
loss_value = 0.6389621496200562
step = 88
value_mean = -0.43181803822517395
