entropy_mean = 2.1671133041381836
loss_policy = 2.3351783752441406
loss_total = 8.382673263549805
loss_value = 1.0390625
step = 1452
value_mean = 1.0
