entropy_mean = 1.6892814636230469
loss_policy = 1.6912140846252441
loss_total = 6.808574676513672
loss_value = 0.9921852946281433
step = 2255
value_mean = 0.9999979138374329
