entropy_mean = 2.245959758758545
loss_policy = 2.7166976928710938
loss_total = 8.890953063964844
loss_value = 1.0
step = 1272
value_mean = 1.0
