entropy_mean = 4.444397926330566
loss_policy = 5.245266914367676
loss_total = 12.063791275024414
loss_value = 0.979942798614502
step = 727
value_mean = -0.9632753133773804
