entropy_mean = 1.5683058500289917
loss_policy = 1.624035120010376
loss_total = 7.385951042175293
loss_value = 1.015625
step = 1707
value_mean = 1.0
