entropy_mean = 5.257643699645996
loss_policy = 6.301556587219238
loss_total = 14.0028076171875
loss_value = 1.0234366655349731
step = 260
value_mean = -0.9999996423721313
