entropy_mean = 5.6375322341918945
loss_policy = 5.7682576179504395
loss_total = 12.896743774414062
loss_value = 0.32516345381736755
step = 80
value_mean = -0.8408454656600952
