entropy_mean = 4.519269943237305
loss_policy = 4.840659141540527
loss_total = 11.42081069946289
loss_value = 0.9921875
step = 903
value_mean = 1.0
