entropy_mean = 1.7110583782196045
loss_policy = 1.788196086883545
loss_total = 7.244709014892578
loss_value = 0.9921875
step = 1964
value_mean = 1.0
