entropy_mean = 5.013070106506348
loss_policy = 5.91194486618042
loss_total = 13.652339935302734
loss_value = 1.015625
step = 216
value_mean = -1.0
