entropy_mean = 5.7602362632751465
loss_policy = 5.685349464416504
loss_total = 12.967720031738281
loss_value = 0.47684445977211
step = 70
value_mean = 0.1660870611667633
