entropy_mean = 1.1754337549209595
loss_policy = 1.5394712686538696
loss_total = 6.920522689819336
loss_value = 0.9843741655349731
step = 2018
value_mean = 0.9999995827674866
