entropy_mean = 3.059936285018921
loss_policy = 2.7761826515197754
loss_total = 9.026752471923828
loss_value = 0.9999971985816956
step = 1178
value_mean = 0.9999982118606567
