entropy_mean = 2.534440517425537
loss_policy = 2.6104445457458496
loss_total = 8.782282829284668
loss_value = 1.0
step = 1275
value_mean = 1.0
