entropy_mean = 4.2738037109375
loss_policy = 4.923584938049316
loss_total = 11.76384449005127
loss_value = 0.9985803365707397
step = 725
value_mean = -0.9990749359130859
