entropy_mean = 1.7928391695022583
loss_policy = 2.0770246982574463
loss_total = 8.177911758422852
loss_value = 1.0703125
step = 1430
value_mean = 1.0
