entropy_mean = 5.658810615539551
loss_policy = 6.07214879989624
loss_total = 13.683072090148926
loss_value = 0.8400167226791382
step = 162
value_mean = -0.6069481372833252
