entropy_mean = 1.8843183517456055
loss_policy = 1.8814973831176758
loss_total = 7.775456428527832
loss_value = 1.015625
step = 1582
value_mean = 1.0
