entropy_mean = 5.6452460289001465
loss_policy = 5.722917556762695
loss_total = 13.379390716552734
loss_value = 0.8475407361984253
step = 56
value_mean = 0.5632940530776978
