entropy_mean = 3.503715991973877
loss_policy = 3.7986271381378174
loss_total = 10.183704376220703
loss_value = 0.9999918937683105
step = 1057
value_mean = 0.9999978542327881
