entropy_mean = 4.38955020904541
loss_policy = 4.678513050079346
loss_total = 11.249467849731445
loss_value = 1.0234375
step = 931
value_mean = 1.0
