entropy_mean = 5.3406291007995605
loss_policy = 6.36754035949707
loss_total = 13.897371292114258
loss_value = 1.0
step = 365
value_mean = 1.0
