entropy_mean = 5.317758083343506
loss_policy = 6.2502031326293945
loss_total = 13.898706436157227
loss_value = 1.0234215259552002
step = 303
value_mean = -0.999990701675415
