entropy_mean = 1.7876464128494263
loss_policy = 2.0400097370147705
loss_total = 7.836803436279297
loss_value = 1.0
step = 1661
value_mean = 1.0
