entropy_mean = 1.4396378993988037
loss_policy = 1.5890979766845703
loss_total = 7.184162139892578
loss_value = 0.984375
step = 1840
value_mean = 1.0
