entropy_mean = 1.5509649515151978
loss_policy = 1.7437666654586792
loss_total = 7.562997817993164
loss_value = 1.015625
step = 1656
value_mean = 1.0
