entropy_mean = 1.9102637767791748
loss_policy = 2.16658091545105
loss_total = 8.114700317382812
loss_value = 1.0390625
step = 1553
value_mean = 1.0
