entropy_mean = 1.6013590097427368
loss_policy = 1.9030689001083374
loss_total = 7.645203590393066
loss_value = 1.0
step = 1711
value_mean = 1.0
