entropy_mean = 1.9524928331375122
loss_policy = 2.2779178619384766
loss_total = 8.360845565795898
loss_value = 1.03125
step = 1408
value_mean = 1.0
