entropy_mean = 1.3753271102905273
loss_policy = 1.814781665802002
loss_total = 7.260766983032227
loss_value = 1.0
step = 1980
value_mean = 1.0
