entropy_mean = 1.5317952632904053
loss_policy = 1.7909778356552124
loss_total = 7.028611183166504
loss_value = 0.9999999403953552
step = 2156
value_mean = 0.9999999403953552
