entropy_mean = 4.694448471069336
loss_policy = 4.830211162567139
loss_total = 11.827560424804688
loss_value = 0.9852995872497559
step = 630
value_mean = 0.8382381200790405
