entropy_mean = 4.082240104675293
loss_policy = 3.825519561767578
loss_total = 10.190990447998047
loss_value = 1.0
step = 1074
value_mean = 1.0
