entropy_mean = 4.71837043762207
loss_policy = 5.005548477172852
loss_total = 11.626093864440918
loss_value = 0.8296770453453064
step = 759
value_mean = 0.5064511895179749
