entropy_mean = 4.572049140930176
loss_policy = 5.09384298324585
loss_total = 11.722066879272461
loss_value = 0.8413653373718262
step = 762
value_mean = -0.8284999132156372
