entropy_mean = 1.6731171607971191
loss_policy = 1.6926789283752441
loss_total = 7.042349815368652
loss_value = 0.9921871423721313
step = 2052
value_mean = 0.9999998807907104
