entropy_mean = 1.5307347774505615
loss_policy = 1.6383668184280396
loss_total = 6.985654354095459
loss_value = 1.0
step = 2061
value_mean = 1.0
