entropy_mean = 1.5312131643295288
loss_policy = 1.6712514162063599
loss_total = 7.002232074737549
loss_value = 1.0
step = 2074
value_mean = 1.0
