entropy_mean = 2.3507204055786133
loss_policy = 2.546844482421875
loss_total = 8.706443786621094
loss_value = 1.0
step = 1290
value_mean = 1.0
