entropy_mean = 3.1143510341644287
loss_policy = 3.646707773208618
loss_total = 9.93899917602539
loss_value = 1.0156110525131226
step = 1149
value_mean = 0.9999899864196777
