entropy_mean = 2.4821224212646484
loss_policy = 3.057992935180664
loss_total = 9.196243286132812
loss_value = 0.9225332140922546
step = 1219
value_mean = 0.6510107517242432
