entropy_mean = 5.587183952331543
loss_policy = 5.952398300170898
loss_total = 13.635065078735352
loss_value = 1.023432970046997
step = 276
value_mean = -0.9999973773956299
