entropy_mean = 1.8374395370483398
loss_policy = 2.120067596435547
loss_total = 8.204654693603516
loss_value = 0.9999994039535522
step = 1373
value_mean = 0.9999997615814209
