entropy_mean = 3.4283833503723145
loss_policy = 3.9403324127197266
loss_total = 10.38132095336914
loss_value = 0.9999985694885254
step = 1012
value_mean = 0.9999992847442627
