entropy_mean = 4.245723724365234
loss_policy = 4.883289813995361
loss_total = 11.5211820602417
loss_value = 1.0
step = 867
value_mean = 1.0
