entropy_mean = 1.5438183546066284
loss_policy = 1.8073194026947021
loss_total = 7.096183776855469
loss_value = 1.0
step = 2110
value_mean = 1.0
