entropy_mean = 1.678398609161377
loss_policy = 1.6197950839996338
loss_total = 6.939626693725586
loss_value = 1.015625
step = 2095
value_mean = 1.0
