entropy_mean = 5.054884433746338
loss_policy = 5.522893905639648
loss_total = 12.85797119140625
loss_value = 0.982514500617981
step = 455
value_mean = 0.9057990312576294
