entropy_mean = 4.347445011138916
loss_policy = 4.893150806427002
loss_total = 11.845010757446289
loss_value = 0.9997482895851135
step = 660
value_mean = 0.9680006504058838
