entropy_mean = 1.5117908716201782
loss_policy = 1.7437102794647217
loss_total = 7.031494140625
loss_value = 1.0
step = 2111
value_mean = 1.0
