entropy_mean = 5.013835906982422
loss_policy = 5.618972301483154
loss_total = 13.040403366088867
loss_value = 0.9843688607215881
step = 417
value_mean = 0.9738969802856445
