entropy_mean = 4.983673095703125
loss_policy = 5.584408760070801
loss_total = 12.26481819152832
loss_value = 0.8821196556091309
step = 753
value_mean = -0.21213564276695251
