entropy_mean = 5.661245822906494
loss_policy = 5.948984146118164
loss_total = 12.871049880981445
loss_value = 0.12698523700237274
step = 108
value_mean = 0.8250483274459839
