entropy_mean = 3.4333410263061523
loss_policy = 3.7495696544647217
loss_total = 10.067181587219238
loss_value = 0.9999988675117493
step = 1114
value_mean = 0.9999997019767761
