entropy_mean = 3.0189263820648193
loss_policy = 3.9813995361328125
loss_total = 10.343669891357422
loss_value = 0.9999998807907104
step = 1077
value_mean = 0.9999998807907104
