entropy_mean = 1.8479022979736328
loss_policy = 1.7962011098861694
loss_total = 7.3267822265625
loss_value = 1.0
step = 1908
value_mean = 1.0
