entropy_mean = 1.5656672716140747
loss_policy = 1.5038928985595703
loss_total = 6.651546955108643
loss_value = 0.9921875
step = 2229
value_mean = 1.0
