entropy_mean = 4.341012001037598
loss_policy = 5.805416107177734
loss_total = 12.985831260681152
loss_value = 1.0234375
step = 554
value_mean = 1.0
