entropy_mean = 4.265878677368164
loss_policy = 4.656772613525391
loss_total = 11.397785186767578
loss_value = 1.0147074460983276
step = 802
value_mean = -0.9983854293823242
