entropy_mean = 1.4997665882110596
loss_policy = 1.9552571773529053
loss_total = 7.825358867645264
loss_value = 1.046875
step = 1638
value_mean = 1.0
