entropy_mean = 1.5869245529174805
loss_policy = 1.626192331314087
loss_total = 6.798600673675537
loss_value = 0.9921875
step = 2208
value_mean = 1.0
