entropy_mean = 1.5974745750427246
loss_policy = 1.9834529161453247
loss_total = 7.8371663093566895
loss_value = 1.015625
step = 1621
value_mean = 1.0
