entropy_mean = 3.432464838027954
loss_policy = 3.8386237621307373
loss_total = 10.254717826843262
loss_value = 1.0234262943267822
step = 1051
value_mean = 0.9999927282333374
