entropy_mean = 4.422896385192871
loss_policy = 4.874119758605957
loss_total = 12.007267951965332
loss_value = 0.984375
step = 559
value_mean = 1.0
