entropy_mean = 5.103729724884033
loss_policy = 6.437847137451172
loss_total = 14.081315994262695
loss_value = 1.0233055353164673
step = 307
value_mean = -0.9999147057533264
