entropy_mean = 2.4779374599456787
loss_policy = 2.5712625980377197
loss_total = 8.764942169189453
loss_value = 1.0234375
step = 1277
value_mean = 1.0
