entropy_mean = 1.5144574642181396
loss_policy = 1.768198013305664
loss_total = 7.314413547515869
loss_value = 0.9921875
step = 1889
value_mean = 1.0
