entropy_mean = 1.4105348587036133
loss_policy = 1.6384284496307373
loss_total = 6.961198329925537
loss_value = 0.9999998211860657
step = 2080
value_mean = 0.9999998807907104
