entropy_mean = 1.6792566776275635
loss_policy = 1.7156579494476318
loss_total = 7.178101539611816
loss_value = 1.0
step = 1966
value_mean = 1.0
