entropy_mean = 1.7606666088104248
loss_policy = 1.8637133836746216
loss_total = 7.440731048583984
loss_value = 1.015625
step = 1883
value_mean = 1.0
