entropy_mean = 2.1920318603515625
loss_policy = 2.2767434120178223
loss_total = 8.444194793701172
loss_value = 1.0234375
step = 1307
value_mean = 1.0
