entropy_mean = 1.5833890438079834
loss_policy = 1.8652019500732422
loss_total = 7.658258438110352
loss_value = 1.0
step = 1664
value_mean = 1.0
