entropy_mean = 5.050386428833008
loss_policy = 6.070554733276367
loss_total = 13.697790145874023
loss_value = 0.9921873807907104
step = 295
value_mean = -1.0
