entropy_mean = 4.115707874298096
loss_policy = 5.825634002685547
loss_total = 12.768760681152344
loss_value = 0.976442813873291
step = 651
value_mean = 0.9837123155593872
