entropy_mean = 3.7854361534118652
loss_policy = 4.225429058074951
loss_total = 10.628951072692871
loss_value = 0.9999995827674866
step = 1042
value_mean = 0.9999998211860657
