entropy_mean = 1.5294275283813477
loss_policy = 1.9665188789367676
loss_total = 7.667000770568848
loss_value = 1.0
step = 1750
value_mean = 1.0
