entropy_mean = 4.726078033447266
loss_policy = 5.878166675567627
loss_total = 12.858757019042969
loss_value = 0.9988729953765869
step = 643
value_mean = 0.9504482746124268
