entropy_mean = 1.6628226041793823
loss_policy = 2.0751540660858154
loss_total = 8.107069969177246
loss_value = 1.015625
step = 1444
value_mean = 1.0
