entropy_mean = 4.910984992980957
loss_policy = 6.036029815673828
loss_total = 13.792488098144531
loss_value = 1.046875
step = 231
value_mean = -1.0
