entropy_mean = 3.090125560760498
loss_policy = 3.6009292602539062
loss_total = 9.946710586547852
loss_value = 0.9999993443489075
step = 1091
value_mean = 0.9999992847442627
