entropy_mean = 1.584343671798706
loss_policy = 1.8463749885559082
loss_total = 7.336488723754883
loss_value = 1.0
step = 1942
value_mean = 1.0
