entropy_mean = 5.442270278930664
loss_policy = 5.986791610717773
loss_total = 13.653456687927246
loss_value = 1.0
step = 270
value_mean = -1.0
