entropy_mean = 1.7159837484359741
loss_policy = 2.0365641117095947
loss_total = 7.920198917388916
loss_value = 1.0234375
step = 1598
value_mean = 1.0
