entropy_mean = 1.4698340892791748
loss_policy = 1.7135274410247803
loss_total = 6.99184513092041
loss_value = 1.0156245231628418
step = 2133
value_mean = 0.9999998807907104
