entropy_mean = 3.6991240978240967
loss_policy = 3.991670608520508
loss_total = 10.356097221374512
loss_value = 0.9999998807907104
step = 1075
value_mean = 0.9999998807907104
