entropy_mean = 5.147847652435303
loss_policy = 5.859732627868652
loss_total = 13.5089750289917
loss_value = 0.8627218008041382
step = 128
value_mean = 0.6147257685661316
