entropy_mean = 3.8074111938476562
loss_policy = 3.8387255668640137
loss_total = 10.120379447937012
loss_value = 0.9921852946281433
step = 1138
value_mean = 0.9999989867210388
