entropy_mean = 1.3473119735717773
loss_policy = 1.8506593704223633
loss_total = 7.2116241455078125
loss_value = 0.9999998807907104
step = 2049
value_mean = 0.9999999403953552
