entropy_mean = 4.549574375152588
loss_policy = 5.1398210525512695
loss_total = 12.031033515930176
loss_value = 0.9876644611358643
step = 688
value_mean = 0.9090585708618164
