entropy_mean = 1.7227383852005005
loss_policy = 2.2372567653656006
loss_total = 8.116315841674805
loss_value = 1.015625
step = 1595
value_mean = 1.0
