entropy_mean = 1.7169647216796875
loss_policy = 1.9142972230911255
loss_total = 7.568905353546143
loss_value = 1.015625
step = 1811
value_mean = 1.0
