entropy_mean = 3.9264183044433594
loss_policy = 5.238633155822754
loss_total = 11.938255310058594
loss_value = 0.8957374691963196
step = 749
value_mean = -0.8108351230621338
