entropy_mean = 1.5535204410552979
loss_policy = 1.8233367204666138
loss_total = 7.4891815185546875
loss_value = 1.0
step = 1787
value_mean = 1.0
