entropy_mean = 4.3515496253967285
loss_policy = 5.408321380615234
loss_total = 12.901239395141602
loss_value = 0.9999969601631165
step = 390
value_mean = 0.9999988079071045
