entropy_mean = 4.442741394042969
loss_policy = 4.586982727050781
loss_total = 11.216752052307129
loss_value = 1.0234375
step = 890
value_mean = 1.0
