entropy_mean = 3.971297025680542
loss_policy = 4.532927513122559
loss_total = 11.102567672729492
loss_value = 1.023437261581421
step = 932
value_mean = 0.9999999403953552
