entropy_mean = 4.136246681213379
loss_policy = 4.333866119384766
loss_total = 10.83824634552002
loss_value = 0.9999719262123108
step = 965
value_mean = 0.9999896883964539
