entropy_mean = 1.7461395263671875
loss_policy = 1.6922587156295776
loss_total = 6.972360610961914
loss_value = 0.9999997019767761
step = 2118
value_mean = 0.9999998211860657
