entropy_mean = 3.486056089401245
loss_policy = 4.029375076293945
loss_total = 10.481115341186523
loss_value = 1.015625
step = 1016
value_mean = 1.0
