entropy_mean = 1.4702184200286865
loss_policy = 1.6303067207336426
loss_total = 6.950847625732422
loss_value = 0.9921875
step = 2076
value_mean = 1.0
