entropy_mean = 1.5741519927978516
loss_policy = 1.7551910877227783
loss_total = 7.033346176147461
loss_value = 1.0234342813491821
step = 2140
value_mean = 0.9999990463256836
