entropy_mean = 4.637639045715332
loss_policy = 5.414902210235596
loss_total = 12.689738273620605
loss_value = 1.0242424011230469
step = 508
value_mean = -0.9390184283256531
