entropy_mean = 5.6931915283203125
loss_policy = 5.902213096618652
loss_total = 13.5385103225708
loss_value = 0.9999863505363464
step = 294
value_mean = -0.999993622303009
