entropy_mean = 3.5938920974731445
loss_policy = 4.1514129638671875
loss_total = 10.630266189575195
loss_value = 1.0390620231628418
step = 1013
value_mean = 0.9999998807907104
