entropy_mean = 2.4863951206207275
loss_policy = 3.299346685409546
loss_total = 9.469676971435547
loss_value = 0.9598790407180786
step = 1226
value_mean = 0.9085955619812012
