entropy_mean = 5.917991638183594
loss_policy = 5.89304780960083
loss_total = 13.322513580322266
loss_value = 0.636626660823822
step = 115
value_mean = 0.6432674527168274
