entropy_mean = 1.4656890630722046
loss_policy = 1.6720306873321533
loss_total = 7.0250563621521
loss_value = 1.0
step = 2056
value_mean = 1.0
