entropy_mean = 2.513214349746704
loss_policy = 2.7728686332702637
loss_total = 8.939077377319336
loss_value = 1.0
step = 1282
value_mean = 1.0
