entropy_mean = 5.560832977294922
loss_policy = 5.720139026641846
loss_total = 13.397823333740234
loss_value = 0.8750714063644409
step = 83
value_mean = -0.5999356508255005
