entropy_mean = 3.8576552867889404
loss_policy = 4.3808465003967285
loss_total = 10.929217338562012
loss_value = 1.0234373807907104
step = 950
value_mean = 1.0
