entropy_mean = 6.151406288146973
loss_policy = 6.141341209411621
loss_total = 13.872270584106445
loss_value = 1.0234375
step = 233
value_mean = -1.0
