entropy_mean = 4.901364326477051
loss_policy = 5.825841903686523
loss_total = 13.47494888305664
loss_value = 0.9999946355819702
step = 284
value_mean = -0.9999973773956299
