entropy_mean = 4.515466690063477
loss_policy = 5.144903182983398
loss_total = 12.129537582397461
loss_value = 1.0196545124053955
step = 652
value_mean = 0.9532748460769653
