entropy_mean = 5.69478702545166
loss_policy = 5.895810604095459
loss_total = 13.283308982849121
loss_value = 0.5780272483825684
step = 54
value_mean = 0.24788334965705872
