entropy_mean = 1.9785245656967163
loss_policy = 2.2204465866088867
loss_total = 8.268479347229004
loss_value = 1.0
step = 1412
value_mean = 1.0
