entropy_mean = 1.7460311651229858
loss_policy = 1.8042315244674683
loss_total = 7.2530198097229
loss_value = 0.9765625
step = 1956
value_mean = 1.0
