entropy_mean = 1.6508569717407227
loss_policy = 1.8189175128936768
loss_total = 7.619784355163574
loss_value = 1.015625
step = 1671
value_mean = 1.0
