entropy_mean = 1.8479833602905273
loss_policy = 2.047544240951538
loss_total = 7.924394607543945
loss_value = 1.0468748807907104
step = 1630
value_mean = 0.9999999403953552
