entropy_mean = 5.760085105895996
loss_policy = 5.887301921844482
loss_total = 13.173673629760742
loss_value = 0.4789850115776062
step = 62
value_mean = 0.4231072664260864
