entropy_mean = 1.4388704299926758
loss_policy = 1.620251178741455
loss_total = 6.741686820983887
loss_value = 1.0
step = 2258
value_mean = 1.0
