entropy_mean = 1.6129003763198853
loss_policy = 1.6484322547912598
loss_total = 7.134554386138916
loss_value = 0.9921875
step = 1939
value_mean = 1.0
