entropy_mean = 4.675045013427734
loss_policy = 5.585870742797852
loss_total = 13.026703834533691
loss_value = 0.9897544384002686
step = 410
value_mean = 0.9698585271835327
