entropy_mean = 4.827070236206055
loss_policy = 5.5082550048828125
loss_total = 12.787679672241211
loss_value = 1.0
step = 492
value_mean = -1.0
