entropy_mean = 4.5289506912231445
loss_policy = 5.132716178894043
loss_total = 11.833979606628418
loss_value = 1.046875
step = 854
value_mean = 1.0
