entropy_mean = 2.0008888244628906
loss_policy = 2.030221462249756
loss_total = 7.887409210205078
loss_value = 1.0
step = 1601
value_mean = 1.0
