entropy_mean = 1.82582426071167
loss_policy = 1.902817964553833
loss_total = 7.622197151184082
loss_value = 1.0234375
step = 1755
value_mean = 1.0
