entropy_mean = 4.981785774230957
loss_policy = 6.026227951049805
loss_total = 13.624443054199219
loss_value = 0.9919701814651489
step = 318
value_mean = -0.9997983574867249
