entropy_mean = 1.7940094470977783
loss_policy = 1.8602583408355713
loss_total = 7.725715637207031
loss_value = 1.0234375
step = 1617
value_mean = 1.0
