entropy_mean = 4.35901403427124
loss_policy = 4.703429222106934
loss_total = 11.24450969696045
loss_value = 0.9921875
step = 930
value_mean = 1.0
