entropy_mean = 4.1683149337768555
loss_policy = 5.161050796508789
loss_total = 12.04764175415039
loss_value = 0.995120108127594
step = 695
value_mean = 0.8019832372665405
