entropy_mean = 4.5403151512146
loss_policy = 5.104456424713135
loss_total = 11.398557662963867
loss_value = 0.6066842079162598
step = 830
value_mean = -0.05351850390434265
