entropy_mean = 1.5768630504608154
loss_policy = 1.5989681482315063
loss_total = 6.793684005737305
loss_value = 0.9999996423721313
step = 2194
value_mean = 0.9999998807907104
