entropy_mean = 5.741788864135742
loss_policy = 6.424829483032227
loss_total = 14.056760787963867
loss_value = 1.0155693292617798
step = 310
value_mean = -0.9999741315841675
