entropy_mean = 1.376747488975525
loss_policy = 1.6292147636413574
loss_total = 7.2012481689453125
loss_value = 1.0
step = 1875
value_mean = 1.0
