entropy_mean = 1.7536931037902832
loss_policy = 1.9231292009353638
loss_total = 7.768917560577393
loss_value = 1.0
step = 1613
value_mean = 1.0
