entropy_mean = 1.5175567865371704
loss_policy = 1.9028527736663818
loss_total = 7.077828407287598
loss_value = 0.9843746423721313
step = 2198
value_mean = 0.9999997615814209
