entropy_mean = 1.5761233568191528
loss_policy = 1.7642933130264282
loss_total = 7.433392524719238
loss_value = 1.0
step = 1784
value_mean = 1.0
