entropy_mean = 3.6755430698394775
loss_policy = 4.182962417602539
loss_total = 10.695006370544434
loss_value = 0.9999998807907104
step = 960
value_mean = 0.9999998807907104
