entropy_mean = 4.758761882781982
loss_policy = 5.01628303527832
loss_total = 11.94435977935791
loss_value = 0.9881545305252075
step = 668
value_mean = 0.9449578523635864
