entropy_mean = 4.905152320861816
loss_policy = 5.359012603759766
loss_total = 12.727405548095703
loss_value = 0.7948247194290161
step = 339
value_mean = 0.8997889757156372
