entropy_mean = 1.5570156574249268
loss_policy = 1.768211007118225
loss_total = 7.619668006896973
loss_value = 1.0
step = 1607
value_mean = 1.0
