entropy_mean = 1.886462926864624
loss_policy = 2.361258029937744
loss_total = 8.37757396697998
loss_value = 1.0234375
step = 1470
value_mean = 1.0
