entropy_mean = 2.383650064468384
loss_policy = 2.354146957397461
loss_total = 8.479860305786133
loss_value = 1.0
step = 1327
value_mean = 1.0
