entropy_mean = 2.5697717666625977
loss_policy = 3.1183409690856934
loss_total = 9.385181427001953
loss_value = 1.02338445186615
step = 1186
value_mean = 0.9999714493751526
