entropy_mean = 3.6440868377685547
loss_policy = 3.9962217807769775
loss_total = 10.407243728637695
loss_value = 1.023382306098938
step = 1055
value_mean = 0.9999768733978271
