entropy_mean = 1.8941501379013062
loss_policy = 2.0123493671417236
loss_total = 7.345325469970703
loss_value = 1.0234375
step = 2090
value_mean = 1.0
