entropy_mean = 4.721525192260742
loss_policy = 5.479681968688965
loss_total = 12.804248809814453
loss_value = 1.046875
step = 493
value_mean = -1.0
