entropy_mean = 1.7524967193603516
loss_policy = 1.9619669914245605
loss_total = 7.498164653778076
loss_value = 1.023437261581421
step = 1924
value_mean = 0.9999998807907104
