entropy_mean = 4.851049423217773
loss_policy = 5.696046829223633
loss_total = 13.182584762573242
loss_value = 1.0
step = 393
value_mean = 1.0
