entropy_mean = 3.985226631164551
loss_policy = 4.932270050048828
loss_total = 11.597646713256836
loss_value = 1.0
step = 846
value_mean = 1.0
