entropy_mean = 2.1751160621643066
loss_policy = 2.270094394683838
loss_total = 8.361902236938477
loss_value = 0.9999997019767761
step = 1366
value_mean = 0.9999997615814209
