entropy_mean = 2.0914108753204346
loss_policy = 2.080158233642578
loss_total = 8.012089729309082
loss_value = 0.9921875
step = 1523
value_mean = 1.0
