entropy_mean = 1.5414257049560547
loss_policy = 1.676779866218567
loss_total = 7.271045684814453
loss_value = 0.9921875
step = 1849
value_mean = 1.0
