entropy_mean = 1.577146291732788
loss_policy = 1.828465461730957
loss_total = 7.259649753570557
loss_value = 1.0
step = 1992
value_mean = 1.0
