entropy_mean = 4.739537239074707
loss_policy = 5.19931173324585
loss_total = 12.081426620483398
loss_value = 1.045020580291748
step = 728
value_mean = -0.9744656085968018
