entropy_mean = 3.7810587882995605
loss_policy = 4.207698345184326
loss_total = 10.727556228637695
loss_value = 1.0234371423721313
step = 970
value_mean = 0.9999998807907104
