entropy_mean = 4.35589599609375
loss_policy = 4.9144816398620605
loss_total = 11.250890731811523
loss_value = 0.6397785544395447
step = 822
value_mean = -0.5545239448547363
