entropy_mean = 4.574433326721191
loss_policy = 5.259998321533203
loss_total = 12.517718315124512
loss_value = 0.9999920129776001
step = 504
value_mean = -0.9999887943267822
