entropy_mean = 4.508745193481445
loss_policy = 4.857314109802246
loss_total = 11.688605308532715
loss_value = 0.9480849504470825
step = 700
value_mean = -0.9987143278121948
