entropy_mean = 1.714767575263977
loss_policy = 1.9246681928634644
loss_total = 7.747310638427734
loss_value = 1.0703125
step = 1701
value_mean = 1.0
