entropy_mean = 5.932207107543945
loss_policy = 6.020529270172119
loss_total = 13.47355842590332
loss_value = 0.6649010181427002
step = 125
value_mean = 0.8960005044937134
