entropy_mean = 4.5530500411987305
loss_policy = 4.744108200073242
loss_total = 11.326184272766113
loss_value = 0.8934798240661621
step = 829
value_mean = 0.18295784294605255
