entropy_mean = 4.7698163986206055
loss_policy = 5.440116882324219
loss_total = 12.704785346984863
loss_value = 0.9997024536132812
step = 500
value_mean = -0.9995571374893188
