entropy_mean = 4.1147284507751465
loss_policy = 4.618088722229004
loss_total = 11.18559455871582
loss_value = 1.039062261581421
step = 947
value_mean = 0.9999997615814209
