entropy_mean = 1.700985074043274
loss_policy = 1.9807233810424805
loss_total = 7.71002721786499
loss_value = 1.0156248807907104
step = 1737
value_mean = 0.9999998807907104
