entropy_mean = 1.7342839241027832
loss_policy = 1.8157790899276733
loss_total = 7.358175754547119
loss_value = 0.9921875
step = 1892
value_mean = 1.0
