entropy_mean = 4.584779739379883
loss_policy = 4.690749168395996
loss_total = 11.227022171020508
loss_value = 0.9999998807907104
step = 940
value_mean = 1.0
