entropy_mean = 1.4609642028808594
loss_policy = 1.7185078859329224
loss_total = 7.592299938201904
loss_value = 1.0
step = 1586
value_mean = 1.0
