entropy_mean = 1.5771461725234985
loss_policy = 1.8460688591003418
loss_total = 7.235717296600342
loss_value = 1.015625
step = 2038
value_mean = 1.0
