entropy_mean = 5.728379249572754
loss_policy = 5.82196044921875
loss_total = 13.443225860595703
loss_value = 0.8136274814605713
step = 61
value_mean = -0.5281777381896973
