entropy_mean = 3.7973711490631104
loss_policy = 4.005670070648193
loss_total = 10.419084548950195
loss_value = 0.9999991059303284
step = 1034
value_mean = 0.9999998211860657
