entropy_mean = 4.07463264465332
loss_policy = 5.645387172698975
loss_total = 13.185930252075195
loss_value = 1.0
step = 358
value_mean = 1.0
