entropy_mean = 4.5396575927734375
loss_policy = 4.884879112243652
loss_total = 11.478788375854492
loss_value = 0.889543354511261
step = 816
value_mean = -0.3751235604286194
