entropy_mean = 1.737082839012146
loss_policy = 2.1514055728912354
loss_total = 7.915959358215332
loss_value = 1.0234375
step = 1712
value_mean = 1.0
