entropy_mean = 1.5191519260406494
loss_policy = 1.7169055938720703
loss_total = 7.605208396911621
loss_value = 1.0703125
step = 1644
value_mean = 1.0
