entropy_mean = 5.391867637634277
loss_policy = 6.042717456817627
loss_total = 13.652917861938477
loss_value = 0.999954879283905
step = 315
value_mean = -0.999975860118866
