entropy_mean = 4.3534626960754395
loss_policy = 5.471712112426758
loss_total = 12.461416244506836
loss_value = 0.9826617240905762
step = 632
value_mean = 0.824022650718689
