entropy_mean = 2.709709405899048
loss_policy = 2.995759963989258
loss_total = 9.176002502441406
loss_value = 0.9921873807907104
step = 1253
value_mean = 1.0
