entropy_mean = 4.399272918701172
loss_policy = 5.437739849090576
loss_total = 12.496915817260742
loss_value = 0.9921859502792358
step = 601
value_mean = 0.9999979734420776
