entropy_mean = 1.4432612657546997
loss_policy = 1.6594204902648926
loss_total = 7.004197120666504
loss_value = 1.0
step = 2063
value_mean = 1.0
