entropy_mean = 1.8032381534576416
loss_policy = 1.8405354022979736
loss_total = 7.610596656799316
loss_value = 1.046875
step = 1729
value_mean = 1.0
