entropy_mean = 1.509376049041748
loss_policy = 2.003046989440918
loss_total = 7.308361053466797
loss_value = 0.9921875
step = 2087
value_mean = 1.0
