entropy_mean = 2.2048540115356445
loss_policy = 2.3751919269561768
loss_total = 8.543014526367188
loss_value = 1.0
step = 1280
value_mean = 1.0
