entropy_mean = 4.798255920410156
loss_policy = 5.733340263366699
loss_total = 13.479438781738281
loss_value = 0.9999998807907104
step = 194
value_mean = -0.9999999403953552
