entropy_mean = 4.763778209686279
loss_policy = 4.999018669128418
loss_total = 11.942886352539062
loss_value = 1.0102319717407227
step = 672
value_mean = 0.8876520395278931
