entropy_mean = 4.22609281539917
loss_policy = 5.681525230407715
loss_total = 12.868803024291992
loss_value = 0.9999997019767761
step = 539
value_mean = 1.0
