entropy_mean = 3.6369590759277344
loss_policy = 3.8564038276672363
loss_total = 10.215608596801758
loss_value = 1.0234348773956299
step = 1099
value_mean = 0.9999979138374329
