entropy_mean = 1.9671587944030762
loss_policy = 2.2797367572784424
loss_total = 8.347238540649414
loss_value = 0.9921875
step = 1382
value_mean = 1.0
