entropy_mean = 4.42344856262207
loss_policy = 5.504797458648682
loss_total = 12.580083847045898
loss_value = 1.0
step = 596
value_mean = 1.0
