entropy_mean = 3.3484606742858887
loss_policy = 3.673144817352295
loss_total = 10.004005432128906
loss_value = 0.9999479055404663
step = 1103
value_mean = 0.999953031539917
