entropy_mean = 3.227729558944702
loss_policy = 3.5098800659179688
loss_total = 9.821908950805664
loss_value = 0.9999984502792358
step = 1119
value_mean = 0.999998152256012
