entropy_mean = 4.84094762802124
loss_policy = 5.696402549743652
loss_total = 13.07956600189209
loss_value = 0.9995750784873962
step = 440
value_mean = 0.8351290225982666
