entropy_mean = 1.6368913650512695
loss_policy = 1.8510782718658447
loss_total = 7.241497993469238
loss_value = 1.023437261581421
step = 2044
value_mean = 0.9999997615814209
