entropy_mean = 4.501414775848389
loss_policy = 4.998430252075195
loss_total = 11.781820297241211
loss_value = 0.9552541375160217
step = 734
value_mean = 0.8326190710067749
