entropy_mean = 5.114178657531738
loss_policy = 5.852417945861816
loss_total = 13.491156578063965
loss_value = 0.9921859502792358
step = 286
value_mean = -0.9999992251396179
