entropy_mean = 4.238935947418213
loss_policy = 4.878871440887451
loss_total = 11.638863563537598
loss_value = 0.9999983906745911
step = 780
value_mean = -0.9999994039535522
