entropy_mean = 2.3827099800109863
loss_policy = 2.249324321746826
loss_total = 8.27285099029541
loss_value = 1.0
step = 1437
value_mean = 1.0
