entropy_mean = 4.047031879425049
loss_policy = 4.319393634796143
loss_total = 10.939449310302734
loss_value = 1.0
step = 881
value_mean = 1.0
