entropy_mean = 3.8462772369384766
loss_policy = 4.844025135040283
loss_total = 11.427863121032715
loss_value = 1.0234375
step = 922
value_mean = 1.0
