entropy_mean = 5.690867900848389
loss_policy = 5.948160171508789
loss_total = 12.920719146728516
loss_value = 0.17659029364585876
step = 105
value_mean = 0.07065287232398987
