entropy_mean = 4.678752899169922
loss_policy = 5.220625877380371
loss_total = 12.657719612121582
loss_value = 1.021057367324829
step = 427
value_mean = 0.9727475643157959
