entropy_mean = 1.4564831256866455
loss_policy = 1.4590489864349365
loss_total = 6.6154866218566895
loss_value = 1.0234365463256836
step = 2249
value_mean = 0.9999997615814209
