entropy_mean = 1.4613614082336426
loss_policy = 1.644618034362793
loss_total = 6.976917266845703
loss_value = 1.0
step = 2073
value_mean = 1.0
