entropy_mean = 1.7253973484039307
loss_policy = 1.7828689813613892
loss_total = 7.603593349456787
loss_value = 1.0
step = 1641
value_mean = 1.0
