entropy_mean = 4.710402011871338
loss_policy = 5.61070442199707
loss_total = 13.020854949951172
loss_value = 0.987491250038147
step = 424
value_mean = 0.9794390201568604
