entropy_mean = 5.033656597137451
loss_policy = 5.816317081451416
loss_total = 13.292779922485352
loss_value = 1.0234112739562988
step = 409
value_mean = 0.9843674898147583
