entropy_mean = 1.3665072917938232
loss_policy = 1.7118600606918335
loss_total = 6.922419548034668
loss_value = 1.0
step = 2180
value_mean = 1.0
