entropy_mean = 1.815021276473999
loss_policy = 1.909260630607605
loss_total = 7.7532196044921875
loss_value = 1.015625
step = 1632
value_mean = 1.0
