entropy_mean = 2.1570534706115723
loss_policy = 2.6197397708892822
loss_total = 8.771007537841797
loss_value = 1.015625
step = 1316
value_mean = 1.0
