entropy_mean = 3.6682963371276855
loss_policy = 4.275689125061035
loss_total = 10.661018371582031
loss_value = 1.015625
step = 1070
value_mean = 1.0
