entropy_mean = 1.8126263618469238
loss_policy = 2.0422134399414062
loss_total = 7.99879789352417
loss_value = 1.0234375
step = 1531
value_mean = 1.0
