entropy_mean = 4.197822570800781
loss_policy = 4.436382293701172
loss_total = 10.939109802246094
loss_value = 0.9999537467956543
step = 966
value_mean = 0.999988853931427
