entropy_mean = 4.270130634307861
loss_policy = 4.324009895324707
loss_total = 10.85079574584961
loss_value = 1.0078125
step = 955
value_mean = 1.0
