entropy_mean = 5.923403739929199
loss_policy = 5.743134498596191
loss_total = 13.204511642456055
loss_value = 0.7018337249755859
step = 179
value_mean = -0.4875236451625824
