entropy_mean = 5.597949028015137
loss_policy = 6.155123710632324
loss_total = 13.572381973266602
loss_value = 0.6402942538261414
step = 148
value_mean = 0.2036629617214203
