entropy_mean = 1.5790971517562866
loss_policy = 1.6284245252609253
loss_total = 7.11722469329834
loss_value = 1.0
step = 1943
value_mean = 1.0
