entropy_mean = 1.8103535175323486
loss_policy = 1.8337914943695068
loss_total = 7.550360202789307
loss_value = 0.9921874403953552
step = 1728
value_mean = 0.9999999403953552
