entropy_mean = 1.7044830322265625
loss_policy = 1.5877697467803955
loss_total = 6.765646934509277
loss_value = 0.9921875
step = 2203
value_mean = 1.0
