entropy_mean = 1.6647186279296875
loss_policy = 1.8179274797439575
loss_total = 7.580428123474121
loss_value = 1.0
step = 1692
value_mean = 1.0
