entropy_mean = 3.0008621215820312
loss_policy = 3.2714362144470215
loss_total = 9.537233352661133
loss_value = 0.9999789595603943
step = 1161
value_mean = 0.9999877214431763
