entropy_mean = 1.613377332687378
loss_policy = 1.64165461063385
loss_total = 6.963070392608643
loss_value = 1.0390623807907104
step = 2116
value_mean = 0.9999999403953552
