entropy_mean = 1.6903040409088135
loss_policy = 1.6936078071594238
loss_total = 7.5603179931640625
loss_value = 1.046875
step = 1642
value_mean = 1.0
