entropy_mean = 4.421141624450684
loss_policy = 4.871737480163574
loss_total = 11.507100105285645
loss_value = 1.0
step = 869
value_mean = 1.0
