entropy_mean = 4.716391563415527
loss_policy = 4.944169998168945
loss_total = 11.685046195983887
loss_value = 0.9765569567680359
step = 777
value_mean = -0.9999979734420776
