entropy_mean = 1.5563905239105225
loss_policy = 1.7361279726028442
loss_total = 7.410151481628418
loss_value = 0.9921875
step = 1770
value_mean = 1.0
