entropy_mean = 3.419248580932617
loss_policy = 3.742365837097168
loss_total = 10.099176406860352
loss_value = 1.0234360694885254
step = 1101
value_mean = 0.9999991655349731
