entropy_mean = 1.5675712823867798
loss_policy = 1.5026358366012573
loss_total = 6.87724494934082
loss_value = 0.9921870827674866
step = 2031
value_mean = 0.9999998807907104
