entropy_mean = 4.784437656402588
loss_policy = 5.091644287109375
loss_total = 12.014366149902344
loss_value = 0.9907737970352173
step = 673
value_mean = 0.9219633936882019
