entropy_mean = 4.243112564086914
loss_policy = 4.435752868652344
loss_total = 11.068740844726562
loss_value = 1.0234375
step = 888
value_mean = 1.0
