entropy_mean = 1.6126625537872314
loss_policy = 1.7310702800750732
loss_total = 7.158734321594238
loss_value = 1.0
step = 1995
value_mean = 1.0
