entropy_mean = 4.202640533447266
loss_policy = 4.249128341674805
loss_total = 10.586986541748047
loss_value = 0.9843729138374329
step = 1085
value_mean = 0.9999973773956299
