entropy_mean = 4.89333438873291
loss_policy = 5.921442985534668
loss_total = 13.611351013183594
loss_value = 0.9999994039535522
step = 249
value_mean = -0.9999997615814209
