entropy_mean = 4.2257184982299805
loss_policy = 4.855050086975098
loss_total = 11.507768630981445
loss_value = 0.8556876182556152
step = 754
value_mean = -0.36496174335479736
