entropy_mean = 4.526594161987305
loss_policy = 5.260874271392822
loss_total = 12.376357078552246
loss_value = 1.0234373807907104
step = 587
value_mean = 0.9999999403953552
