entropy_mean = 4.435381889343262
loss_policy = 5.537923812866211
loss_total = 12.608072280883789
loss_value = 1.0
step = 599
value_mean = 1.0
