entropy_mean = 1.6012613773345947
loss_policy = 1.8171460628509521
loss_total = 7.526603698730469
loss_value = 0.9999998807907104
step = 1741
value_mean = 0.9999999403953552
