entropy_mean = 3.0276246070861816
loss_policy = 3.222443103790283
loss_total = 9.256230354309082
loss_value = 0.8104252815246582
step = 1210
value_mean = -0.9470284581184387
