entropy_mean = 4.967487335205078
loss_policy = 5.598020076751709
loss_total = 13.351177215576172
loss_value = 0.9999496936798096
step = 186
value_mean = -0.9999879002571106
