entropy_mean = 1.822042465209961
loss_policy = 1.7166054248809814
loss_total = 6.924642562866211
loss_value = 1.0
step = 2182
value_mean = 1.0
