entropy_mean = 5.165291786193848
loss_policy = 5.865026473999023
loss_total = 13.170938491821289
loss_value = 0.5066803693771362
step = 95
value_mean = -0.4313700795173645
