entropy_mean = 5.493466377258301
loss_policy = 5.8502631187438965
loss_total = 13.58618450164795
loss_value = 1.0156248807907104
step = 221
value_mean = -0.9999998807907104
