entropy_mean = 4.549042224884033
loss_policy = 5.30720853805542
loss_total = 12.46202564239502
loss_value = 1.046875
step = 579
value_mean = 1.0
