entropy_mean = 2.601863384246826
loss_policy = 2.997872829437256
loss_total = 9.27275562286377
loss_value = 1.0234153270721436
step = 1177
value_mean = 0.9999866485595703
