entropy_mean = 1.6170790195465088
loss_policy = 1.7884643077850342
loss_total = 7.036468982696533
loss_value = 0.9921875
step = 2139
value_mean = 1.0
