entropy_mean = 1.3902907371520996
loss_policy = 1.5855437517166138
loss_total = 6.749754905700684
loss_value = 0.9765625
step = 2201
value_mean = 1.0
