entropy_mean = 3.2912235260009766
loss_policy = 3.279564142227173
loss_total = 9.518062591552734
loss_value = 0.9999971389770508
step = 1192
value_mean = 0.9999969005584717
