entropy_mean = 5.250449180603027
loss_policy = 5.986753463745117
loss_total = 13.701416015625
loss_value = 0.9524271488189697
step = 176
value_mean = 0.9079114198684692
