entropy_mean = 1.5811147689819336
loss_policy = 1.6118879318237305
loss_total = 6.780325889587402
loss_value = 1.023436427116394
step = 2239
value_mean = 0.9999991655349731
