entropy_mean = 4.389845848083496
loss_policy = 5.191919326782227
loss_total = 11.978397369384766
loss_value = 0.9568197727203369
step = 733
value_mean = 0.7559127807617188
