entropy_mean = 5.6087541580200195
loss_policy = 6.548095703125
loss_total = 14.388407707214355
loss_value = 1.0227131843566895
step = 10
value_mean = 0.9996303915977478
