entropy_mean = 4.366372108459473
loss_policy = 5.450748443603516
loss_total = 12.593409538269043
loss_value = 0.9921875
step = 558
value_mean = 1.0
