entropy_mean = 1.5569887161254883
loss_policy = 1.774277687072754
loss_total = 7.614763259887695
loss_value = 1.0234371423721313
step = 1645
value_mean = 0.9999996423721313
