entropy_mean = 4.109748840332031
loss_policy = 4.6974992752075195
loss_total = 11.247756004333496
loss_value = 0.9999998807907104
step = 929
value_mean = 0.9999999403953552
