entropy_mean = 2.1107959747314453
loss_policy = 2.3070552349090576
loss_total = 8.420220375061035
loss_value = 1.0
step = 1342
value_mean = 1.0
