entropy_mean = 5.689249038696289
loss_policy = 6.27669620513916
loss_total = 14.08182144165039
loss_value = 0.9884597063064575
step = 22
value_mean = 0.988158106803894
