entropy_mean = 5.585200786590576
loss_policy = 5.853188991546631
loss_total = 13.586796760559082
loss_value = 0.9921873807907104
step = 199
value_mean = -1.0
