entropy_mean = 5.337244033813477
loss_policy = 5.661105632781982
loss_total = 13.42283821105957
loss_value = 0.9934824705123901
step = 168
value_mean = 0.9964181184768677
