entropy_mean = 1.8561084270477295
loss_policy = 1.930473804473877
loss_total = 7.890280246734619
loss_value = 1.0
step = 1502
value_mean = 1.0
