entropy_mean = 5.670352935791016
loss_policy = 5.788342475891113
loss_total = 13.222166061401367
loss_value = 0.6256752014160156
step = 59
value_mean = -0.883677065372467
