entropy_mean = 4.23121452331543
loss_policy = 5.287080764770508
loss_total = 12.241920471191406
loss_value = 0.9980219602584839
step = 657
value_mean = 0.9803227186203003
