entropy_mean = 5.736323833465576
loss_policy = 6.6675214767456055
loss_total = 14.461145401000977
loss_value = 0.9759998321533203
step = 9
value_mean = 0.9938430786132812
