entropy_mean = 1.57869291305542
loss_policy = 1.7972943782806396
loss_total = 7.476369857788086
loss_value = 1.0234375
step = 1797
value_mean = 1.0
