entropy_mean = 4.62702751159668
loss_policy = 5.146321773529053
loss_total = 11.916593551635742
loss_value = 0.9501010179519653
step = 739
value_mean = 0.7338857650756836
