entropy_mean = 1.9000825881958008
loss_policy = 2.1070356369018555
loss_total = 8.099489212036133
loss_value = 1.0234375
step = 1493
value_mean = 1.0
