entropy_mean = 5.6988372802734375
loss_policy = 6.095961570739746
loss_total = 13.075979232788086
loss_value = 0.17554625868797302
step = 75
value_mean = -0.5083897709846497
