entropy_mean = 1.6245601177215576
loss_policy = 1.6816229820251465
loss_total = 7.192454814910889
loss_value = 1.0234375
step = 1944
value_mean = 1.0
