entropy_mean = 1.5159447193145752
loss_policy = 1.9049005508422852
loss_total = 7.731516361236572
loss_value = 1.0
step = 1634
value_mean = 1.0
