entropy_mean = 4.1256818771362305
loss_policy = 4.999898910522461
loss_total = 11.707011222839355
loss_value = 0.9061187505722046
step = 751
value_mean = -0.5164520740509033
