entropy_mean = 1.7720513343811035
loss_policy = 1.7802553176879883
loss_total = 7.685299396514893
loss_value = 1.0234375
step = 1579
value_mean = 1.0
