entropy_mean = 5.615689277648926
loss_policy = 6.079578399658203
loss_total = 13.65546703338623
loss_value = 0.7623217105865479
step = 38
value_mean = -0.06571340560913086
