entropy_mean = 2.816030979156494
loss_policy = 2.912034511566162
loss_total = 9.144502639770508
loss_value = 0.9999816417694092
step = 1199
value_mean = 0.9999901652336121
