entropy_mean = 1.3111186027526855
loss_policy = 1.5662026405334473
loss_total = 6.840744495391846
loss_value = 0.9999999403953552
step = 2123
value_mean = 1.0
