entropy_mean = 2.3783700466156006
loss_policy = 2.436574697494507
loss_total = 8.548677444458008
loss_value = 1.046875
step = 1393
value_mean = 1.0
