entropy_mean = 1.647685170173645
loss_policy = 1.7302712202072144
loss_total = 6.886020183563232
loss_value = 0.9843711853027344
step = 2215
value_mean = 0.9999990463256836
