entropy_mean = 3.240360736846924
loss_policy = 3.68306303024292
loss_total = 9.974910736083984
loss_value = 0.9999977350234985
step = 1136
value_mean = 0.9999983906745911
