entropy_mean = 2.603769063949585
loss_policy = 2.498039722442627
loss_total = 8.651569366455078
loss_value = 1.0234375
step = 1322
value_mean = 1.0
