entropy_mean = 1.6839168071746826
loss_policy = 1.9275293350219727
loss_total = 7.8646016120910645
loss_value = 1.0234363079071045
step = 1549
value_mean = 0.9999997615814209
