entropy_mean = 1.6704676151275635
loss_policy = 1.635797381401062
loss_total = 7.257147312164307
loss_value = 1.0234375
step = 1853
value_mean = 1.0
