entropy_mean = 1.6380245685577393
loss_policy = 1.9158663749694824
loss_total = 7.354282855987549
loss_value = 1.0234375
step = 2005
value_mean = 1.0
