entropy_mean = 5.780357360839844
loss_policy = 6.168928146362305
loss_total = 13.83629035949707
loss_value = 1.0234347581863403
step = 288
value_mean = -0.9999985694885254
