entropy_mean = 1.65620756149292
loss_policy = 1.6118519306182861
loss_total = 6.8387041091918945
loss_value = 1.0
step = 2166
value_mean = 1.0
