entropy_mean = 3.623042583465576
loss_policy = 5.131551265716553
loss_total = 11.716622352600098
loss_value = 0.9921875
step = 899
value_mean = 1.0
