entropy_mean = 3.9086384773254395
loss_policy = 4.399647235870361
loss_total = 10.883171081542969
loss_value = 0.9999998211860657
step = 978
value_mean = 1.0
