entropy_mean = 1.5273784399032593
loss_policy = 1.6426469087600708
loss_total = 6.882452011108398
loss_value = 0.9999998807907104
step = 2154
value_mean = 0.9999999403953552
