entropy_mean = 4.537587642669678
loss_policy = 5.038913249969482
loss_total = 12.159734725952148
loss_value = 1.0
step = 573
value_mean = 1.0
