entropy_mean = 1.6248302459716797
loss_policy = 1.7524681091308594
loss_total = 7.00493049621582
loss_value = 1.0234370231628418
step = 2164
value_mean = 0.9999997615814209
