entropy_mean = 1.8267561197280884
loss_policy = 2.0936341285705566
loss_total = 7.961857795715332
loss_value = 0.9921873807907104
step = 1584
value_mean = 0.9999998211860657
