entropy_mean = 5.039921283721924
loss_policy = 6.115814208984375
loss_total = 13.755823135375977
loss_value = 0.9921875
step = 285
value_mean = -1.0
