entropy_mean = 1.8312535285949707
loss_policy = 2.1258716583251953
loss_total = 8.132598876953125
loss_value = 1.0
step = 1454
value_mean = 1.0
