entropy_mean = 5.1438446044921875
loss_policy = 5.94664192199707
loss_total = 13.363759994506836
loss_value = 0.8417914509773254
step = 338
value_mean = 0.14930254220962524
