entropy_mean = 1.516463279724121
loss_policy = 1.820417046546936
loss_total = 7.371264934539795
loss_value = 1.0234375
step = 1911
value_mean = 1.0
