entropy_mean = 4.675106048583984
loss_policy = 4.885000228881836
loss_total = 11.669933319091797
loss_value = 0.9679030179977417
step = 741
value_mean = 0.46790120005607605
