entropy_mean = 1.7862910032272339
loss_policy = 2.1232006549835205
loss_total = 8.060599327087402
loss_value = 1.0
step = 1526
value_mean = 1.0
