entropy_mean = 1.6810805797576904
loss_policy = 1.880012035369873
loss_total = 7.538402557373047
loss_value = 1.046875
step = 1839
value_mean = 1.0
