entropy_mean = 1.594132423400879
loss_policy = 1.7768957614898682
loss_total = 7.355462074279785
loss_value = 1.0
step = 1870
value_mean = 1.0
