entropy_mean = 4.997349739074707
loss_policy = 5.506709575653076
loss_total = 12.951181411743164
loss_value = 1.015621304512024
step = 421
value_mean = 0.9999977350234985
