entropy_mean = 1.5223920345306396
loss_policy = 1.817091464996338
loss_total = 7.200600624084473
loss_value = 1.0
step = 2030
value_mean = 1.0
