entropy_mean = 1.427563190460205
loss_policy = 1.5306925773620605
loss_total = 6.9704270362854
loss_value = 1.0234375
step = 2004
value_mean = 1.0
