entropy_mean = 4.0868377685546875
loss_policy = 4.775628089904785
loss_total = 11.452444076538086
loss_value = 1.0
step = 838
value_mean = 1.0
