entropy_mean = 1.4127998352050781
loss_policy = 1.6828398704528809
loss_total = 7.005449295043945
loss_value = 1.0234375
step = 2100
value_mean = 1.0
