entropy_mean = 4.750617027282715
loss_policy = 5.567734241485596
loss_total = 13.172679901123047
loss_value = 1.033149242401123
step = 340
value_mean = 0.9790130853652954
