entropy_mean = 1.7099785804748535
loss_policy = 1.7361334562301636
loss_total = 7.638422966003418
loss_value = 0.984375
step = 1545
value_mean = 1.0
