entropy_mean = 2.1468687057495117
loss_policy = 2.2683310508728027
loss_total = 8.410295486450195
loss_value = 1.0390625
step = 1354
value_mean = 1.0
