entropy_mean = 4.543713092803955
loss_policy = 5.214188575744629
loss_total = 11.778228759765625
loss_value = 0.8508886694908142
step = 810
value_mean = 0.1729246973991394
