entropy_mean = 1.8685483932495117
loss_policy = 1.901442527770996
loss_total = 7.590563774108887
loss_value = 1.0
step = 1762
value_mean = 1.0
