entropy_mean = 2.033470869064331
loss_policy = 2.440823554992676
loss_total = 8.582056045532227
loss_value = 1.0
step = 1310
value_mean = 1.0
