entropy_mean = 4.967181205749512
loss_policy = 5.817234039306641
loss_total = 13.533288955688477
loss_value = 1.0
step = 225
value_mean = -1.0
