entropy_mean = 4.064654350280762
loss_policy = 4.480325698852539
loss_total = 11.044148445129395
loss_value = 1.0
step = 920
value_mean = 1.0
