entropy_mean = 2.5311710834503174
loss_policy = 3.3277761936187744
loss_total = 9.572357177734375
loss_value = 0.9921768307685852
step = 1176
value_mean = 0.9999948143959045
