entropy_mean = 4.359889984130859
loss_policy = 4.646519660949707
loss_total = 11.202923774719238
loss_value = 1.0234375
step = 943
value_mean = 1.0
