entropy_mean = 1.5471525192260742
loss_policy = 1.6091468334197998
loss_total = 6.867759704589844
loss_value = 0.9921874403953552
step = 2130
value_mean = 1.0
