entropy_mean = 1.6985187530517578
loss_policy = 1.7379106283187866
loss_total = 7.7200446128845215
loss_value = 1.0234375
step = 1503
value_mean = 1.0
