entropy_mean = 5.529663562774658
loss_policy = 5.967551231384277
loss_total = 13.747114181518555
loss_value = 1.0125296115875244
step = 170
value_mean = 0.998223066329956
