entropy_mean = 1.603901743888855
loss_policy = 1.801999568939209
loss_total = 7.232019901275635
loss_value = 1.0
step = 1993
value_mean = 1.0
