entropy_mean = 2.460090160369873
loss_policy = 2.5400614738464355
loss_total = 8.642393112182617
loss_value = 1.015625
step = 1371
value_mean = 1.0
