entropy_mean = 3.469608783721924
loss_policy = 3.4498391151428223
loss_total = 9.750943183898926
loss_value = 1.023430347442627
step = 1148
value_mean = 0.9999952912330627
