entropy_mean = 5.626314163208008
loss_policy = 6.045191287994385
loss_total = 13.640877723693848
loss_value = 0.8064674139022827
step = 123
value_mean = -0.2326383739709854
