entropy_mean = 1.7304229736328125
loss_policy = 1.9580118656158447
loss_total = 7.590749740600586
loss_value = 1.0
step = 1817
value_mean = 1.0
