entropy_mean = 2.546964168548584
loss_policy = 3.440230369567871
loss_total = 9.64466667175293
loss_value = 0.9895038604736328
step = 1220
value_mean = 0.7067065834999084
