entropy_mean = 4.681215286254883
loss_policy = 5.731084823608398
loss_total = 13.24567699432373
loss_value = 1.0
step = 376
value_mean = 1.0
