entropy_mean = 1.6582319736480713
loss_policy = 1.6100960969924927
loss_total = 7.0596604347229
loss_value = 1.0
step = 1977
value_mean = 1.0
