entropy_mean = 1.4121497869491577
loss_policy = 1.661526083946228
loss_total = 7.208065032958984
loss_value = 1.0
step = 1895
value_mean = 1.0
