entropy_mean = 1.3582043647766113
loss_policy = 1.6893240213394165
loss_total = 7.167484760284424
loss_value = 1.0
step = 1951
value_mean = 1.0
