entropy_mean = 1.7276300191879272
loss_policy = 1.5131640434265137
loss_total = 6.756080150604248
loss_value = 1.0
step = 2151
value_mean = 1.0
