entropy_mean = 1.7143664360046387
loss_policy = 1.679469347000122
loss_total = 7.298314094543457
loss_value = 1.0
step = 1831
value_mean = 1.0
