entropy_mean = 4.918552398681641
loss_policy = 5.9727606773376465
loss_total = 13.700614929199219
loss_value = 1.0234375
step = 236
value_mean = -1.0
