entropy_mean = 5.517817497253418
loss_policy = 5.836947441101074
loss_total = 13.47230339050293
loss_value = 0.8433166146278381
step = 117
value_mean = 0.7742680311203003
