entropy_mean = 1.6869328022003174
loss_policy = 1.8663477897644043
loss_total = 7.301245212554932
loss_value = 1.0
step = 1989
value_mean = 1.0
