entropy_mean = 4.227456092834473
loss_policy = 5.0708770751953125
loss_total = 11.997756004333496
loss_value = 1.0086097717285156
step = 680
value_mean = 0.8626901507377625
