entropy_mean = 5.036498546600342
loss_policy = 5.448131561279297
loss_total = 13.051814079284668
loss_value = 1.022920846939087
step = 335
value_mean = -0.8601679801940918
