entropy_mean = 1.7112655639648438
loss_policy = 1.8765130043029785
loss_total = 7.547631740570068
loss_value = 1.0
step = 1782
value_mean = 1.0
