entropy_mean = 1.88222074508667
loss_policy = 1.9603818655014038
loss_total = 7.857235908508301
loss_value = 1.0
step = 1564
value_mean = 1.0
