entropy_mean = 1.9338250160217285
loss_policy = 2.270219326019287
loss_total = 8.33575439453125
loss_value = 1.0234375
step = 1418
value_mean = 1.0
