entropy_mean = 4.540297508239746
loss_policy = 4.632566928863525
loss_total = 11.345281600952148
loss_value = 0.9832488298416138
step = 800
value_mean = -0.9990115165710449
