entropy_mean = 5.156864166259766
loss_policy = 5.352826118469238
loss_total = 12.537841796875
loss_value = 0.9927130937576294
step = 537
value_mean = 0.9994379281997681
