entropy_mean = 1.9382119178771973
loss_policy = 2.172945976257324
loss_total = 8.083122253417969
loss_value = 1.0
step = 1552
value_mean = 1.0
