entropy_mean = 1.7321277856826782
loss_policy = 1.8040279150009155
loss_total = 7.534440040588379
loss_value = 1.015625
step = 1736
value_mean = 1.0
