entropy_mean = 4.808176517486572
loss_policy = 5.706675052642822
loss_total = 13.169515609741211
loss_value = 1.015624761581421
step = 412
value_mean = 0.9999998807907104
