entropy_mean = 5.851868152618408
loss_policy = 6.059247016906738
loss_total = 13.868900299072266
loss_value = 0.9932721257209778
step = 24
value_mean = 0.9800990223884583
