entropy_mean = 1.4315247535705566
loss_policy = 1.7018542289733887
loss_total = 6.892902851104736
loss_value = 1.0234375
step = 2218
value_mean = 1.0
