entropy_mean = 3.4115710258483887
loss_policy = 4.471095561981201
loss_total = 11.010904312133789
loss_value = 1.0
step = 937
value_mean = 1.0
