entropy_mean = 2.2820775508880615
loss_policy = 2.296053886413574
loss_total = 8.384967803955078
loss_value = 0.9921875
step = 1361
value_mean = 1.0
