entropy_mean = 5.763047695159912
loss_policy = 5.872012138366699
loss_total = 13.320632934570312
loss_value = 0.6380771994590759
step = 50
value_mean = -0.3854692876338959
