entropy_mean = 4.147859573364258
loss_policy = 5.104409217834473
loss_total = 12.104742050170898
loss_value = 1.009876012802124
step = 639
value_mean = 0.9053858518600464
