entropy_mean = 2.994046688079834
loss_policy = 3.3004913330078125
loss_total = 9.545673370361328
loss_value = 0.9999980926513672
step = 1184
value_mean = 0.9999992251396179
