entropy_mean = 5.163665771484375
loss_policy = 8.784201622009277
loss_total = 16.60175895690918
loss_value = 0.9998629093170166
step = 1
value_mean = 0.9999314546585083
