entropy_mean = 1.6641085147857666
loss_policy = 1.8423523902893066
loss_total = 7.275968074798584
loss_value = 1.0
step = 1990
value_mean = 1.0
