entropy_mean = 1.4213173389434814
loss_policy = 1.6823885440826416
loss_total = 6.80258846282959
loss_value = 1.0
step = 2259
value_mean = 1.0
