entropy_mean = 1.620737910270691
loss_policy = 1.696875810623169
loss_total = 7.376900672912598
loss_value = 1.0
step = 1772
value_mean = 1.0
