entropy_mean = 5.0195488929748535
loss_policy = 6.244958877563477
loss_total = 13.979094505310059
loss_value = 1.0
step = 206
value_mean = -1.0
