entropy_mean = 4.704851150512695
loss_policy = 5.51669979095459
loss_total = 12.558728218078613
loss_value = 0.9999996423721313
step = 615
value_mean = 0.9999997615814209
