entropy_mean = 4.506631851196289
loss_policy = 4.764861106872559
loss_total = 11.29219913482666
loss_value = 0.9921875
step = 941
value_mean = 1.0
