entropy_mean = 1.7728784084320068
loss_policy = 1.8968729972839355
loss_total = 7.627006530761719
loss_value = 1.0703125
step = 1793
value_mean = 1.0
