entropy_mean = 5.47767448425293
loss_policy = 6.181678295135498
loss_total = 13.819236755371094
loss_value = 0.9999925494194031
step = 293
value_mean = -0.9999955892562866
