entropy_mean = 5.76909065246582
loss_policy = 5.889927864074707
loss_total = 13.288993835449219
loss_value = 0.6066303253173828
step = 116
value_mean = 0.8919625282287598
