entropy_mean = 4.569238662719727
loss_policy = 4.690049648284912
loss_total = 11.437128067016602
loss_value = 0.9999998211860657
step = 789
value_mean = -0.9999998807907104
