entropy_mean = 4.7213664054870605
loss_policy = 5.2368903160095215
loss_total = 12.689310073852539
loss_value = 1.0215011835098267
step = 420
value_mean = 0.9974364638328552
