entropy_mean = 1.4199587106704712
loss_policy = 1.662229299545288
loss_total = 7.073124885559082
loss_value = 1.0
step = 2008
value_mean = 1.0
