entropy_mean = 1.5065804719924927
loss_policy = 1.674050211906433
loss_total = 7.275127410888672
loss_value = 1.0
step = 1850
value_mean = 1.0
