entropy_mean = 1.5830543041229248
loss_policy = 1.7710314989089966
loss_total = 7.026468276977539
loss_value = 0.9843729138374329
step = 2126
value_mean = 0.999998927116394
