entropy_mean = 4.520444869995117
loss_policy = 5.0443315505981445
loss_total = 12.17831802368164
loss_value = 1.0
step = 567
value_mean = 1.0
