entropy_mean = 4.7740325927734375
loss_policy = 4.81610107421875
loss_total = 11.479308128356934
loss_value = 0.9821180105209351
step = 835
value_mean = 0.999996542930603
