entropy_mean = 1.7909799814224243
loss_policy = 1.9671095609664917
loss_total = 7.665776252746582
loss_value = 1.0
step = 1752
value_mean = 1.0
