entropy_mean = 3.9296209812164307
loss_policy = 5.068025588989258
loss_total = 11.929021835327148
loss_value = 0.9999996423721313
step = 712
value_mean = -0.9999997019767761
