entropy_mean = 5.833203315734863
loss_policy = 5.8462419509887695
loss_total = 13.495725631713867
loss_value = 0.9765620231628418
step = 265
value_mean = -0.9999997615814209
