entropy_mean = 5.015511512756348
loss_policy = 5.979399681091309
loss_total = 13.620784759521484
loss_value = 0.9999998211860657
step = 290
value_mean = -0.9999998807907104
