entropy_mean = 1.656055212020874
loss_policy = 1.7407817840576172
loss_total = 6.976902484893799
loss_value = 0.9921875
step = 2150
value_mean = 1.0
