entropy_mean = 1.7374134063720703
loss_policy = 1.906367540359497
loss_total = 7.589982986450195
loss_value = 1.0
step = 1768
value_mean = 1.0
