entropy_mean = 4.695095062255859
loss_policy = 4.881606101989746
loss_total = 11.509645462036133
loss_value = 1.0
step = 875
value_mean = 1.0
