entropy_mean = 1.351548433303833
loss_policy = 1.4288842678070068
loss_total = 6.688979148864746
loss_value = 0.9843733310699463
step = 2122
value_mean = 0.999998927116394
