entropy_mean = 1.5067815780639648
loss_policy = 1.652264952659607
loss_total = 7.384380340576172
loss_value = 1.0
step = 1721
value_mean = 1.0
