entropy_mean = 5.290319919586182
loss_policy = 5.843757629394531
loss_total = 13.40447998046875
loss_value = 1.0234375
step = 360
value_mean = 1.0
