entropy_mean = 4.334158897399902
loss_policy = 4.992603778839111
loss_total = 11.921618461608887
loss_value = 1.0067752599716187
step = 678
value_mean = 0.8414955139160156
