entropy_mean = 3.8280282020568848
loss_policy = 4.354855060577393
loss_total = 10.777151107788086
loss_value = 0.9999918341636658
step = 1027
value_mean = 0.9999963641166687
