entropy_mean = 1.7219750881195068
loss_policy = 1.7291048765182495
loss_total = 7.353047847747803
loss_value = 0.9921875
step = 1818
value_mean = 1.0
