entropy_mean = 4.9864325523376465
loss_policy = 5.506614685058594
loss_total = 12.997528076171875
loss_value = 0.9921875
step = 387
value_mean = 1.0
