entropy_mean = 3.6934609413146973
loss_policy = 4.068707466125488
loss_total = 10.452537536621094
loss_value = 0.9999873042106628
step = 1058
value_mean = 0.9999974370002747
