entropy_mean = 1.4033007621765137
loss_policy = 1.669852375984192
loss_total = 7.054458141326904
loss_value = 0.9999997615814209
step = 2029
value_mean = 0.9999999403953552
