entropy_mean = 4.485742568969727
loss_policy = 5.349518299102783
loss_total = 12.632487297058105
loss_value = 1.0
step = 490
value_mean = -1.0
