entropy_mean = 1.761375069618225
loss_policy = 2.4184389114379883
loss_total = 8.496573448181152
loss_value = 1.015625
step = 1396
value_mean = 1.0
