entropy_mean = 2.5465855598449707
loss_policy = 2.68272066116333
loss_total = 8.72493839263916
loss_value = 0.8382827043533325
step = 1234
value_mean = -0.4734107255935669
