entropy_mean = 1.5281634330749512
loss_policy = 1.7496567964553833
loss_total = 6.997798442840576
loss_value = 1.023437261581421
step = 2168
value_mean = 0.9999998807907104
