entropy_mean = 4.402793884277344
loss_policy = 4.5329203605651855
loss_total = 11.166711807250977
loss_value = 0.9921875
step = 864
value_mean = 1.0
