entropy_mean = 4.37166690826416
loss_policy = 4.3456807136535645
loss_total = 10.835793495178223
loss_value = 0.9999998807907104
step = 974
value_mean = 0.9999999403953552
