entropy_mean = 5.34091854095459
loss_policy = 5.911701202392578
loss_total = 13.61375617980957
loss_value = 0.9407109618186951
step = 177
value_mean = 0.7834481000900269
