entropy_mean = 1.8724781274795532
loss_policy = 2.003370761871338
loss_total = 7.752638816833496
loss_value = 1.0
step = 1704
value_mean = 1.0
