entropy_mean = 1.701793909072876
loss_policy = 2.1868879795074463
loss_total = 8.150278091430664
loss_value = 0.9921875
step = 1491
value_mean = 1.0
