entropy_mean = 4.321147918701172
loss_policy = 4.972615718841553
loss_total = 11.77561092376709
loss_value = 0.977960467338562
step = 736
value_mean = 0.8866464495658875
