entropy_mean = 5.28945255279541
loss_policy = 5.9143548011779785
loss_total = 13.25632095336914
loss_value = 0.9774889945983887
step = 449
value_mean = 0.8395974636077881
