entropy_mean = 1.6445913314819336
loss_policy = 2.1944830417633057
loss_total = 8.136543273925781
loss_value = 1.0
step = 1520
value_mean = 1.0
