entropy_mean = 2.4942054748535156
loss_policy = 2.3498411178588867
loss_total = 8.414554595947266
loss_value = 0.9921875
step = 1385
value_mean = 1.0
