entropy_mean = 4.639649391174316
loss_policy = 4.885260105133057
loss_total = 11.535615921020508
loss_value = 1.0
step = 857
value_mean = 1.0
