entropy_mean = 3.3167357444763184
loss_policy = 3.2908577919006348
loss_total = 9.604024887084961
loss_value = 0.9999997615814209
step = 1118
value_mean = 0.9999997019767761
