entropy_mean = 2.3909027576446533
loss_policy = 2.398878335952759
loss_total = 8.52025318145752
loss_value = 0.9921875
step = 1323
value_mean = 1.0
