entropy_mean = 1.8674261569976807
loss_policy = 1.8754841089248657
loss_total = 7.719391822814941
loss_value = 1.0
step = 1615
value_mean = 1.0
