entropy_mean = 3.5199246406555176
loss_policy = 3.940115451812744
loss_total = 10.254541397094727
loss_value = 0.9921870827674866
step = 1110
value_mean = 0.9999998807907104
