entropy_mean = 1.4934093952178955
loss_policy = 1.7718783617019653
loss_total = 7.248734474182129
loss_value = 1.0
step = 1952
value_mean = 1.0
