entropy_mean = 3.8948915004730225
loss_policy = 4.297245502471924
loss_total = 10.72450065612793
loss_value = 0.999994695186615
step = 1023
value_mean = 0.9999992847442627
