entropy_mean = 4.368910789489746
loss_policy = 5.00783634185791
loss_total = 11.558349609375
loss_value = 0.8418703079223633
step = 813
value_mean = -0.7293273210525513
