entropy_mean = 5.472707748413086
loss_policy = 6.178681373596191
loss_total = 13.9832181930542
loss_value = 0.9876267313957214
step = 20
value_mean = 0.9837791919708252
