entropy_mean = 5.935044288635254
loss_policy = 6.239158630371094
loss_total = 14.016487121582031
loss_value = 1.0232560634613037
step = 185
value_mean = -0.9999654293060303
