entropy_mean = 1.8910388946533203
loss_policy = 2.0747170448303223
loss_total = 7.881383895874023
loss_value = 1.0234375
step = 1673
value_mean = 1.0
