entropy_mean = 1.8792610168457031
loss_policy = 1.7633726596832275
loss_total = 7.611798286437988
loss_value = 0.9921875
step = 1602
value_mean = 1.0
