entropy_mean = 1.8894379138946533
loss_policy = 1.8765220642089844
loss_total = 7.812275409698486
loss_value = 1.0
step = 1528
value_mean = 1.0
