entropy_mean = 4.069927215576172
loss_policy = 4.6502861976623535
loss_total = 11.168539047241211
loss_value = 0.9921865463256836
step = 949
value_mean = 0.9999995231628418
