entropy_mean = 1.8003159761428833
loss_policy = 1.9517900943756104
loss_total = 7.580811500549316
loss_value = 0.9921875
step = 1813
value_mean = 1.0
