entropy_mean = 5.231192588806152
loss_policy = 5.6142730712890625
loss_total = 13.120649337768555
loss_value = 0.9999998807907104
step = 382
value_mean = 0.9999998807907104
