entropy_mean = 4.40272855758667
loss_policy = 4.6639604568481445
loss_total = 11.27408218383789
loss_value = 1.0234375
step = 904
value_mean = 1.0
