entropy_mean = 4.651483535766602
loss_policy = 5.092565536499023
loss_total = 11.864355087280273
loss_value = 0.8646530508995056
step = 686
value_mean = 0.0013393796980381012
