entropy_mean = 1.8552355766296387
loss_policy = 2.006312370300293
loss_total = 7.88110876083374
loss_value = 1.015625
step = 1599
value_mean = 1.0
