entropy_mean = 4.5242695808410645
loss_policy = 5.321367263793945
loss_total = 12.486371040344238
loss_value = 1.0234375
step = 563
value_mean = 1.0
