entropy_mean = 2.264448642730713
loss_policy = 2.6776771545410156
loss_total = 8.865633010864258
loss_value = 1.0078125
step = 1264
value_mean = 1.0
