entropy_mean = 4.7970476150512695
loss_policy = 5.071976184844971
loss_total = 11.584135055541992
loss_value = 0.8143476247787476
step = 821
value_mean = 0.10155103355646133
