entropy_mean = 3.635669708251953
loss_policy = 4.03441858291626
loss_total = 10.425732612609863
loss_value = 1.0390608310699463
step = 1086
value_mean = 0.9999991059303284
