entropy_mean = 1.4835216999053955
loss_policy = 1.7217556238174438
loss_total = 6.876852512359619
loss_value = 0.9921875
step = 2222
value_mean = 1.0
