entropy_mean = 5.693019866943359
loss_policy = 6.044038772583008
loss_total = 13.734223365783691
loss_value = 0.8773401975631714
step = 41
value_mean = -0.8623809814453125
