entropy_mean = 5.400938987731934
loss_policy = 6.054661750793457
loss_total = 13.856414794921875
loss_value = 0.9846363067626953
step = 18
value_mean = 0.9896880388259888
