entropy_mean = 1.6790846586227417
loss_policy = 1.6917966604232788
loss_total = 6.903200149536133
loss_value = 1.015624761581421
step = 2193
value_mean = 0.9999998211860657
