entropy_mean = 1.4563249349594116
loss_policy = 1.8142794370651245
loss_total = 7.455474376678467
loss_value = 1.015625
step = 1824
value_mean = 1.0
