entropy_mean = 4.095009803771973
loss_policy = 3.951512336730957
loss_total = 10.407169342041016
loss_value = 1.0234107971191406
step = 1019
value_mean = 0.9999849200248718
