entropy_mean = 4.911041259765625
loss_policy = 5.6533918380737305
loss_total = 13.08191204071045
loss_value = 1.0038435459136963
step = 423
value_mean = 0.9309053421020508
