entropy_mean = 5.823836326599121
loss_policy = 5.778850555419922
loss_total = 13.24948501586914
loss_value = 0.6668311357498169
step = 78
value_mean = 0.7264971733093262
