entropy_mean = 4.235019683837891
loss_policy = 5.093199729919434
loss_total = 11.694631576538086
loss_value = 1.0
step = 893
value_mean = 1.0
