entropy_mean = 4.399374008178711
loss_policy = 5.237980842590332
loss_total = 11.696995735168457
loss_value = 0.7647417783737183
step = 824
value_mean = 0.5315117835998535
