entropy_mean = 1.6278984546661377
loss_policy = 1.7987489700317383
loss_total = 6.926548004150391
loss_value = 0.9999996423721313
step = 2253
value_mean = 0.9999992847442627
