entropy_mean = 1.8657269477844238
loss_policy = 1.9767050743103027
loss_total = 7.911594390869141
loss_value = 1.0390625
step = 1565
value_mean = 1.0
