entropy_mean = 5.33868408203125
loss_policy = 5.9033355712890625
loss_total = 13.629013061523438
loss_value = 1.0
step = 215
value_mean = -1.0
