entropy_mean = 5.626523971557617
loss_policy = 5.9079179763793945
loss_total = 13.623682022094727
loss_value = 0.9129059314727783
step = 82
value_mean = -0.9280489087104797
