entropy_mean = 1.8428630828857422
loss_policy = 1.782251000404358
loss_total = 7.692249774932861
loss_value = 1.0234375
step = 1574
value_mean = 1.0
