entropy_mean = 2.2611613273620605
loss_policy = 2.457047939300537
loss_total = 8.566061019897461
loss_value = 1.0
step = 1347
value_mean = 1.0
