entropy_mean = 1.8539388179779053
loss_policy = 2.0596094131469727
loss_total = 8.069140434265137
loss_value = 0.9921875
step = 1443
value_mean = 1.0
