entropy_mean = 1.4500062465667725
loss_policy = 1.6786112785339355
loss_total = 7.012210369110107
loss_value = 0.9999999403953552
step = 2072
value_mean = 1.0
