entropy_mean = 5.5388383865356445
loss_policy = 5.793719291687012
loss_total = 13.322379112243652
loss_value = 0.7167989015579224
step = 45
value_mean = -0.045281652361154556
