entropy_mean = 5.0298285484313965
loss_policy = 5.31577205657959
loss_total = 12.170568466186523
loss_value = 0.9921874403953552
step = 711
value_mean = -0.9999999403953552
