entropy_mean = 1.6795576810836792
loss_policy = 2.020561695098877
loss_total = 7.756616115570068
loss_value = 1.0234375
step = 1738
value_mean = 1.0
