entropy_mean = 1.8386865854263306
loss_policy = 1.8526115417480469
loss_total = 7.4723663330078125
loss_value = 1.0
step = 1830
value_mean = 1.0
