entropy_mean = 1.3559575080871582
loss_policy = 1.7510733604431152
loss_total = 7.394948959350586
loss_value = 1.0
step = 1807
value_mean = 1.0
