entropy_mean = 1.6084206104278564
loss_policy = 1.8803553581237793
loss_total = 7.83397912979126
loss_value = 1.0234375
step = 1534
value_mean = 1.0
