entropy_mean = 1.5943028926849365
loss_policy = 1.9501129388809204
loss_total = 7.9491190910339355
loss_value = 1.015625
step = 1480
value_mean = 1.0
