entropy_mean = 3.1961302757263184
loss_policy = 3.6274030208587646
loss_total = 9.915020942687988
loss_value = 1.0156208276748657
step = 1154
value_mean = 0.9999980330467224
