entropy_mean = 1.4306056499481201
loss_policy = 1.5805109739303589
loss_total = 7.148879528045654
loss_value = 1.015625
step = 1890
value_mean = 1.0
