entropy_mean = 4.570301055908203
loss_policy = 5.095663070678711
loss_total = 12.245148658752441
loss_value = 0.9474048614501953
step = 533
value_mean = -0.010340727865695953
