entropy_mean = 4.850055694580078
loss_policy = 5.220403671264648
loss_total = 12.250727653503418
loss_value = 0.9999996423721313
step = 621
value_mean = 0.9999997615814209
