entropy_mean = 1.5990774631500244
loss_policy = 1.6848256587982178
loss_total = 7.182534217834473
loss_value = 1.0
step = 1936
value_mean = 1.0
