entropy_mean = 1.603294849395752
loss_policy = 1.8508412837982178
loss_total = 7.7137603759765625
loss_value = 1.03125
step = 1628
value_mean = 1.0
