entropy_mean = 1.674501657485962
loss_policy = 1.6834604740142822
loss_total = 7.000619888305664
loss_value = 1.0
step = 2084
value_mean = 1.0
