entropy_mean = 2.6332976818084717
loss_policy = 2.772800922393799
loss_total = 8.963994979858398
loss_value = 0.991740345954895
step = 1239
value_mean = -0.8268547058105469
