entropy_mean = 3.557628870010376
loss_policy = 3.7213616371154785
loss_total = 10.010279655456543
loss_value = 0.9921774864196777
step = 1132
value_mean = 0.9999961853027344
