entropy_mean = 4.540451526641846
loss_policy = 4.864570617675781
loss_total = 11.62313461303711
loss_value = 0.9999657869338989
step = 781
value_mean = -0.999979555606842
