entropy_mean = 1.9946720600128174
loss_policy = 2.1609721183776855
loss_total = 8.258600234985352
loss_value = 1.0
step = 1360
value_mean = 1.0
