entropy_mean = 5.813401699066162
loss_policy = 6.164443016052246
loss_total = 13.33881664276123
loss_value = 0.37810981273651123
step = 104
value_mean = 0.3193391263484955
