entropy_mean = 3.5520222187042236
loss_policy = 3.763974666595459
loss_total = 10.114969253540039
loss_value = 0.9999964237213135
step = 1087
value_mean = 0.9999992847442627
