entropy_mean = 1.6285042762756348
loss_policy = 1.674160122871399
loss_total = 7.284890651702881
loss_value = 1.0234375
step = 1863
value_mean = 1.0
