entropy_mean = 5.386956214904785
loss_policy = 5.731040954589844
loss_total = 13.30329418182373
loss_value = 0.9788784980773926
step = 327
value_mean = -0.9290907979011536
