entropy_mean = 2.1614902019500732
loss_policy = 1.9217844009399414
loss_total = 7.916553020477295
loss_value = 1.0
step = 1468
value_mean = 1.0
