entropy_mean = 1.694787859916687
loss_policy = 1.8145158290863037
loss_total = 7.671318054199219
loss_value = 1.0234375
step = 1626
value_mean = 1.0
