entropy_mean = 4.725892066955566
loss_policy = 5.303686141967773
loss_total = 12.465728759765625
loss_value = 1.0390625
step = 572
value_mean = 1.0
