entropy_mean = 2.055790662765503
loss_policy = 2.5986223220825195
loss_total = 8.667531967163086
loss_value = 1.0
step = 1389
value_mean = 1.0
