entropy_mean = 5.7925825119018555
loss_policy = 5.819652557373047
loss_total = 12.836230278015137
loss_value = 0.21252819895744324
step = 77
value_mean = 0.5892482995986938
