entropy_mean = 2.567206859588623
loss_policy = 2.784910202026367
loss_total = 8.94828987121582
loss_value = 1.015625
step = 1303
value_mean = 1.0
