entropy_mean = 2.6932175159454346
loss_policy = 2.9619932174682617
loss_total = 9.219551086425781
loss_value = 1.0233376026153564
step = 1197
value_mean = 0.9999611973762512
