entropy_mean = 2.835496664047241
loss_policy = 2.9939377307891846
loss_total = 9.068512916564941
loss_value = 0.8554577827453613
step = 1215
value_mean = 0.6428613066673279
