entropy_mean = 4.811049938201904
loss_policy = 6.035962104797363
loss_total = 13.580385208129883
loss_value = 0.9921875
step = 351
value_mean = 1.0
