entropy_mean = 3.573418617248535
loss_policy = 3.926976203918457
loss_total = 10.275379180908203
loss_value = 0.9999996423721313
step = 1089
value_mean = 0.9999998807907104
