entropy_mean = 5.113591194152832
loss_policy = 6.1526312828063965
loss_total = 13.816163063049316
loss_value = 1.0234284400939941
step = 291
value_mean = -0.9999954700469971
