entropy_mean = 2.1014089584350586
loss_policy = 2.4218955039978027
loss_total = 8.57120418548584
loss_value = 0.9921875
step = 1293
value_mean = 1.0
