entropy_mean = 4.495923042297363
loss_policy = 4.834890365600586
loss_total = 11.414870262145996
loss_value = 0.9999997019767761
step = 909
value_mean = 0.9999997615814209
