entropy_mean = 1.6517833471298218
loss_policy = 1.6901400089263916
loss_total = 7.186579704284668
loss_value = 1.0
step = 1937
value_mean = 1.0
