entropy_mean = 4.9511260986328125
loss_policy = 6.086145401000977
loss_total = 13.774881362915039
loss_value = 0.9999998211860657
step = 250
value_mean = -0.9999998807907104
