entropy_mean = 2.2056753635406494
loss_policy = 2.4779882431030273
loss_total = 8.628668785095215
loss_value = 1.0
step = 1300
value_mean = 1.0
