entropy_mean = 5.582804203033447
loss_policy = 6.159293174743652
loss_total = 13.906120300292969
loss_value = 0.9918786287307739
step = 184
value_mean = -0.9999529123306274
