entropy_mean = 5.935544490814209
loss_policy = 7.159896373748779
loss_total = 14.975410461425781
loss_value = 0.997870683670044
step = 8
value_mean = 0.9988318681716919
