entropy_mean = 5.164868354797363
loss_policy = 6.168140411376953
loss_total = 13.920947074890137
loss_value = 1.0234375
step = 211
value_mean = -1.0
