entropy_mean = 4.24808406829834
loss_policy = 5.857698440551758
loss_total = 13.18372631072998
loss_value = 1.0234375
step = 479
value_mean = -1.0
