entropy_mean = 5.263585090637207
loss_policy = 6.097623825073242
loss_total = 13.230696678161621
loss_value = 0.35878777503967285
step = 154
value_mean = 0.5050999522209167
