entropy_mean = 5.563684463500977
loss_policy = 5.809704780578613
loss_total = 13.241966247558594
loss_value = 0.6206498146057129
step = 46
value_mean = 0.22327877581119537
