entropy_mean = 1.9072072505950928
loss_policy = 1.9747244119644165
loss_total = 7.937854290008545
loss_value = 1.0
step = 1499
value_mean = 1.0
