entropy_mean = 5.145753860473633
loss_policy = 5.334953308105469
loss_total = 12.826949119567871
loss_value = 1.0468064546585083
step = 413
value_mean = 0.9844040870666504
