entropy_mean = 1.553760290145874
loss_policy = 1.8147263526916504
loss_total = 7.479525566101074
loss_value = 1.0234375
step = 1809
value_mean = 1.0
