entropy_mean = 1.5368458032608032
loss_policy = 1.7189874649047852
loss_total = 6.94989538192749
loss_value = 0.9921875
step = 2155
value_mean = 1.0
