entropy_mean = 4.405804634094238
loss_policy = 4.986461639404297
loss_total = 11.906063079833984
loss_value = 0.976667046546936
step = 666
value_mean = 0.9099427461624146
