entropy_mean = 4.478756904602051
loss_policy = 4.9832048416137695
loss_total = 12.112570762634277
loss_value = 1.0234375
step = 580
value_mean = 1.0
