entropy_mean = 5.11294412612915
loss_policy = 5.73818302154541
loss_total = 13.283711433410645
loss_value = 0.9999995827674866
step = 355
value_mean = 0.9999998807907104
