entropy_mean = 4.733253479003906
loss_policy = 5.099382400512695
loss_total = 12.150684356689453
loss_value = 0.9995602965354919
step = 610
value_mean = 0.9996939897537231
