entropy_mean = 1.4022102355957031
loss_policy = 1.49845552444458
loss_total = 6.888858795166016
loss_value = 1.046875
step = 2064
value_mean = 1.0
