entropy_mean = 1.646126389503479
loss_policy = 1.950324535369873
loss_total = 7.590458869934082
loss_value = 1.0
step = 1810
value_mean = 1.0
