entropy_mean = 3.417214870452881
loss_policy = 3.7022838592529297
loss_total = 9.989441871643066
loss_value = 0.9843406677246094
step = 1127
value_mean = 0.9999898672103882
