entropy_mean = 4.4409379959106445
loss_policy = 5.162781715393066
loss_total = 11.530441284179688
loss_value = 0.6767702698707581
step = 827
value_mean = -0.9337570667266846
