entropy_mean = 1.4268865585327148
loss_policy = 1.4552526473999023
loss_total = 6.670967102050781
loss_value = 0.9999997615814209
step = 2176
value_mean = 0.9999999403953552
