entropy_mean = 2.9613168239593506
loss_policy = 2.8945798873901367
loss_total = 9.03982162475586
loss_value = 0.9325780868530273
step = 1223
value_mean = 0.5546629428863525
