entropy_mean = 1.509994626045227
loss_policy = 1.7544033527374268
loss_total = 7.291984558105469
loss_value = 1.0
step = 1902
value_mean = 1.0
