entropy_mean = 2.9030232429504395
loss_policy = 2.918905735015869
loss_total = 9.106319427490234
loss_value = 0.9784356355667114
step = 1228
value_mean = 0.8913677930831909
