entropy_mean = 4.9252824783325195
loss_policy = 6.131788730621338
loss_total = 13.631309509277344
loss_value = 0.7239053249359131
step = 151
value_mean = 0.45271801948547363
