entropy_mean = 4.439698219299316
loss_policy = 5.58592414855957
loss_total = 12.936002731323242
loss_value = 0.9916930198669434
step = 452
value_mean = 0.8255371451377869
