entropy_mean = 3.866166830062866
loss_policy = 4.242151260375977
loss_total = 10.751141548156738
loss_value = 1.0078067779541016
step = 967
value_mean = 0.9999979734420776
