entropy_mean = 2.356536865234375
loss_policy = 2.3309974670410156
loss_total = 8.48893928527832
loss_value = 1.0
step = 1292
value_mean = 1.0
