entropy_mean = 4.270810127258301
loss_policy = 4.408420562744141
loss_total = 10.933088302612305
loss_value = 1.0156245231628418
step = 962
value_mean = 0.9999979734420776
