entropy_mean = 5.211026191711426
loss_policy = 5.88535213470459
loss_total = 13.539606094360352
loss_value = 0.9999955892562866
step = 280
value_mean = -0.9999977350234985
