entropy_mean = 4.952396392822266
loss_policy = 5.629871368408203
loss_total = 12.568099021911621
loss_value = 0.9765923023223877
step = 654
value_mean = 0.9742956161499023
