entropy_mean = 4.252586841583252
loss_policy = 5.1371660232543945
loss_total = 12.173322677612305
loss_value = 0.9999995231628418
step = 618
value_mean = 0.9999995827674866
