entropy_mean = 1.4945952892303467
loss_policy = 1.8478624820709229
loss_total = 7.584229469299316
loss_value = 1.09375
step = 1808
value_mean = 1.0
