entropy_mean = 5.611454963684082
loss_policy = 6.006717681884766
loss_total = 13.646329879760742
loss_value = 0.8275009393692017
step = 44
value_mean = -0.5581599473953247
