entropy_mean = 1.6716606616973877
loss_policy = 1.8211479187011719
loss_total = 7.156463623046875
loss_value = 1.0234375
step = 2088
value_mean = 1.0
