entropy_mean = 2.6962051391601562
loss_policy = 3.0717616081237793
loss_total = 8.974448204040527
loss_value = 0.7109244465827942
step = 1248
value_mean = -0.5048388242721558
