entropy_mean = 3.369755983352661
loss_policy = 3.5910563468933105
loss_total = 9.889006614685059
loss_value = 0.9999902844429016
step = 1131
value_mean = 0.9999966621398926
