entropy_mean = 1.5924080610275269
loss_policy = 1.7250665426254272
loss_total = 7.095588207244873
loss_value = 1.0
step = 2041
value_mean = 1.0
