entropy_mean = 5.208970069885254
loss_policy = 5.9898223876953125
loss_total = 13.46188735961914
loss_value = 0.6860753297805786
step = 129
value_mean = 0.17471373081207275
