entropy_mean = 4.487643241882324
loss_policy = 4.592887878417969
loss_total = 11.311956405639648
loss_value = 0.9765462279319763
step = 792
value_mean = -0.9999823570251465
