entropy_mean = 4.653563499450684
loss_policy = 4.723801612854004
loss_total = 11.289167404174805
loss_value = 0.9921875
step = 914
value_mean = 1.0
