entropy_mean = 4.822331428527832
loss_policy = 5.000968933105469
loss_total = 11.91316032409668
loss_value = 0.9820523262023926
step = 674
value_mean = 0.8213508129119873
