entropy_mean = 3.9985015392303467
loss_policy = 4.127155780792236
loss_total = 10.618884086608887
loss_value = 0.9921386241912842
step = 968
value_mean = 0.999985933303833
