entropy_mean = 4.044579029083252
loss_policy = 5.078421592712402
loss_total = 12.056436538696289
loss_value = 0.9983214735984802
step = 644
value_mean = 0.9616472721099854
