entropy_mean = 1.6599087715148926
loss_policy = 1.7690272331237793
loss_total = 7.3377790451049805
loss_value = 1.0234375
step = 1896
value_mean = 1.0
