entropy_mean = 4.443295478820801
loss_policy = 5.622152328491211
loss_total = 13.157901763916016
loss_value = 1.0
step = 361
value_mean = 1.0
