entropy_mean = 4.519999027252197
loss_policy = 5.069771766662598
loss_total = 11.986625671386719
loss_value = 0.9926043748855591
step = 677
value_mean = 0.8040907382965088
