entropy_mean = 5.873744487762451
loss_policy = 5.962467670440674
loss_total = 13.476800918579102
loss_value = 0.7135960459709167
step = 90
value_mean = -0.6397217512130737
