entropy_mean = 3.9042482376098633
loss_policy = 4.386630058288574
loss_total = 10.841802597045898
loss_value = 0.9921855926513672
step = 992
value_mean = 0.9999992847442627
