entropy_mean = 1.710928201675415
loss_policy = 1.8108360767364502
loss_total = 7.358530521392822
loss_value = 1.0234375
step = 1914
value_mean = 1.0
