entropy_mean = 1.4482609033584595
loss_policy = 1.7726935148239136
loss_total = 7.000631332397461
loss_value = 1.023437261581421
step = 2185
value_mean = 0.9999998807907104
