entropy_mean = 4.1266984939575195
loss_policy = 5.11914587020874
loss_total = 11.958660125732422
loss_value = 0.9993851184844971
step = 726
value_mean = -0.9992825984954834
