entropy_mean = 1.531620740890503
loss_policy = 1.576973557472229
loss_total = 6.995608329772949
loss_value = 0.9921875
step = 1996
value_mean = 1.0
