entropy_mean = 4.429199695587158
loss_policy = 6.943198204040527
loss_total = 14.624068260192871
loss_value = 1.0
step = 257
value_mean = -1.0
