entropy_mean = 4.551720142364502
loss_policy = 5.289997100830078
loss_total = 12.421727180480957
loss_value = 1.0936461687088013
step = 617
value_mean = 0.9999359250068665
