entropy_mean = 1.9643681049346924
loss_policy = 2.4124503135681152
loss_total = 8.48484992980957
loss_value = 0.9921872615814209
step = 1377
value_mean = 0.9999998807907104
