entropy_mean = 2.288851261138916
loss_policy = 2.5970659255981445
loss_total = 8.68666934967041
loss_value = 1.0234375
step = 1392
value_mean = 1.0
