entropy_mean = 5.654975414276123
loss_policy = 5.804433345794678
loss_total = 13.072697639465332
loss_value = 0.46337616443634033
step = 73
value_mean = 0.05408475548028946
