entropy_mean = 1.6068284511566162
loss_policy = 1.8432012796401978
loss_total = 7.318827152252197
loss_value = 1.0
step = 1953
value_mean = 1.0
