entropy_mean = 1.3939539194107056
loss_policy = 1.7430171966552734
loss_total = 7.1844024658203125
loss_value = 1.0
step = 1984
value_mean = 1.0
