entropy_mean = 1.6385248899459839
loss_policy = 1.7558448314666748
loss_total = 7.141509532928467
loss_value = 0.9999998807907104
step = 2028
value_mean = 1.0
