entropy_mean = 1.562576413154602
loss_policy = 1.8166747093200684
loss_total = 7.363700866699219
loss_value = 1.0468748807907104
step = 1934
value_mean = 1.0
