entropy_mean = 4.171901702880859
loss_policy = 4.385741233825684
loss_total = 11.00994873046875
loss_value = 1.0
step = 878
value_mean = 1.0
