entropy_mean = 5.445199966430664
loss_policy = 5.654587745666504
loss_total = 13.329964637756348
loss_value = 0.8856184482574463
step = 122
value_mean = -0.7417776584625244
