entropy_mean = 1.4358974695205688
loss_policy = 1.5523687601089478
loss_total = 6.737200736999512
loss_value = 0.9921875
step = 2196
value_mean = 1.0
