entropy_mean = 3.674511432647705
loss_policy = 3.921623706817627
loss_total = 10.266067504882812
loss_value = 0.999990701675415
step = 1092
value_mean = 0.9999871850013733
