entropy_mean = 4.2640790939331055
loss_policy = 4.842540740966797
loss_total = 11.622572898864746
loss_value = 0.9679362773895264
step = 744
value_mean = -0.9474190473556519
