entropy_mean = 1.855088233947754
loss_policy = 2.0736310482025146
loss_total = 7.831757068634033
loss_value = 0.9921875
step = 1689
value_mean = 1.0
