entropy_mean = 4.376455307006836
loss_policy = 4.625823974609375
loss_total = 11.180007934570312
loss_value = 1.023437261581421
step = 945
value_mean = 0.9999998807907104
