entropy_mean = 4.6948394775390625
loss_policy = 4.8913092613220215
loss_total = 11.78802490234375
loss_value = 0.9966328144073486
step = 690
value_mean = 0.8359006643295288
