entropy_mean = 4.6269378662109375
loss_policy = 5.307012557983398
loss_total = 12.668067932128906
loss_value = 0.979783833026886
step = 441
value_mean = 0.9048573970794678
