entropy_mean = 4.66350793838501
loss_policy = 5.578856468200684
loss_total = 12.699079513549805
loss_value = 0.984375
step = 566
value_mean = 1.0
