entropy_mean = 1.7602235078811646
loss_policy = 1.7259645462036133
loss_total = 7.153039932250977
loss_value = 1.0625
step = 2046
value_mean = 1.0
