entropy_mean = 3.872314453125
loss_policy = 4.931705951690674
loss_total = 11.527363777160645
loss_value = 1.0
step = 897
value_mean = 1.0
