entropy_mean = 4.346736907958984
loss_policy = 4.6751298904418945
loss_total = 11.418806076049805
loss_value = 0.9734351634979248
step = 773
value_mean = -0.9934000372886658
