entropy_mean = 1.9012997150421143
loss_policy = 1.9393268823623657
loss_total = 7.768489360809326
loss_value = 1.0
step = 1631
value_mean = 1.0
