entropy_mean = 4.769148349761963
loss_policy = 5.093716144561768
loss_total = 12.45840835571289
loss_value = 0.9980946183204651
step = 448
value_mean = 0.7113122940063477
