entropy_mean = 5.042405605316162
loss_policy = 5.659014701843262
loss_total = 12.836092948913574
loss_value = 0.9921875
step = 540
value_mean = 1.0
