entropy_mean = 1.7368252277374268
loss_policy = 1.7685775756835938
loss_total = 7.77244758605957
loss_value = 1.023437261581421
step = 1483
value_mean = 0.9999999403953552
