entropy_mean = 2.156951665878296
loss_policy = 2.2530643939971924
loss_total = 8.419581413269043
loss_value = 1.0234375
step = 1308
value_mean = 1.0
