entropy_mean = 4.451094627380371
loss_policy = 4.947622299194336
loss_total = 11.822731971740723
loss_value = 0.9801982045173645
step = 693
value_mean = 0.9314732551574707
