entropy_mean = 1.6537741422653198
loss_policy = 1.680531620979309
loss_total = 6.983680248260498
loss_value = 1.0
step = 2096
value_mean = 1.0
