entropy_mean = 1.8956737518310547
loss_policy = 2.2207441329956055
loss_total = 8.307584762573242
loss_value = 1.0234375
step = 1395
value_mean = 1.0
