entropy_mean = 1.5700674057006836
loss_policy = 1.6895946264266968
loss_total = 6.835285186767578
loss_value = 0.9921875
step = 2231
value_mean = 1.0
