entropy_mean = 1.770452857017517
loss_policy = 1.7918027639389038
loss_total = 7.622918128967285
loss_value = 0.984375
step = 1612
value_mean = 1.0
