entropy_mean = 4.281455039978027
loss_policy = 5.115444183349609
loss_total = 11.78645133972168
loss_value = 1.0
step = 842
value_mean = 1.0
