entropy_mean = 5.141861915588379
loss_policy = 6.035102367401123
loss_total = 13.78653621673584
loss_value = 0.999997615814209
step = 188
value_mean = -0.999999463558197
