entropy_mean = 1.6604125499725342
loss_policy = 1.8026314973831177
loss_total = 7.139986515045166
loss_value = 1.0
step = 2069
value_mean = 1.0
