entropy_mean = 1.5827569961547852
loss_policy = 1.6033650636672974
loss_total = 7.06483793258667
loss_value = 1.0
step = 1967
value_mean = 1.0
