entropy_mean = 1.5628676414489746
loss_policy = 1.6359009742736816
loss_total = 7.428585052490234
loss_value = 1.0234370231628418
step = 1686
value_mean = 0.9999997615814209
