entropy_mean = 5.370835304260254
loss_policy = 6.702637672424316
loss_total = 14.524179458618164
loss_value = 1.0042532682418823
step = 16
value_mean = 0.988051176071167
