entropy_mean = 1.6192264556884766
loss_policy = 1.8330414295196533
loss_total = 7.487905502319336
loss_value = 1.046875
step = 1843
value_mean = 1.0
