entropy_mean = 1.9550106525421143
loss_policy = 2.107390880584717
loss_total = 8.05952262878418
loss_value = 1.0
step = 1509
value_mean = 1.0
