entropy_mean = 4.624485015869141
loss_policy = 4.9065446853637695
loss_total = 11.661612510681152
loss_value = 0.9921836853027344
step = 778
value_mean = -0.9999985098838806
