entropy_mean = 4.681089401245117
loss_policy = 5.463014602661133
loss_total = 12.543924331665039
loss_value = 0.8555166721343994
step = 521
value_mean = 0.7484618425369263
