entropy_mean = 1.4430108070373535
loss_policy = 1.6207637786865234
loss_total = 7.163182258605957
loss_value = 1.0234375
step = 1919
value_mean = 1.0
