entropy_mean = 3.41304874420166
loss_policy = 4.711428165435791
loss_total = 11.27347183227539
loss_value = 1.0234375
step = 938
value_mean = 1.0
