entropy_mean = 1.6642794609069824
loss_policy = 1.8114049434661865
loss_total = 7.432099342346191
loss_value = 1.0
step = 1829
value_mean = 1.0
