entropy_mean = 1.716009497642517
loss_policy = 1.7419817447662354
loss_total = 6.966626167297363
loss_value = 1.0234375
step = 2188
value_mean = 1.0
