entropy_mean = 5.066192626953125
loss_policy = 5.983774185180664
loss_total = 13.439268112182617
loss_value = 0.9921875
step = 404
value_mean = 0.9999999403953552
