entropy_mean = 5.524385452270508
loss_policy = 5.743961334228516
loss_total = 13.47429084777832
loss_value = 0.9672103524208069
step = 175
value_mean = 0.9313598275184631
