entropy_mean = 2.6254892349243164
loss_policy = 2.6709461212158203
loss_total = 8.846771240234375
loss_value = 1.0
step = 1270
value_mean = 1.0
