entropy_mean = 1.3874704837799072
loss_policy = 1.6531612873077393
loss_total = 6.805996417999268
loss_value = 0.9921875
step = 2224
value_mean = 1.0
