entropy_mean = 1.4417961835861206
loss_policy = 1.5658305883407593
loss_total = 6.7142744064331055
loss_value = 0.9999992847442627
step = 2236
value_mean = 0.9999996423721313
