entropy_mean = 1.5344411134719849
loss_policy = 2.087857246398926
loss_total = 8.009149551391602
loss_value = 0.9921875
step = 1535
value_mean = 1.0
