entropy_mean = 2.9158682823181152
loss_policy = 3.0077404975891113
loss_total = 9.260971069335938
loss_value = 1.0231990814208984
step = 1202
value_mean = 0.9998198747634888
