entropy_mean = 3.2922487258911133
loss_policy = 3.6349899768829346
loss_total = 9.97556209564209
loss_value = 0.9999924898147583
step = 1095
value_mean = 0.9999984502792358
