entropy_mean = 1.4833842515945435
loss_policy = 1.624976396560669
loss_total = 6.800006866455078
loss_value = 0.9999995827674866
step = 2212
value_mean = 0.9999996423721313
