entropy_mean = 4.179602146148682
loss_policy = 4.603222846984863
loss_total = 11.228273391723633
loss_value = 0.9921875
step = 871
value_mean = 1.0
