entropy_mean = 2.7921504974365234
loss_policy = 3.09043288230896
loss_total = 9.283609390258789
loss_value = 0.9680821895599365
step = 1208
value_mean = 0.8680294752120972
