entropy_mean = 1.515509843826294
loss_policy = 1.703726053237915
loss_total = 7.132634162902832
loss_value = 1.0
step = 1994
value_mean = 1.0
