entropy_mean = 4.583676815032959
loss_policy = 4.674058437347412
loss_total = 11.194313049316406
loss_value = 1.0
step = 954
value_mean = 1.0
