entropy_mean = 1.4717719554901123
loss_policy = 1.6947603225708008
loss_total = 7.271974563598633
loss_value = 1.0
step = 1871
value_mean = 1.0
