entropy_mean = 4.932318210601807
loss_policy = 4.920383453369141
loss_total = 11.60849666595459
loss_value = 1.015625
step = 841
value_mean = 1.0
