entropy_mean = 1.804619312286377
loss_policy = 2.018996000289917
loss_total = 7.822412967681885
loss_value = 1.046875
step = 1697
value_mean = 1.0
