entropy_mean = 5.046919822692871
loss_policy = 5.102789402008057
loss_total = 12.189779281616211
loss_value = 0.8454651236534119
step = 513
value_mean = -0.0059866467490792274
