entropy_mean = 4.721953392028809
loss_policy = 5.642275810241699
loss_total = 13.130919456481934
loss_value = 0.9999915957450867
step = 392
value_mean = 0.9999949932098389
