entropy_mean = 1.703045129776001
loss_policy = 1.8563175201416016
loss_total = 7.672571659088135
loss_value = 0.9921875
step = 1637
value_mean = 1.0
