entropy_mean = 3.661106586456299
loss_policy = 4.3633904457092285
loss_total = 10.76323413848877
loss_value = 1.0234375
step = 1064
value_mean = 1.0
