entropy_mean = 3.1047616004943848
loss_policy = 3.4079205989837646
loss_total = 9.700967788696289
loss_value = 0.9999887943267822
step = 1135
value_mean = 0.9999955892562866
