entropy_mean = 4.327666282653809
loss_policy = 4.847222328186035
loss_total = 11.485125541687012
loss_value = 0.9306954145431519
step = 814
value_mean = -0.8322241306304932
