entropy_mean = 5.499520301818848
loss_policy = 6.099869728088379
loss_total = 13.821053504943848
loss_value = 0.9999999403953552
step = 220
value_mean = -1.0
