entropy_mean = 1.4851347208023071
loss_policy = 1.5759962797164917
loss_total = 7.000274181365967
loss_value = 1.023437261581421
step = 2015
value_mean = 0.9999997019767761
