entropy_mean = 4.6111955642700195
loss_policy = 5.152744293212891
loss_total = 12.469694137573242
loss_value = 0.9773543477058411
step = 462
value_mean = 0.8689001798629761
