entropy_mean = 1.5155341625213623
loss_policy = 1.7508788108825684
loss_total = 7.026524543762207
loss_value = 0.9921875
step = 2115
value_mean = 1.0
