entropy_mean = 1.7262773513793945
loss_policy = 1.911445140838623
loss_total = 7.833847522735596
loss_value = 1.015625
step = 1555
value_mean = 1.0
