entropy_mean = 1.6633167266845703
loss_policy = 1.7254536151885986
loss_total = 7.018782615661621
loss_value = 1.023435354232788
step = 2127
value_mean = 0.9999991059303284
