entropy_mean = 4.162811279296875
loss_policy = 5.253069877624512
loss_total = 12.183090209960938
loss_value = 0.9810795783996582
step = 662
value_mean = 0.9862258434295654
