entropy_mean = 3.824925661087036
loss_policy = 4.733881950378418
loss_total = 11.491623878479004
loss_value = 1.0234270095825195
step = 797
value_mean = -0.9999929666519165
