entropy_mean = 1.5655510425567627
loss_policy = 1.8915510177612305
loss_total = 7.287190914154053
loss_value = 1.015625
step = 2033
value_mean = 1.0
