entropy_mean = 4.023096084594727
loss_policy = 4.46768045425415
loss_total = 10.977971076965332
loss_value = 1.0234373807907104
step = 976
value_mean = 0.9999999403953552
