entropy_mean = 5.910186767578125
loss_policy = 6.23331880569458
loss_total = 14.037680625915527
loss_value = 0.9881378412246704
step = 25
value_mean = 0.9738640785217285
