entropy_mean = 4.887845039367676
loss_policy = 5.604214668273926
loss_total = 13.18167495727539
loss_value = 1.0075217485427856
step = 341
value_mean = 0.9845587611198425
