entropy_mean = 1.8024568557739258
loss_policy = 2.205569267272949
loss_total = 8.15361499786377
loss_value = 1.0
step = 1513
value_mean = 1.0
