entropy_mean = 1.8064957857131958
loss_policy = 1.9625904560089111
loss_total = 7.864687442779541
loss_value = 1.0
step = 1559
value_mean = 1.0
