entropy_mean = 2.15435791015625
loss_policy = 2.376211166381836
loss_total = 8.47825813293457
loss_value = 1.0
step = 1355
value_mean = 1.0
