entropy_mean = 2.084084987640381
loss_policy = 1.9957239627838135
loss_total = 7.953936576843262
loss_value = 1.046875
step = 1551
value_mean = 1.0
