entropy_mean = 1.8449954986572266
loss_policy = 1.971815586090088
loss_total = 7.857388496398926
loss_value = 1.0
step = 1575
value_mean = 1.0
