entropy_mean = 1.3987882137298584
loss_policy = 1.6883832216262817
loss_total = 6.94329833984375
loss_value = 1.0078125
step = 2147
value_mean = 1.0
