entropy_mean = 5.755618572235107
loss_policy = 6.198894023895264
loss_total = 13.93504810333252
loss_value = 1.0
step = 204
value_mean = -1.0
