entropy_mean = 5.133757591247559
loss_policy = 5.460090637207031
loss_total = 12.494300842285156
loss_value = 0.9843719005584717
step = 611
value_mean = 0.9999979138374329
