entropy_mean = 1.4336843490600586
loss_policy = 1.8052023649215698
loss_total = 7.367478847503662
loss_value = 1.0234375
step = 1901
value_mean = 1.0
