entropy_mean = 1.6765779256820679
loss_policy = 1.7691521644592285
loss_total = 7.378727912902832
loss_value = 1.0234375
step = 1864
value_mean = 1.0
