entropy_mean = 4.175140380859375
loss_policy = 5.32742977142334
loss_total = 12.277677536010742
loss_value = 0.991841197013855
step = 656
value_mean = 0.9074223041534424
