entropy_mean = 3.6997873783111572
loss_policy = 4.034651756286621
loss_total = 10.32040786743164
loss_value = 0.9999880790710449
step = 1141
value_mean = 0.9999895095825195
