entropy_mean = 1.8038030862808228
loss_policy = 1.9231951236724854
loss_total = 7.809063911437988
loss_value = 0.9921875
step = 1567
value_mean = 1.0
