entropy_mean = 2.2847723960876465
loss_policy = 2.5143847465515137
loss_total = 8.614990234375
loss_value = 1.0234375
step = 1380
value_mean = 1.0
