entropy_mean = 1.7157288789749146
loss_policy = 1.9645295143127441
loss_total = 7.748764991760254
loss_value = 1.0
step = 1672
value_mean = 1.0
