entropy_mean = 1.482802391052246
loss_policy = 1.4999560117721558
loss_total = 6.849005699157715
loss_value = 1.0234375
step = 2078
value_mean = 1.0
