entropy_mean = 2.071087598800659
loss_policy = 2.281287670135498
loss_total = 8.372735023498535
loss_value = 1.0234375
step = 1390
value_mean = 1.0
