entropy_mean = 1.4700367450714111
loss_policy = 1.8670905828475952
loss_total = 7.219049453735352
loss_value = 0.9999999403953552
step = 2057
value_mean = 1.0
