entropy_mean = 4.543438911437988
loss_policy = 5.1863203048706055
loss_total = 12.233715057373047
loss_value = 1.020866870880127
step = 623
value_mean = 0.9942393898963928
