entropy_mean = 4.664693832397461
loss_policy = 4.892754077911377
loss_total = 11.601160049438477
loss_value = 0.9887822866439819
step = 806
value_mean = -0.9405536651611328
