entropy_mean = 1.5600306987762451
loss_policy = 1.5875048637390137
loss_total = 7.024626731872559
loss_value = 1.0234375
step = 2006
value_mean = 1.0
