entropy_mean = 2.8147568702697754
loss_policy = 3.2551920413970947
loss_total = 9.515283584594727
loss_value = 1.0233356952667236
step = 1194
value_mean = 0.9999057054519653
