entropy_mean = 3.9653494358062744
loss_policy = 4.572420120239258
loss_total = 11.141069412231445
loss_value = 1.015625
step = 927
value_mean = 1.0
