entropy_mean = 2.115406036376953
loss_policy = 2.352668046951294
loss_total = 8.42403507232666
loss_value = 0.9921873211860657
step = 1378
value_mean = 1.0
