entropy_mean = 4.229911804199219
loss_policy = 5.007288932800293
loss_total = 11.856545448303223
loss_value = 0.9999921321868896
step = 720
value_mean = -0.9999969005584717
