entropy_mean = 1.3982771635055542
loss_policy = 1.5201959609985352
loss_total = 6.671965599060059
loss_value = 0.9921871423721313
step = 2225
value_mean = 0.9999998807907104
