entropy_mean = 3.7915077209472656
loss_policy = 4.69065523147583
loss_total = 11.322322845458984
loss_value = 1.0
step = 872
value_mean = 1.0
