entropy_mean = 1.5499800443649292
loss_policy = 1.7221620082855225
loss_total = 7.325250625610352
loss_value = 1.0
step = 1848
value_mean = 1.0
