entropy_mean = 1.584690809249878
loss_policy = 1.6823220252990723
loss_total = 7.2769904136657715
loss_value = 1.0
step = 1856
value_mean = 1.0
