entropy_mean = 5.888722896575928
loss_policy = 6.165721893310547
loss_total = 13.748326301574707
loss_value = 0.7981442213058472
step = 132
value_mean = -0.6639196872711182
