entropy_mean = 2.823479652404785
loss_policy = 2.955470561981201
loss_total = 9.242515563964844
loss_value = 1.0468603372573853
step = 1190
value_mean = 0.9999933242797852
