entropy_mean = 1.5795161724090576
loss_policy = 1.6789129972457886
loss_total = 7.3641815185546875
loss_value = 1.0234375
step = 1791
value_mean = 1.0
