entropy_mean = 4.560873031616211
loss_policy = 4.873314380645752
loss_total = 11.684394836425781
loss_value = 1.0624995231628418
step = 788
value_mean = -0.9999997615814209
