entropy_mean = 3.6749391555786133
loss_policy = 4.910033226013184
loss_total = 11.381467819213867
loss_value = 0.7683972120285034
step = 817
value_mean = 0.6291024684906006
