entropy_mean = 2.4370534420013428
loss_policy = 2.757762908935547
loss_total = 8.939339637756348
loss_value = 1.0
step = 1262
value_mean = 1.0
