entropy_mean = 4.699192047119141
loss_policy = 5.06072998046875
loss_total = 12.011027336120605
loss_value = 0.945698618888855
step = 633
value_mean = 0.31005269289016724
