entropy_mean = 1.673011064529419
loss_policy = 1.8475430011749268
loss_total = 7.516339302062988
loss_value = 0.9921875
step = 1776
value_mean = 1.0
