entropy_mean = 2.832468032836914
loss_policy = 2.8561887741088867
loss_total = 9.039488792419434
loss_value = 0.960756778717041
step = 1211
value_mean = -0.9862055778503418
