entropy_mean = 1.576898455619812
loss_policy = 1.5944314002990723
loss_total = 6.938404560089111
loss_value = 1.0078125
step = 2070
value_mean = 1.0
