entropy_mean = 1.420741081237793
loss_policy = 1.6094787120819092
loss_total = 7.352664947509766
loss_value = 1.0
step = 1710
value_mean = 1.0
