entropy_mean = 5.341170310974121
loss_policy = 5.864604473114014
loss_total = 13.403404235839844
loss_value = 0.7533266544342041
step = 130
value_mean = -0.15063345432281494
