entropy_mean = 4.415384769439697
loss_policy = 5.5374436378479
loss_total = 13.075822830200195
loss_value = 1.015625
step = 370
value_mean = 1.0
