entropy_mean = 4.964944839477539
loss_policy = 5.901850700378418
loss_total = 13.63701057434082
loss_value = 1.0
step = 205
value_mean = -1.0
