entropy_mean = 1.5060234069824219
loss_policy = 2.0212039947509766
loss_total = 7.875722408294678
loss_value = 0.9921875
step = 1596
value_mean = 1.0
