entropy_mean = 4.702125549316406
loss_policy = 5.495016098022461
loss_total = 12.37492847442627
loss_value = 1.015625
step = 710
value_mean = -1.0
