entropy_mean = 3.4898552894592285
loss_policy = 4.008379936218262
loss_total = 10.434159278869629
loss_value = 1.0234375
step = 1043
value_mean = 0.9999999403953552
