entropy_mean = 4.770468711853027
loss_policy = 6.622077465057373
loss_total = 14.055463790893555
loss_value = 0.6538156867027283
step = 142
value_mean = 0.19057929515838623
