entropy_mean = 3.7346181869506836
loss_policy = 3.7911078929901123
loss_total = 10.12324333190918
loss_value = 0.9999685287475586
step = 1102
value_mean = 0.9999639391899109
