entropy_mean = 1.714950442314148
loss_policy = 1.7915576696395874
loss_total = 7.613170623779297
loss_value = 1.0
step = 1640
value_mean = 1.0
