entropy_mean = 1.7700285911560059
loss_policy = 1.8292344808578491
loss_total = 7.450099468231201
loss_value = 0.9921875
step = 1821
value_mean = 1.0
