entropy_mean = 2.051522731781006
loss_policy = 2.2034881114959717
loss_total = 8.196648597717285
loss_value = 0.9921875
step = 1461
value_mean = 1.0
