entropy_mean = 3.9947316646575928
loss_policy = 4.890501976013184
loss_total = 11.543545722961426
loss_value = 1.0
step = 855
value_mean = 1.0
