entropy_mean = 3.792956829071045
loss_policy = 4.55446195602417
loss_total = 11.320087432861328
loss_value = 0.9568924903869629
step = 746
value_mean = -0.8401353359222412
