entropy_mean = 1.618422508239746
loss_policy = 1.7371145486831665
loss_total = 7.40326452255249
loss_value = 0.9921875
step = 1779
value_mean = 1.0
