entropy_mean = 5.347637176513672
loss_policy = 6.242208480834961
loss_total = 13.925195693969727
loss_value = 0.9999035596847534
step = 255
value_mean = -0.9999492168426514
