entropy_mean = 4.505807876586914
loss_policy = 4.990560054779053
loss_total = 11.990791320800781
loss_value = 1.0141873359680176
step = 641
value_mean = 0.9765799045562744
