entropy_mean = 5.108478546142578
loss_policy = 5.4409990310668945
loss_total = 12.790953636169434
loss_value = 0.9731923937797546
step = 443
value_mean = 0.7487919330596924
