entropy_mean = 1.6257734298706055
loss_policy = 1.8318132162094116
loss_total = 7.603095054626465
loss_value = 0.9921875
step = 1677
value_mean = 1.0
