entropy_mean = 4.133683204650879
loss_policy = 5.547183990478516
loss_total = 12.626077651977539
loss_value = 0.9999998807907104
step = 594
value_mean = 1.0
