entropy_mean = 4.61179256439209
loss_policy = 5.17216682434082
loss_total = 12.046296119689941
loss_value = 0.9927148818969727
step = 701
value_mean = -0.9999087452888489
