entropy_mean = 4.353412628173828
loss_policy = 4.463644504547119
loss_total = 10.963348388671875
loss_value = 0.9921845197677612
step = 963
value_mean = 0.9999878406524658
