entropy_mean = 5.220682144165039
loss_policy = 8.79841423034668
loss_total = 16.629562377929688
loss_value = 1.0134539604187012
step = 2
value_mean = 0.9916574358940125
