entropy_mean = 4.866436958312988
loss_policy = 5.8684515953063965
loss_total = 13.394670486450195
loss_value = 1.015625
step = 379
value_mean = 1.0
