entropy_mean = 1.5430893898010254
loss_policy = 1.6146178245544434
loss_total = 6.817797660827637
loss_value = 1.0390625
step = 2221
value_mean = 1.0
