entropy_mean = 1.6503432989120483
loss_policy = 1.7485969066619873
loss_total = 7.407451629638672
loss_value = 0.9999999403953552
step = 1794
value_mean = 1.0
