entropy_mean = 2.1105499267578125
loss_policy = 2.107060432434082
loss_total = 8.169816970825195
loss_value = 1.015625
step = 1413
value_mean = 1.0
