entropy_mean = 1.5653812885284424
loss_policy = 1.5521159172058105
loss_total = 6.879201889038086
loss_value = 0.9921873807907104
step = 2071
value_mean = 0.9999999403953552
