entropy_mean = 2.1766247749328613
loss_policy = 2.6264729499816895
loss_total = 8.694908142089844
loss_value = 0.9921875
step = 1381
value_mean = 1.0
