entropy_mean = 5.451999664306641
loss_policy = 5.967081546783447
loss_total = 13.65464973449707
loss_value = 1.0234336853027344
step = 272
value_mean = -0.999998152256012
