entropy_mean = 4.5380754470825195
loss_policy = 5.358837127685547
loss_total = 12.706955909729004
loss_value = 0.9795956015586853
step = 447
value_mean = 0.8997849225997925
