entropy_mean = 1.497193694114685
loss_policy = 1.6451528072357178
loss_total = 7.023929595947266
loss_value = 0.9999997615814209
step = 2034
value_mean = 0.9999997615814209
