entropy_mean = 4.441802978515625
loss_policy = 5.064399242401123
loss_total = 11.835108757019043
loss_value = 0.9928059577941895
step = 768
value_mean = -0.9867196083068848
