entropy_mean = 5.473093032836914
loss_policy = 5.732851028442383
loss_total = 13.344277381896973
loss_value = 1.032419204711914
step = 336
value_mean = -0.8348734378814697
