entropy_mean = 2.0561206340789795
loss_policy = 2.1396942138671875
loss_total = 8.120012283325195
loss_value = 0.9921875
step = 1475
value_mean = 1.0
