entropy_mean = 2.3591599464416504
loss_policy = 2.3601691722869873
loss_total = 8.5465669631958
loss_value = 1.0234375
step = 1286
value_mean = 1.0
