entropy_mean = 5.478421211242676
loss_policy = 5.894175052642822
loss_total = 13.578248977661133
loss_value = 0.8970270156860352
step = 127
value_mean = 0.8934674859046936
