entropy_mean = 4.3453369140625
loss_policy = 5.724395275115967
loss_total = 13.02132797241211
loss_value = 0.9921875
step = 478
value_mean = -1.0
