entropy_mean = 3.170400381088257
loss_policy = 3.533740520477295
loss_total = 9.801595687866211
loss_value = 0.9921773672103882
step = 1150
value_mean = 0.9999945163726807
