entropy_mean = 4.928744316101074
loss_policy = 5.68398380279541
loss_total = 13.057459831237793
loss_value = 0.9803782105445862
step = 436
value_mean = 0.7412117123603821
