entropy_mean = 1.5398805141448975
loss_policy = 1.6644151210784912
loss_total = 6.92358922958374
loss_value = 1.0
step = 2136
value_mean = 1.0
