entropy_mean = 4.368599891662598
loss_policy = 5.340667247772217
loss_total = 12.508782386779785
loss_value = 1.0
step = 548
value_mean = 1.0
