entropy_mean = 1.4897044897079468
loss_policy = 1.7824249267578125
loss_total = 7.264502048492432
loss_value = 1.0
step = 1948
value_mean = 1.0
