entropy_mean = 4.311454772949219
loss_policy = 4.608026027679443
loss_total = 11.173745155334473
loss_value = 0.984375
step = 908
value_mean = 0.9999998807907104
