entropy_mean = 1.4320988655090332
loss_policy = 1.581085205078125
loss_total = 6.7470808029174805
loss_value = 0.9921875
step = 2213
value_mean = 1.0
