entropy_mean = 5.356754779815674
loss_policy = 6.035579204559326
loss_total = 13.5829439163208
loss_value = 0.7634015083312988
step = 133
value_mean = -0.415965735912323
