entropy_mean = 1.9062944650650024
loss_policy = 2.0912394523620605
loss_total = 8.118886947631836
loss_value = 1.0
step = 1433
value_mean = 1.0
