entropy_mean = 1.3726308345794678
loss_policy = 1.6040021181106567
loss_total = 6.836239814758301
loss_value = 0.9999992847442627
step = 2161
value_mean = 0.9999997615814209
