entropy_mean = 5.607106685638428
loss_policy = 5.969173908233643
loss_total = 13.266183853149414
loss_value = 0.49191686511039734
step = 72
value_mean = -0.6167520880699158
