entropy_mean = 3.704047203063965
loss_policy = 3.3872461318969727
loss_total = 9.648740768432617
loss_value = 0.9921643733978271
step = 1157
value_mean = 0.999984622001648
