entropy_mean = 2.0263607501983643
loss_policy = 2.1751549243927
loss_total = 8.201939582824707
loss_value = 1.0234375
step = 1458
value_mean = 1.0
