entropy_mean = 1.5988819599151611
loss_policy = 1.9203147888183594
loss_total = 7.627013206481934
loss_value = 1.015625
step = 1760
value_mean = 1.0
