entropy_mean = 3.783710479736328
loss_policy = 4.486970901489258
loss_total = 10.948622703552246
loss_value = 0.9999976754188538
step = 993
value_mean = 0.9999992847442627
