entropy_mean = 1.9673309326171875
loss_policy = 2.604578971862793
loss_total = 8.72757339477539
loss_value = 1.0
step = 1330
value_mean = 1.0
