entropy_mean = 2.902860641479492
loss_policy = 3.3939242362976074
loss_total = 9.656303405761719
loss_value = 0.9999952912330627
step = 1165
value_mean = 0.9999982118606567
