entropy_mean = 4.420001029968262
loss_policy = 4.872410774230957
loss_total = 11.51948070526123
loss_value = 0.984375
step = 848
value_mean = 1.0
