entropy_mean = 1.5300054550170898
loss_policy = 1.5788724422454834
loss_total = 6.842804908752441
loss_value = 0.9999996423721313
step = 2132
value_mean = 0.9999998807907104
