entropy_mean = 2.1927168369293213
loss_policy = 2.161545753479004
loss_total = 8.186097145080566
loss_value = 1.0
step = 1436
value_mean = 1.0
