entropy_mean = 1.9502537250518799
loss_policy = 2.1863350868225098
loss_total = 8.175188064575195
loss_value = 0.9921875
step = 1466
value_mean = 1.0
