entropy_mean = 5.841744422912598
loss_policy = 5.901775360107422
loss_total = 13.036443710327148
loss_value = 0.36254119873046875
step = 159
value_mean = 0.3376774191856384
