entropy_mean = 1.8305869102478027
loss_policy = 2.089693784713745
loss_total = 8.009900093078613
loss_value = 1.0
step = 1543
value_mean = 1.0
