entropy_mean = 1.590315580368042
loss_policy = 1.9429898262023926
loss_total = 7.70065450668335
loss_value = 1.0
step = 1696
value_mean = 1.0
