entropy_mean = 4.440432071685791
loss_policy = 4.658939838409424
loss_total = 11.277558326721191
loss_value = 1.0
step = 882
value_mean = 1.0
