entropy_mean = 4.866184711456299
loss_policy = 5.527390003204346
loss_total = 12.641616821289062
loss_value = 1.0
step = 576
value_mean = 1.0
