entropy_mean = 4.879426002502441
loss_policy = 5.30981969833374
loss_total = 12.470376968383789
loss_value = 0.9250799417495728
step = 516
value_mean = 0.7284179925918579
