entropy_mean = 1.6917202472686768
loss_policy = 2.003541946411133
loss_total = 7.860319137573242
loss_value = 0.9921875
step = 1594
value_mean = 1.0
