entropy_mean = 1.728681206703186
loss_policy = 2.1509647369384766
loss_total = 8.104164123535156
loss_value = 1.0
step = 1508
value_mean = 1.0
