entropy_mean = 2.052927255630493
loss_policy = 1.9667134284973145
loss_total = 7.897933006286621
loss_value = 1.0
step = 1533
value_mean = 1.0
