entropy_mean = 2.3540287017822266
loss_policy = 2.976182460784912
loss_total = 9.139959335327148
loss_value = 0.9615943431854248
step = 1236
value_mean = -0.9494472742080688
