entropy_mean = 5.365041255950928
loss_policy = 5.405475616455078
loss_total = 12.843010902404785
loss_value = 1.0107967853546143
step = 422
value_mean = 0.9784754514694214
