entropy_mean = 1.4704563617706299
loss_policy = 1.5047204494476318
loss_total = 6.707064151763916
loss_value = 1.0234330892562866
step = 2209
value_mean = 0.9999984502792358
