entropy_mean = 4.421585559844971
loss_policy = 4.956161022186279
loss_total = 11.750282287597656
loss_value = 0.9599555730819702
step = 730
value_mean = -0.6839636564254761
