entropy_mean = 4.675362586975098
loss_policy = 4.912224769592285
loss_total = 11.63999080657959
loss_value = 0.9998555183410645
step = 801
value_mean = -0.9998683929443359
