entropy_mean = 2.149193286895752
loss_policy = 2.532602310180664
loss_total = 8.65086841583252
loss_value = 1.0234375
step = 1363
value_mean = 1.0
