entropy_mean = 3.6428425312042236
loss_policy = 3.8686771392822266
loss_total = 10.226797103881836
loss_value = 0.9999999403953552
step = 1081
value_mean = 1.0
