entropy_mean = 5.7727789878845215
loss_policy = 6.027294635772705
loss_total = 12.951438903808594
loss_value = 0.1284739226102829
step = 106
value_mean = -0.554511547088623
