entropy_mean = 3.557896852493286
loss_policy = 3.1711997985839844
loss_total = 9.430198669433594
loss_value = 0.9999950528144836
step = 1169
value_mean = 0.9999976754188538
