entropy_mean = 3.9554247856140137
loss_policy = 4.394199848175049
loss_total = 10.932536125183105
loss_value = 1.0234375
step = 958
value_mean = 1.0
