entropy_mean = 1.451436996459961
loss_policy = 1.4954980611801147
loss_total = 6.637207984924316
loss_value = 0.9921875
step = 2235
value_mean = 1.0
