entropy_mean = 1.6673060655593872
loss_policy = 1.8173856735229492
loss_total = 7.253560543060303
loss_value = 1.0
step = 1988
value_mean = 1.0
