entropy_mean = 5.639847755432129
loss_policy = 5.907800674438477
loss_total = 13.6400146484375
loss_value = 1.0
step = 208
value_mean = -1.0
