entropy_mean = 1.3551666736602783
loss_policy = 1.6905534267425537
loss_total = 6.8880615234375
loss_value = 0.984375
step = 2178
value_mean = 1.0
