entropy_mean = 1.4962339401245117
loss_policy = 1.8718726634979248
loss_total = 7.421663761138916
loss_value = 1.0234375
step = 1912
value_mean = 1.0
