entropy_mean = 1.569366693496704
loss_policy = 1.8349883556365967
loss_total = 7.300265312194824
loss_value = 1.0
step = 1963
value_mean = 1.0
