entropy_mean = 1.576627254486084
loss_policy = 1.5903819799423218
loss_total = 7.204547882080078
loss_value = 1.0
step = 1836
value_mean = 1.0
