entropy_mean = 5.316429138183594
loss_policy = 6.718536376953125
loss_total = 14.537266731262207
loss_value = 1.0012537240982056
step = 13
value_mean = 0.9883262515068054
