entropy_mean = 4.631712913513184
loss_policy = 5.210267543792725
loss_total = 12.270803451538086
loss_value = 1.0
step = 605
value_mean = 1.0
