entropy_mean = 1.6020994186401367
loss_policy = 1.7475484609603882
loss_total = 7.5297956466674805
loss_value = 1.0
step = 1674
value_mean = 1.0
