entropy_mean = 4.185332298278809
loss_policy = 4.100874900817871
loss_total = 10.52852725982666
loss_value = 0.9843738079071045
step = 1010
value_mean = 0.9999995231628418
