entropy_mean = 4.259817123413086
loss_policy = 4.381582260131836
loss_total = 10.866735458374023
loss_value = 1.0
step = 977
value_mean = 1.0
