entropy_mean = 1.8803696632385254
loss_policy = 2.18245792388916
loss_total = 8.091493606567383
loss_value = 0.9921875
step = 1546
value_mean = 1.0
