entropy_mean = 4.014131546020508
loss_policy = 4.666214466094971
loss_total = 11.209744453430176
loss_value = 0.9999998807907104
step = 934
value_mean = 0.9999999403953552
