entropy_mean = 3.9692065715789795
loss_policy = 4.522950172424316
loss_total = 11.127638816833496
loss_value = 1.0
step = 891
value_mean = 1.0
