entropy_mean = 4.089470386505127
loss_policy = 5.001903533935547
loss_total = 12.365909576416016
loss_value = 1.0152149200439453
step = 457
value_mean = 0.8907522559165955
