entropy_mean = 5.0693230628967285
loss_policy = 5.341057300567627
loss_total = 12.478832244873047
loss_value = 1.0
step = 565
value_mean = 1.0
