entropy_mean = 1.5626832246780396
loss_policy = 1.840965986251831
loss_total = 7.516757965087891
loss_value = 1.0234375
step = 1800
value_mean = 1.0
