entropy_mean = 1.6925410032272339
loss_policy = 2.5152647495269775
loss_total = 8.586004257202148
loss_value = 1.015625
step = 1404
value_mean = 1.0
