entropy_mean = 4.1538405418396
loss_policy = 4.626099109649658
loss_total = 11.526142120361328
loss_value = 0.9737202525138855
step = 676
value_mean = 0.8856850862503052
