entropy_mean = 1.6241014003753662
loss_policy = 1.8280024528503418
loss_total = 7.248013973236084
loss_value = 0.9999999403953552
step = 2001
value_mean = 1.0
