entropy_mean = 2.340313673019409
loss_policy = 2.7158708572387695
loss_total = 8.896085739135742
loss_value = 0.9816937446594238
step = 1240
value_mean = -0.7338894605636597
