entropy_mean = 2.0491931438446045
loss_policy = 2.168842077255249
loss_total = 8.302144050598145
loss_value = 1.0234375
step = 1346
value_mean = 1.0
