entropy_mean = 1.5399506092071533
loss_policy = 2.0368380546569824
loss_total = 7.828690052032471
loss_value = 1.0
step = 1665
value_mean = 1.0
