entropy_mean = 4.6105241775512695
loss_policy = 5.1390910148620605
loss_total = 12.413246154785156
loss_value = 0.9999805688858032
step = 495
value_mean = -0.9999703168869019
