entropy_mean = 4.2125725746154785
loss_policy = 4.322198867797852
loss_total = 10.893996238708496
loss_value = 1.0
step = 915
value_mean = 1.0
