entropy_mean = 1.7633867263793945
loss_policy = 1.944714069366455
loss_total = 7.971350193023682
loss_value = 1.0
step = 1434
value_mean = 1.0
