entropy_mean = 4.349249839782715
loss_policy = 5.4847259521484375
loss_total = 12.7416353225708
loss_value = 1.015334963798523
step = 506
value_mean = 0.9998478889465332
