entropy_mean = 4.147549629211426
loss_policy = 4.929623603820801
loss_total = 11.60410213470459
loss_value = 0.9765001535415649
step = 792
value_mean = -0.9999513626098633
