entropy_mean = 5.742076396942139
loss_policy = 5.694005012512207
loss_total = 12.921875
loss_value = 0.42234575748443604
step = 70
value_mean = -0.06097393110394478
