entropy_mean = 4.749044418334961
loss_policy = 4.992401123046875
loss_total = 11.803241729736328
loss_value = 1.0234375
step = 739
value_mean = -1.0
