entropy_mean = 4.121389865875244
loss_policy = 4.7243170738220215
loss_total = 11.240535736083984
loss_value = 0.9999997019767761
step = 939
value_mean = -0.9999998807907104
