entropy_mean = 5.105068206787109
loss_policy = 6.12158203125
loss_total = 13.867086410522461
loss_value = 1.015624761581421
step = 203
value_mean = 0.9999998807907104
