entropy_mean = 4.753222465515137
loss_policy = 5.216239929199219
loss_total = 12.252084732055664
loss_value = 0.9999997615814209
step = 615
value_mean = -0.9999998211860657
