entropy_mean = 4.398372650146484
loss_policy = 4.870643138885498
loss_total = 11.76379680633545
loss_value = 0.9795525670051575
step = 672
value_mean = 0.7569027543067932
