entropy_mean = 4.803726673126221
loss_policy = 5.624447345733643
loss_total = 13.11628246307373
loss_value = 0.9999997019767761
step = 371
value_mean = 0.9999998807907104
