entropy_mean = 5.480132579803467
loss_policy = 6.262594223022461
loss_total = 13.942422866821289
loss_value = 0.9999995231628418
step = 250
value_mean = 0.9999998807907104
