entropy_mean = 4.016601085662842
loss_policy = 4.864652156829834
loss_total = 11.39073371887207
loss_value = 1.0234366655349731
step = 949
value_mean = -0.9999995827674866
