entropy_mean = 2.289785146713257
loss_policy = 2.6258151531219482
loss_total = 8.664491653442383
loss_value = 1.0162525177001953
step = 1388
value_mean = -0.9869310259819031
