entropy_mean = 5.2547125816345215
loss_policy = 5.924519062042236
loss_total = 13.69726276397705
loss_value = 0.9999915957450867
step = 147
value_mean = 0.9999956488609314
