entropy_mean = 4.000688552856445
loss_policy = 4.894746780395508
loss_total = 11.505228042602539
loss_value = 0.9925611615180969
step = 852
value_mean = 0.9874593019485474
