entropy_mean = 3.9720566272735596
loss_policy = 4.230767250061035
loss_total = 10.591913223266602
loss_value = 0.9999959468841553
step = 1062
value_mean = -0.9999986886978149
