entropy_mean = 4.901620864868164
loss_policy = 6.317206382751465
loss_total = 14.00775146484375
loss_value = 1.0390617847442627
step = 278
value_mean = 0.9999996423721313
