entropy_mean = 5.14879035949707
loss_policy = 6.1142683029174805
loss_total = 13.768492698669434
loss_value = 1.007810115814209
step = 283
value_mean = 0.9999992847442627
