entropy_mean = 4.8187713623046875
loss_policy = 5.319890975952148
loss_total = 12.370464324951172
loss_value = 1.0
step = 608
value_mean = -1.0
