entropy_mean = 5.3203444480896
loss_policy = 5.837480545043945
loss_total = 13.466730117797852
loss_value = 0.9999982714653015
step = 298
value_mean = 0.9999992847442627
