entropy_mean = 4.133500099182129
loss_policy = 5.382780075073242
loss_total = 12.716161727905273
loss_value = 1.0234324932098389
step = 473
value_mean = 0.9999979734420776
