entropy_mean = 4.178146839141846
loss_policy = 4.498383522033691
loss_total = 10.991863250732422
loss_value = 0.9921869039535522
step = 950
value_mean = -0.9999998211860657
