entropy_mean = 4.344203472137451
loss_policy = 4.987119197845459
loss_total = 11.641851425170898
loss_value = 0.9914106726646423
step = 818
value_mean = 0.9200217723846436
