entropy_mean = 4.757689476013184
loss_policy = 5.461745738983154
loss_total = 13.045501708984375
loss_value = 0.9999931454658508
step = 327
value_mean = 0.9999964237213135
