entropy_mean = 4.821964263916016
loss_policy = 5.056447505950928
loss_total = 11.968746185302734
loss_value = 1.023270606994629
step = 683
value_mean = -0.9999991059303284
