entropy_mean = 4.7548322677612305
loss_policy = 5.18442440032959
loss_total = 12.643921852111816
loss_value = 1.0234367847442627
step = 402
value_mean = 0.9999995231628418
