entropy_mean = 4.8663482666015625
loss_policy = 5.290813446044922
loss_total = 12.653341293334961
loss_value = 1.023431658744812
step = 459
value_mean = 0.9999963045120239
