entropy_mean = 4.492626190185547
loss_policy = 4.453051567077637
loss_total = 10.872002601623535
loss_value = 0.9993817806243896
step = 1009
value_mean = -0.9996005892753601
