entropy_mean = 3.864668369293213
loss_policy = 4.5549492835998535
loss_total = 11.036552429199219
loss_value = 0.9921865463256836
step = 958
value_mean = -0.9999996423721313
