entropy_mean = 5.193132400512695
loss_policy = 5.95475959777832
loss_total = 13.611138343811035
loss_value = 1.0234358310699463
step = 295
value_mean = 0.9999986886978149
