entropy_mean = 5.322185516357422
loss_policy = 6.320586681365967
loss_total = 14.129962921142578
loss_value = 0.99195396900177
step = 14
value_mean = 0.9998756051063538
