entropy_mean = 3.3784399032592773
loss_policy = 3.7440638542175293
loss_total = 10.032590866088867
loss_value = 1.0211676359176636
step = 1150
value_mean = -0.9781569838523865
