entropy_mean = 4.131809234619141
loss_policy = 4.875942707061768
loss_total = 11.789823532104492
loss_value = 1.046875
step = 694
value_mean = -1.0
