entropy_mean = 2.5778260231018066
loss_policy = 2.79852294921875
loss_total = 8.625859260559082
loss_value = 0.8112505078315735
step = 1396
value_mean = 0.41502541303634644
