entropy_mean = 3.8556971549987793
loss_policy = 4.160484790802002
loss_total = 10.350374221801758
loss_value = 0.8466076850891113
step = 1078
value_mean = 0.043738435953855515
