entropy_mean = 4.962782859802246
loss_policy = 5.865973949432373
loss_total = 13.273067474365234
loss_value = 0.9999953508377075
step = 419
value_mean = 0.9999978542327881
