entropy_mean = 4.770513534545898
loss_policy = 5.71238899230957
loss_total = 13.103736877441406
loss_value = 0.9999974370002747
step = 430
value_mean = 0.9999991655349731
