entropy_mean = 4.838586807250977
loss_policy = 5.229276657104492
loss_total = 12.366010665893555
loss_value = 0.9921875
step = 563
value_mean = -1.0
