entropy_mean = 5.582685947418213
loss_policy = 5.748848915100098
loss_total = 13.359819412231445
loss_value = 0.9999984502792358
step = 311
value_mean = 0.9999992847442627
