entropy_mean = 5.228400230407715
loss_policy = 5.862020492553711
loss_total = 13.619697570800781
loss_value = 1.023435115814209
step = 198
value_mean = 0.9999990463256836
