entropy_mean = 3.1365058422088623
loss_policy = 3.2510733604431152
loss_total = 9.458008766174316
loss_value = 0.9999743700027466
step = 1203
value_mean = -0.9999889731407166
