entropy_mean = 5.271326065063477
loss_policy = 6.254128456115723
loss_total = 13.934961318969727
loss_value = 0.9999997615814209
step = 249
value_mean = 0.9999998807907104
