entropy_mean = 4.355956554412842
loss_policy = 5.530484676361084
loss_total = 12.949018478393555
loss_value = 1.0156224966049194
step = 422
value_mean = 0.999998152256012
