entropy_mean = 4.759922027587891
loss_policy = 4.914889335632324
loss_total = 11.813368797302246
loss_value = 1.046875
step = 702
value_mean = -1.0
