entropy_mean = 4.533761978149414
loss_policy = 5.023123264312744
loss_total = 11.917984008789062
loss_value = 0.9139782786369324
step = 640
value_mean = -0.1926548331975937
