entropy_mean = 5.376166343688965
loss_policy = 5.9775495529174805
loss_total = 13.769838333129883
loss_value = 1.0156240463256836
step = 142
value_mean = 0.9999995231628418
