entropy_mean = 5.329277992248535
loss_policy = 6.15579891204834
loss_total = 13.302788734436035
loss_value = 0.34677985310554504
step = 90
value_mean = -0.3560025691986084
