entropy_mean = 4.9771318435668945
loss_policy = 5.331669330596924
loss_total = 12.8572359085083
loss_value = 0.9921858906745911
step = 354
value_mean = 0.9999990463256836
