entropy_mean = 3.1559720039367676
loss_policy = 3.653751850128174
loss_total = 9.864153861999512
loss_value = 1.023436188697815
step = 1221
value_mean = -0.9999996423721313
