entropy_mean = 4.527074813842773
loss_policy = 5.1395263671875
loss_total = 12.301811218261719
loss_value = 1.0
step = 553
value_mean = -1.0
