entropy_mean = 4.249648094177246
loss_policy = 4.663591384887695
loss_total = 11.11752700805664
loss_value = 0.9921871423721313
step = 976
value_mean = -0.9999998211860657
