entropy_mean = 5.0489935874938965
loss_policy = 5.945124626159668
loss_total = 13.657430648803711
loss_value = 0.992186963558197
step = 214
value_mean = 0.9999997615814209
