entropy_mean = 2.582965612411499
loss_policy = 2.9626991748809814
loss_total = 9.013803482055664
loss_value = 1.0224725008010864
step = 1381
value_mean = -0.9683494567871094
