entropy_mean = 4.797334671020508
loss_policy = 4.797651290893555
loss_total = 11.62677001953125
loss_value = 1.0
step = 713
value_mean = -1.0
