entropy_mean = 4.015891075134277
loss_policy = 4.0870890617370605
loss_total = 10.417255401611328
loss_value = 0.9994455575942993
step = 1089
value_mean = -0.9999982714653015
