entropy_mean = 5.766657829284668
loss_policy = 5.807835578918457
loss_total = 13.435966491699219
loss_value = 1.0156221389770508
step = 310
value_mean = 0.9999986886978149
