entropy_mean = 4.169930458068848
loss_policy = 4.599148273468018
loss_total = 11.108826637268066
loss_value = 0.992186427116394
step = 938
value_mean = -0.9999994039535522
