entropy_mean = 5.008603572845459
loss_policy = 5.307317733764648
loss_total = 12.718751907348633
loss_value = 1.046872615814209
step = 446
value_mean = 0.9999987483024597
