entropy_mean = 5.395517349243164
loss_policy = 6.279974460601807
loss_total = 14.09661865234375
loss_value = 0.9996263384819031
step = 19
value_mean = 0.9997470378875732
