entropy_mean = 4.510826110839844
loss_policy = 5.145937919616699
loss_total = 11.891528129577637
loss_value = 1.0
step = 762
value_mean = -1.0
