entropy_mean = 3.116274833679199
loss_policy = 3.1724190711975098
loss_total = 9.304118156433105
loss_value = 0.999998927116394
step = 1272
value_mean = -0.9999992847442627
