entropy_mean = 5.268856048583984
loss_policy = 6.062595367431641
loss_total = 13.771238327026367
loss_value = 0.9921872615814209
step = 218
value_mean = 0.9999998807907104
