entropy_mean = 3.1041529178619385
loss_policy = 3.44081711769104
loss_total = 9.66230297088623
loss_value = 0.9921875
step = 1185
value_mean = -1.0
