entropy_mean = 5.045135498046875
loss_policy = 5.569587707519531
loss_total = 13.203839302062988
loss_value = 1.015622615814209
step = 306
value_mean = 0.9999985098838806
