entropy_mean = 4.378641128540039
loss_policy = 4.990489482879639
loss_total = 11.848965644836426
loss_value = 0.9385077953338623
step = 669
value_mean = -0.6869772672653198
