entropy_mean = 4.2149271965026855
loss_policy = 4.64206075668335
loss_total = 11.086227416992188
loss_value = 0.9921873807907104
step = 983
value_mean = -0.9999998807907104
