entropy_mean = 4.33461856842041
loss_policy = 4.79180908203125
loss_total = 11.27821159362793
loss_value = 0.8370818495750427
step = 828
value_mean = 0.24008014798164368
