entropy_mean = 5.548092842102051
loss_policy = 5.9159255027771
loss_total = 13.723989486694336
loss_value = 0.992495059967041
step = 29
value_mean = 0.9513264894485474
