entropy_mean = 4.476895809173584
loss_policy = 4.751562595367432
loss_total = 10.996047973632812
loss_value = 0.6037654280662537
step = 834
value_mean = 0.9924767017364502
