entropy_mean = 5.403026580810547
loss_policy = 6.224163055419922
loss_total = 13.953203201293945
loss_value = 0.999998927116394
step = 204
value_mean = 0.9999994039535522
