entropy_mean = 4.188981533050537
loss_policy = 5.266502380371094
loss_total = 11.857297897338867
loss_value = 0.9990686178207397
step = 876
value_mean = -0.9999412298202515
