entropy_mean = 4.474397659301758
loss_policy = 5.0301618576049805
loss_total = 12.33500862121582
loss_value = 1.0234215259552002
step = 488
value_mean = 0.9999926090240479
