entropy_mean = 4.289804458618164
loss_policy = 4.629042148590088
loss_total = 11.340675354003906
loss_value = 0.9999986290931702
step = 782
value_mean = -0.9999991655349731
