entropy_mean = 2.3428776264190674
loss_policy = 2.4318811893463135
loss_total = 8.452600479125977
loss_value = 1.0234344005584717
step = 1420
value_mean = -0.9999991655349731
