entropy_mean = 4.849687576293945
loss_policy = 5.232834815979004
loss_total = 12.32895278930664
loss_value = 0.9849966764450073
step = 580
value_mean = -0.9721156358718872
