entropy_mean = 4.534240245819092
loss_policy = 5.767324447631836
loss_total = 13.018411636352539
loss_value = 0.9999735355377197
step = 501
value_mean = 0.9999749064445496
