entropy_mean = 5.709539890289307
loss_policy = 6.086461067199707
loss_total = 13.861751556396484
loss_value = 0.9921798706054688
step = 133
value_mean = 0.9999967217445374
