entropy_mean = 4.288713455200195
loss_policy = 4.409976005554199
loss_total = 10.843597412109375
loss_value = 0.9921817183494568
step = 991
value_mean = -0.9999961853027344
