entropy_mean = 5.126643657684326
loss_policy = 6.1452436447143555
loss_total = 13.829242706298828
loss_value = 0.9921871423721313
step = 239
value_mean = 0.9999997019767761
