entropy_mean = 4.4432053565979
loss_policy = 5.0328168869018555
loss_total = 11.815353393554688
loss_value = 1.0
step = 742
value_mean = -1.0
