entropy_mean = 4.045985221862793
loss_policy = 4.347230434417725
loss_total = 10.740614891052246
loss_value = 0.9848672151565552
step = 1019
value_mean = -0.9734789729118347
