entropy_mean = 4.708991050720215
loss_policy = 5.267025470733643
loss_total = 12.038984298706055
loss_value = 0.8280683755874634
step = 656
value_mean = -0.10878384858369827
