entropy_mean = 4.893853187561035
loss_policy = 5.88905143737793
loss_total = 13.551217079162598
loss_value = 0.9999991059303284
step = 268
value_mean = 0.999999463558197
