entropy_mean = 3.9769630432128906
loss_policy = 6.06682825088501
loss_total = 13.525815963745117
loss_value = 0.9921865463256836
step = 384
value_mean = 0.9999996423721313
