entropy_mean = 4.579441070556641
loss_policy = 5.018594741821289
loss_total = 11.590177536010742
loss_value = 1.0
step = 897
value_mean = -1.0
