entropy_mean = 2.3116321563720703
loss_policy = 2.7650227546691895
loss_total = 8.788125991821289
loss_value = 1.0234323740005493
step = 1417
value_mean = -0.9999976754188538
