entropy_mean = 4.423551082611084
loss_policy = 5.090349197387695
loss_total = 11.643233299255371
loss_value = 0.8994554877281189
step = 825
value_mean = -0.0297008715569973
