entropy_mean = 4.626067638397217
loss_policy = 5.654619216918945
loss_total = 12.732904434204102
loss_value = 1.0234375
step = 606
value_mean = -1.0
