entropy_mean = 3.0641636848449707
loss_policy = 3.209954023361206
loss_total = 9.366752624511719
loss_value = 0.999997615814209
step = 1249
value_mean = -0.9999982118606567
