entropy_mean = 5.693033218383789
loss_policy = 6.248264312744141
loss_total = 14.009502410888672
loss_value = 0.9999992847442627
step = 163
value_mean = 0.9999996423721313
