entropy_mean = 2.93115234375
loss_policy = 3.153498649597168
loss_total = 9.28179931640625
loss_value = 0.9999970197677612
step = 1275
value_mean = -0.9999989867210388
