entropy_mean = 5.267996311187744
loss_policy = 6.095686435699463
loss_total = 13.781869888305664
loss_value = 0.9843740463256836
step = 231
value_mean = 0.9999994039535522
