entropy_mean = 3.4242660999298096
loss_policy = 3.4207444190979004
loss_total = 9.563451766967773
loss_value = 0.9999996423721313
step = 1262
value_mean = -0.9999997615814209
