entropy_mean = 2.7236218452453613
loss_policy = 3.1282660961151123
loss_total = 9.225728988647461
loss_value = 0.9999895095825195
step = 1306
value_mean = -0.9999958872795105
