entropy_mean = 4.617241859436035
loss_policy = 4.885025501251221
loss_total = 11.697479248046875
loss_value = 0.9921875
step = 718
value_mean = -1.0
