entropy_mean = 4.887102127075195
loss_policy = 6.647692680358887
loss_total = 14.428406715393066
loss_value = 0.9921321272850037
step = 123
value_mean = 0.9999814629554749
