entropy_mean = 5.244301795959473
loss_policy = 5.505673408508301
loss_total = 13.125835418701172
loss_value = 0.9999985694885254
step = 305
value_mean = 0.9999992847442627
