entropy_mean = 3.4809837341308594
loss_policy = 3.7794718742370605
loss_total = 10.059700965881348
loss_value = 1.0234375
step = 1160
value_mean = -1.0
