entropy_mean = 4.282203674316406
loss_policy = 4.6621174812316895
loss_total = 11.232759475708008
loss_value = 1.0
step = 898
value_mean = -1.0
