entropy_mean = 5.486040115356445
loss_policy = 5.848699569702148
loss_total = 12.885068893432617
loss_value = 0.23533587157726288
step = 87
value_mean = -0.12415216118097305
