entropy_mean = 4.9983344078063965
loss_policy = 5.77085542678833
loss_total = 13.491901397705078
loss_value = 0.9999990463256836
step = 213
value_mean = 0.9999994039535522
