entropy_mean = 2.5249667167663574
loss_policy = 2.707526683807373
loss_total = 8.756733894348145
loss_value = 0.9999854564666748
step = 1359
value_mean = -0.9999881982803345
