entropy_mean = 4.069529056549072
loss_policy = 4.605025291442871
loss_total = 11.051803588867188
loss_value = 0.9999991655349731
step = 987
value_mean = -0.9999984502792358
