entropy_mean = 5.575275897979736
loss_policy = 6.282812118530273
loss_total = 14.054153442382812
loss_value = 0.9555988311767578
step = 28
value_mean = 0.9397749900817871
