entropy_mean = 3.7161591053009033
loss_policy = 4.254960060119629
loss_total = 10.529525756835938
loss_value = 0.9290951490402222
step = 1076
value_mean = -0.4463285207748413
