entropy_mean = 2.533806800842285
loss_policy = 2.8761541843414307
loss_total = 8.900012016296387
loss_value = 1.0234243869781494
step = 1416
value_mean = -0.9999948740005493
