entropy_mean = 4.12544059753418
loss_policy = 4.432283401489258
loss_total = 10.819894790649414
loss_value = 0.9814155101776123
step = 1021
value_mean = -0.9191622734069824
