entropy_mean = 4.800736904144287
loss_policy = 4.909523963928223
loss_total = 11.660211563110352
loss_value = 0.8439468145370483
step = 675
value_mean = -0.7493438124656677
