entropy_mean = 3.815502643585205
loss_policy = 4.418950080871582
loss_total = 10.767168998718262
loss_value = 0.9669018983840942
step = 1044
value_mean = -0.7586793899536133
