entropy_mean = 4.472702980041504
loss_policy = 5.7060370445251465
loss_total = 12.86145305633545
loss_value = 1.0
step = 557
value_mean = -1.0
