entropy_mean = 2.5804386138916016
loss_policy = 2.9278721809387207
loss_total = 8.95011043548584
loss_value = 0.9916691184043884
step = 1379
value_mean = -0.9625496864318848
