entropy_mean = 4.626272678375244
loss_policy = 5.159055709838867
loss_total = 11.742998123168945
loss_value = 1.0
step = 884
value_mean = -1.0
