entropy_mean = 4.485326290130615
loss_policy = 4.922107696533203
loss_total = 11.96788215637207
loss_value = 1.0386931896209717
step = 628
value_mean = -0.9995509386062622
