entropy_mean = 5.6211442947387695
loss_policy = 5.856167316436768
loss_total = 13.684486389160156
loss_value = 1.0357416868209839
step = 116
value_mean = 0.9981681704521179
