entropy_mean = 4.544333457946777
loss_policy = 4.775732517242432
loss_total = 11.317228317260742
loss_value = 0.9455398321151733
step = 872
value_mean = 0.9914402961730957
