entropy_mean = 4.128788948059082
loss_policy = 4.654892921447754
loss_total = 11.114967346191406
loss_value = 0.853003740310669
step = 862
value_mean = -0.36905142664909363
