entropy_mean = 4.096976280212402
loss_policy = 5.0562615394592285
loss_total = 11.677572250366211
loss_value = 1.046875
step = 894
value_mean = -1.0
