entropy_mean = 4.352940559387207
loss_policy = 5.180346488952637
loss_total = 12.084281921386719
loss_value = 0.9561069011688232
step = 654
value_mean = -0.7068830728530884
