entropy_mean = 2.9159598350524902
loss_policy = 3.029418706893921
loss_total = 9.095999717712402
loss_value = 0.9999793767929077
step = 1341
value_mean = -0.9999901056289673
