entropy_mean = 3.592052936553955
loss_policy = 3.968329429626465
loss_total = 10.222688674926758
loss_value = 0.9891271591186523
step = 1152
value_mean = -0.9753507971763611
