entropy_mean = 5.527061462402344
loss_policy = 5.941818714141846
loss_total = 13.59190559387207
loss_value = 0.9921867847442627
step = 272
value_mean = 0.9999995827674866
