entropy_mean = 5.8721795082092285
loss_policy = 5.987939357757568
loss_total = 13.762463569641113
loss_value = 1.0234370231628418
step = 178
value_mean = 0.9999997019767761
