entropy_mean = 3.4779627323150635
loss_policy = 3.978281259536743
loss_total = 10.277128219604492
loss_value = 0.9995574951171875
step = 1120
value_mean = -0.9995257258415222
