entropy_mean = 4.178277969360352
loss_policy = 4.653229713439941
loss_total = 11.112005233764648
loss_value = 0.9999973773956299
step = 978
value_mean = -0.9999971389770508
