entropy_mean = 4.66390323638916
loss_policy = 5.612448692321777
loss_total = 12.846881866455078
loss_value = 0.999744176864624
step = 510
value_mean = 0.9998764991760254
