entropy_mean = 4.8932576179504395
loss_policy = 5.945525646209717
loss_total = 13.207283020019531
loss_value = 0.9999948740005493
step = 496
value_mean = 0.9999980330467224
