entropy_mean = 5.785515785217285
loss_policy = 5.909493923187256
loss_total = 13.436735153198242
loss_value = 0.7164198756217957
step = 49
value_mean = 0.15387745201587677
