entropy_mean = 3.0937047004699707
loss_policy = 3.3828835487365723
loss_total = 9.621805191040039
loss_value = 1.0234375
step = 1196
value_mean = -1.0
