entropy_mean = 5.21390438079834
loss_policy = 6.267074108123779
loss_total = 13.88339614868164
loss_value = 0.9921869039535522
step = 302
value_mean = 0.9999995827674866
