entropy_mean = 3.435089588165283
loss_policy = 3.7205123901367188
loss_total = 10.031145095825195
loss_value = 0.999998152256012
step = 1109
value_mean = -0.9999958276748657
