entropy_mean = 4.438623428344727
loss_policy = 4.861930847167969
loss_total = 11.55748462677002
loss_value = 0.9765622019767761
step = 777
value_mean = -0.9999997615814209
