entropy_mean = 3.3935441970825195
loss_policy = 3.4662609100341797
loss_total = 9.597099304199219
loss_value = 1.0234344005584717
step = 1295
value_mean = -0.9999973773956299
