entropy_mean = 4.164068698883057
loss_policy = 5.325586318969727
loss_total = 12.649621963500977
loss_value = 1.023429274559021
step = 478
value_mean = 0.9999933242797852
