entropy_mean = 3.784996747970581
loss_policy = 4.080382347106934
loss_total = 10.397195816040039
loss_value = 0.9999988079071045
step = 1102
value_mean = -0.9999996423721313
