entropy_mean = 3.3144140243530273
loss_policy = 3.4190592765808105
loss_total = 9.523069381713867
loss_value = 1.023437261581421
step = 1325
value_mean = -0.9999998807907104
