entropy_mean = 4.967442035675049
loss_policy = 5.571675777435303
loss_total = 12.998065948486328
loss_value = 0.9921864867210388
step = 403
value_mean = 0.9999995231628418
