entropy_mean = 4.625311851501465
loss_policy = 5.371206283569336
loss_total = 12.726755142211914
loss_value = 0.9999978542327881
step = 451
value_mean = 0.9999986886978149
