entropy_mean = 3.7810423374176025
loss_policy = 3.833796739578247
loss_total = 10.112984657287598
loss_value = 0.9998713731765747
step = 1139
value_mean = -0.9688224792480469
