entropy_mean = 4.258319854736328
loss_policy = 4.761838436126709
loss_total = 11.571170806884766
loss_value = 1.0
step = 725
value_mean = -1.0
