entropy_mean = 5.006976127624512
loss_policy = 5.352034091949463
loss_total = 12.895380020141602
loss_value = 1.0390620231628418
step = 366
value_mean = 0.9999998807907104
