entropy_mean = 4.692646026611328
loss_policy = 5.485884189605713
loss_total = 12.341546058654785
loss_value = 0.9174047112464905
step = 659
value_mean = 0.6706317663192749
