entropy_mean = 4.136157512664795
loss_policy = 4.397592544555664
loss_total = 10.783382415771484
loss_value = 1.0011887550354004
step = 1041
value_mean = -0.952529788017273
