entropy_mean = 4.454487323760986
loss_policy = 5.076828956604004
loss_total = 11.977059364318848
loss_value = 1.0234375
step = 689
value_mean = -1.0
