entropy_mean = 5.36128044128418
loss_policy = 6.046225547790527
loss_total = 13.674200057983398
loss_value = 0.9999974370002747
step = 299
value_mean = 0.9999991655349731
