entropy_mean = 5.343590259552002
loss_policy = 6.290657043457031
loss_total = 14.024559020996094
loss_value = 1.0156242847442627
step = 216
value_mean = 0.9999997615814209
