entropy_mean = 4.025920391082764
loss_policy = 4.475007057189941
loss_total = 10.871759414672852
loss_value = 0.9998323917388916
step = 1029
value_mean = 0.999912440776825
