entropy_mean = 4.938483715057373
loss_policy = 5.211184501647949
loss_total = 12.645052909851074
loss_value = 1.0468735694885254
step = 433
value_mean = 0.9999993443489075
