entropy_mean = 4.5320234298706055
loss_policy = 5.45328426361084
loss_total = 12.630301475524902
loss_value = 1.0234375
step = 558
value_mean = -1.0
