entropy_mean = 4.437877655029297
loss_policy = 4.942042827606201
loss_total = 11.91657829284668
loss_value = 0.9799461364746094
step = 634
value_mean = -0.8827937841415405
