entropy_mean = 5.85325813293457
loss_policy = 6.163668632507324
loss_total = 13.976768493652344
loss_value = 1.022801399230957
step = 120
value_mean = 0.9998234510421753
