entropy_mean = 5.687323570251465
loss_policy = 6.2674031257629395
loss_total = 14.074562072753906
loss_value = 1.0234347581863403
step = 132
value_mean = 0.9999988079071045
