entropy_mean = 4.919216156005859
loss_policy = 5.575721263885498
loss_total = 13.214658737182617
loss_value = 1.0468745231628418
step = 322
value_mean = 0.9999997019767761
