entropy_mean = 4.532078742980957
loss_policy = 4.819215774536133
loss_total = 11.528898239135742
loss_value = 0.9843749403953552
step = 773
value_mean = -0.9999998807907104
