entropy_mean = 3.324260711669922
loss_policy = 3.7924933433532715
loss_total = 10.108399391174316
loss_value = 0.9999993443489075
step = 1103
value_mean = -0.9999997615814209
