entropy_mean = 4.64073371887207
loss_policy = 5.143594741821289
loss_total = 12.026487350463867
loss_value = 0.9499997496604919
step = 662
value_mean = 0.8668966889381409
