entropy_mean = 4.189584732055664
loss_policy = 4.848366737365723
loss_total = 11.538938522338867
loss_value = 1.0155894756317139
step = 810
value_mean = 0.999993622303009
