entropy_mean = 5.539037227630615
loss_policy = 5.793829917907715
loss_total = 13.319533348083496
loss_value = 0.713843584060669
step = 45
value_mean = -0.036035601049661636
