entropy_mean = 4.202802658081055
loss_policy = 4.583348274230957
loss_total = 11.228900909423828
loss_value = 1.0076329708099365
step = 836
value_mean = 0.9999989867210388
