entropy_mean = 5.203098297119141
loss_policy = 5.369912147521973
loss_total = 12.928778648376465
loss_value = 1.0234363079071045
step = 353
value_mean = 0.9999995231628418
