entropy_mean = 4.735809326171875
loss_policy = 4.875207901000977
loss_total = 11.540938377380371
loss_value = 0.9921871423721313
step = 811
value_mean = 0.9999998211860657
