entropy_mean = 4.2421417236328125
loss_policy = 5.4560546875
loss_total = 13.03299331665039
loss_value = 1.0156209468841553
step = 339
value_mean = 0.9999985694885254
