entropy_mean = 4.348844528198242
loss_policy = 5.415099620819092
loss_total = 12.53191089630127
loss_value = 0.9997739195823669
step = 577
value_mean = -0.9998564720153809
