entropy_mean = 5.7683610916137695
loss_policy = 6.2036919593811035
loss_total = 13.951133728027344
loss_value = 0.9999997019767761
step = 183
value_mean = 0.9999998807907104
