entropy_mean = 3.650865077972412
loss_policy = 4.563728332519531
loss_total = 10.998586654663086
loss_value = 0.9999657869338989
step = 996
value_mean = -0.9999774098396301
