entropy_mean = 4.216681480407715
loss_policy = 4.513223648071289
loss_total = 10.770942687988281
loss_value = 0.9223262667655945
step = 1085
value_mean = 0.6898071765899658
