entropy_mean = 4.865457534790039
loss_policy = 5.321728706359863
loss_total = 12.675142288208008
loss_value = 0.9999977350234985
step = 452
value_mean = 0.9999980330467224
