entropy_mean = 3.512577533721924
loss_policy = 3.526853322982788
loss_total = 9.803519248962402
loss_value = 0.9921866059303284
step = 1134
value_mean = -0.9999996423721313
