entropy_mean = 4.530529499053955
loss_policy = 4.921652793884277
loss_total = 11.524072647094727
loss_value = 0.9232891798019409
step = 807
value_mean = 0.999542236328125
