entropy_mean = 2.6543588638305664
loss_policy = 2.9855797290802
loss_total = 9.061017990112305
loss_value = 0.9999942779541016
step = 1331
value_mean = -0.9999934434890747
