entropy_mean = 3.466588258743286
loss_policy = 3.471567153930664
loss_total = 9.661809921264648
loss_value = 0.9921873807907104
step = 1211
value_mean = -0.9999998807907104
