entropy_mean = 4.378954887390137
loss_policy = 4.9658379554748535
loss_total = 11.381152153015137
loss_value = 0.8060499429702759
step = 860
value_mean = -0.018498223274946213
