entropy_mean = 6.126070976257324
loss_policy = 6.101040363311768
loss_total = 13.873123168945312
loss_value = 1.0156246423721313
step = 170
value_mean = 0.9999998211860657
