entropy_mean = 3.6225366592407227
loss_policy = 3.585688591003418
loss_total = 9.780343055725098
loss_value = 1.0
step = 1214
value_mean = -1.0
