entropy_mean = 2.754939556121826
loss_policy = 3.030249834060669
loss_total = 9.08617115020752
loss_value = 0.9921857118606567
step = 1344
value_mean = -0.9999991655349731
