entropy_mean = 3.180856704711914
loss_policy = 3.2000112533569336
loss_total = 9.351518630981445
loss_value = 0.9999995231628418
step = 1254
value_mean = -0.9999998807907104
