entropy_mean = 3.0781431198120117
loss_policy = 3.2242019176483154
loss_total = 9.425076484680176
loss_value = 1.0703039169311523
step = 1273
value_mean = -0.9999986886978149
