entropy_mean = 3.3558599948883057
loss_policy = 3.4606165885925293
loss_total = 9.630331039428711
loss_value = 0.989415168762207
step = 1227
value_mean = -0.9867727756500244
