entropy_mean = 4.963109016418457
loss_policy = 5.469815254211426
loss_total = 12.246488571166992
loss_value = 0.8791166543960571
step = 679
value_mean = -0.5753180980682373
