entropy_mean = 5.535601615905762
loss_policy = 5.747769355773926
loss_total = 13.169822692871094
loss_value = 1.0234304666519165
step = 425
value_mean = 0.9999973177909851
