entropy_mean = 4.133388519287109
loss_policy = 4.573309421539307
loss_total = 10.969244003295898
loss_value = 0.9885931611061096
step = 1020
value_mean = -0.9621435403823853
