entropy_mean = 5.531275749206543
loss_policy = 6.227612495422363
loss_total = 14.007245063781738
loss_value = 0.9999986290931702
step = 138
value_mean = 0.999999463558197
