entropy_mean = 5.355562686920166
loss_policy = 5.836052894592285
loss_total = 12.83775806427002
loss_value = 0.20387086272239685
step = 100
value_mean = 0.24231363832950592
