entropy_mean = 5.0205230712890625
loss_policy = 5.672600746154785
loss_total = 13.321483612060547
loss_value = 1.0234365463256836
step = 301
value_mean = 0.9999995231628418
