entropy_mean = 4.619851112365723
loss_policy = 5.157725811004639
loss_total = 11.970073699951172
loss_value = 1.0
step = 723
value_mean = -1.0
