entropy_mean = 5.780826568603516
loss_policy = 7.8554534912109375
loss_total = 15.687755584716797
loss_value = 1.014631748199463
step = 6
value_mean = 0.9994843006134033
