entropy_mean = 4.972051620483398
loss_policy = 5.270263195037842
loss_total = 12.056722640991211
loss_value = 0.8230120539665222
step = 647
value_mean = 0.7600802779197693
