entropy_mean = 4.169804573059082
loss_policy = 5.0076446533203125
loss_total = 11.5967378616333
loss_value = 1.015625
step = 895
value_mean = -1.0
