entropy_mean = 4.537136077880859
loss_policy = 4.845426559448242
loss_total = 11.706437110900879
loss_value = 1.0703125
step = 737
value_mean = -1.0
