entropy_mean = 3.3714122772216797
loss_policy = 3.6536529064178467
loss_total = 9.82744026184082
loss_value = 0.9999986886978149
step = 1233
value_mean = -0.9999996423721313
