entropy_mean = 6.141714096069336
loss_policy = 6.110021114349365
loss_total = 13.81480884552002
loss_value = 0.9921864867210388
step = 222
value_mean = 0.9999995231628418
