entropy_mean = 3.7005250453948975
loss_policy = 4.2376508712768555
loss_total = 10.660706520080566
loss_value = 0.9999544620513916
step = 1006
value_mean = -0.999976396560669
