entropy_mean = 4.789451599121094
loss_policy = 5.215980529785156
loss_total = 12.303716659545898
loss_value = 1.023429036140442
step = 602
value_mean = -1.0
