entropy_mean = 4.169212818145752
loss_policy = 5.398027420043945
loss_total = 11.96843147277832
loss_value = 0.9921875
step = 890
value_mean = -1.0
