entropy_mean = 4.0410590171813965
loss_policy = 4.134149074554443
loss_total = 10.324241638183594
loss_value = 0.8478842973709106
step = 1079
value_mean = 0.8445875644683838
