entropy_mean = 5.331524848937988
loss_policy = 5.8371195793151855
loss_total = 13.441286087036133
loss_value = 0.9999996423721313
step = 315
value_mean = 0.9999998807907104
