entropy_mean = 3.6578073501586914
loss_policy = 4.035009860992432
loss_total = 10.355085372924805
loss_value = 1.0218570232391357
step = 1121
value_mean = -0.9697104692459106
