entropy_mean = 3.519118547439575
loss_policy = 3.5230655670166016
loss_total = 9.707809448242188
loss_value = 1.0234375
step = 1245
value_mean = -1.0
