entropy_mean = 5.56108283996582
loss_policy = 5.935971736907959
loss_total = 13.703523635864258
loss_value = 1.0234360694885254
step = 187
value_mean = 0.9999995231628418
