entropy_mean = 3.0335965156555176
loss_policy = 3.5128626823425293
loss_total = 9.658744812011719
loss_value = 0.9999992847442627
step = 1259
value_mean = -0.9999998807907104
