entropy_mean = 5.612905979156494
loss_policy = 5.803638458251953
loss_total = 13.60983943939209
loss_value = 1.0105550289154053
step = 109
value_mean = -0.9952666759490967
