entropy_mean = 2.7617292404174805
loss_policy = 2.782114267349243
loss_total = 8.823833465576172
loss_value = 0.999218761920929
step = 1366
value_mean = -0.9992052912712097
