entropy_mean = 4.4398980140686035
loss_policy = 5.026941299438477
loss_total = 12.301048278808594
loss_value = 0.9843364357948303
step = 484
value_mean = 0.9999791979789734
