entropy_mean = 3.914489984512329
loss_policy = 4.553385257720947
loss_total = 11.001458168029785
loss_value = 0.9999989867210388
step = 986
value_mean = -0.9999991655349731
