entropy_mean = 5.400932312011719
loss_policy = 6.054650783538818
loss_total = 13.856405258178711
loss_value = 0.984637439250946
step = 18
value_mean = 0.9896904230117798
