entropy_mean = 4.586947441101074
loss_policy = 4.092710018157959
loss_total = 10.431164741516113
loss_value = 0.9636574387550354
step = 1050
value_mean = 0.6910275816917419
