entropy_mean = 5.599306106567383
loss_policy = 5.9585371017456055
loss_total = 13.715481758117676
loss_value = 0.9921868443489075
step = 158
value_mean = 0.9999997615814209
