entropy_mean = 4.321500301361084
loss_policy = 4.547292709350586
loss_total = 11.069709777832031
loss_value = 0.9999995231628418
step = 934
value_mean = -0.999999463558197
