entropy_mean = 2.806596279144287
loss_policy = 3.364875078201294
loss_total = 9.498775482177734
loss_value = 0.9999998807907104
step = 1270
value_mean = -0.9999999403953552
