entropy_mean = 4.694589614868164
loss_policy = 5.384904861450195
loss_total = 12.441974639892578
loss_value = 1.0
step = 605
value_mean = -1.0
