entropy_mean = 3.9981467723846436
loss_policy = 4.431889057159424
loss_total = 10.951858520507812
loss_value = 0.9999995827674866
step = 936
value_mean = -0.9999997615814209
