entropy_mean = 3.569326400756836
loss_policy = 3.850771903991699
loss_total = 10.08430290222168
loss_value = 0.9843749403953552
step = 1167
value_mean = -1.0
