entropy_mean = 2.5711159706115723
loss_policy = 2.892568588256836
loss_total = 8.897689819335938
loss_value = 0.983527660369873
step = 1389
value_mean = -0.919967770576477
