entropy_mean = 5.3250322341918945
loss_policy = 5.794883728027344
loss_total = 13.529644966125488
loss_value = 0.9843747615814209
step = 179
value_mean = 0.9999998807907104
