entropy_mean = 4.109722137451172
loss_policy = 5.4788947105407715
loss_total = 12.865412712097168
loss_value = 0.9921849966049194
step = 428
value_mean = 0.9999984502792358
