entropy_mean = 5.841475963592529
loss_policy = 5.966388702392578
loss_total = 13.633031845092773
loss_value = 0.9999984502792358
step = 264
value_mean = 0.9999994039535522
