entropy_mean = 5.834688186645508
loss_policy = 5.87155818939209
loss_total = 13.5921049118042
loss_value = 0.92745041847229
step = 115
value_mean = 0.9941347241401672
