entropy_mean = 4.2271623611450195
loss_policy = 4.649123191833496
loss_total = 11.164083480834961
loss_value = 1.0
step = 940
value_mean = -1.0
