entropy_mean = 2.638807773590088
loss_policy = 2.8941571712493896
loss_total = 8.904787063598633
loss_value = 0.9873559474945068
step = 1387
value_mean = -0.987058162689209
