entropy_mean = 5.527130603790283
loss_policy = 5.791431427001953
loss_total = 13.04515266418457
loss_value = 0.44914478063583374
step = 74
value_mean = 0.1970156729221344
