entropy_mean = 4.137241363525391
loss_policy = 4.607057571411133
loss_total = 11.1685152053833
loss_value = 1.0
step = 906
value_mean = -1.0
