entropy_mean = 4.187563419342041
loss_policy = 4.472941875457764
loss_total = 11.030472755432129
loss_value = 1.0234373807907104
step = 925
value_mean = -1.0
