entropy_mean = 5.647368431091309
loss_policy = 5.82896614074707
loss_total = 13.463154792785645
loss_value = 0.8401299715042114
step = 113
value_mean = 0.015311121940612793
