entropy_mean = 3.9944264888763428
loss_policy = 4.121509552001953
loss_total = 10.414314270019531
loss_value = 0.9019383192062378
step = 1035
value_mean = -0.8748721480369568
