entropy_mean = 3.914795398712158
loss_policy = 4.056862831115723
loss_total = 10.370948791503906
loss_value = 1.0
step = 1105
value_mean = -1.0
