entropy_mean = 4.165380477905273
loss_policy = 5.001997947692871
loss_total = 11.817756652832031
loss_value = 1.0234375
step = 736
value_mean = -1.0
