entropy_mean = 4.764177322387695
loss_policy = 6.518451690673828
loss_total = 14.219755172729492
loss_value = 1.0234375
step = 252
value_mean = 1.0
