entropy_mean = 4.512833595275879
loss_policy = 5.219099998474121
loss_total = 12.353930473327637
loss_value = 1.0078120231628418
step = 572
value_mean = -0.9999992847442627
