entropy_mean = 2.725973129272461
loss_policy = 2.8953845500946045
loss_total = 8.904562950134277
loss_value = 0.999998152256012
step = 1405
value_mean = -0.9999994039535522
