entropy_mean = 3.4693331718444824
loss_policy = 3.708340644836426
loss_total = 10.019112586975098
loss_value = 1.0156883001327515
step = 1124
value_mean = -0.9414233565330505
