entropy_mean = 5.297070503234863
loss_policy = 5.728167533874512
loss_total = 13.513141632080078
loss_value = 0.9999973177909851
step = 130
value_mean = 0.9999986886978149
