entropy_mean = 4.138282775878906
loss_policy = 4.6781744956970215
loss_total = 11.200551986694336
loss_value = 0.9921875
step = 928
value_mean = -1.0
