entropy_mean = 3.071660280227661
loss_policy = 3.151268720626831
loss_total = 9.307518005371094
loss_value = 1.0234366655349731
step = 1271
value_mean = -0.9999986886978149
