entropy_mean = 3.862236499786377
loss_policy = 5.187797546386719
loss_total = 11.549614906311035
loss_value = 0.7606315612792969
step = 867
value_mean = -0.6514813303947449
