entropy_mean = 3.91798996925354
loss_policy = 4.996311187744141
loss_total = 12.366188049316406
loss_value = 0.9999986886978149
step = 443
value_mean = 0.9999994039535522
