entropy_mean = 5.40440034866333
loss_policy = 6.094086647033691
loss_total = 13.833074569702148
loss_value = 1.0234371423721313
step = 219
value_mean = 0.9999998211860657
