entropy_mean = 4.392145156860352
loss_policy = 5.6609206199646
loss_total = 12.927396774291992
loss_value = 0.9999903440475464
step = 494
value_mean = 0.9999964237213135
