entropy_mean = 3.472078323364258
loss_policy = 3.4094998836517334
loss_total = 9.554316520690918
loss_value = 0.9999995827674866
step = 1260
value_mean = -0.9999998807907104
