entropy_mean = 3.5882632732391357
loss_policy = 3.9552485942840576
loss_total = 10.298101425170898
loss_value = 0.9759523868560791
step = 1057
value_mean = -0.998843789100647
