entropy_mean = 3.9857821464538574
loss_policy = 4.453359127044678
loss_total = 10.916003227233887
loss_value = 0.9921839237213135
step = 970
value_mean = -0.9999983906745911
