entropy_mean = 3.364434242248535
loss_policy = 3.857386589050293
loss_total = 10.136560440063477
loss_value = 0.9895443320274353
step = 1129
value_mean = -0.9644562005996704
