entropy_mean = 2.3975491523742676
loss_policy = 2.532992362976074
loss_total = 8.551097869873047
loss_value = 1.0234375
step = 1423
value_mean = -1.0
