entropy_mean = 5.152589797973633
loss_policy = 5.804044723510742
loss_total = 13.41793441772461
loss_value = 1.0234370231628418
step = 323
value_mean = 0.9999997615814209
