entropy_mean = 3.436718463897705
loss_policy = 3.5433874130249023
loss_total = 9.814263343811035
loss_value = 0.9991897344589233
step = 1146
value_mean = -0.9674984216690063
