entropy_mean = 5.197380542755127
loss_policy = 6.656498908996582
loss_total = 14.30223560333252
loss_value = 0.992184579372406
step = 276
value_mean = 0.9999987483024597
