entropy_mean = 5.765329360961914
loss_policy = 5.981195449829102
loss_total = 13.700737953186035
loss_value = 0.9052499532699585
step = 35
value_mean = 0.6753150224685669
