entropy_mean = 5.435995101928711
loss_policy = 5.601327419281006
loss_total = 13.235438346862793
loss_value = 0.9999988675117493
step = 294
value_mean = 0.9999991655349731
