entropy_mean = 5.493381977081299
loss_policy = 6.012884140014648
loss_total = 13.648117065429688
loss_value = 0.9999995827674866
step = 293
value_mean = 0.9999997615814209
