entropy_mean = 3.3294708728790283
loss_policy = 3.5212721824645996
loss_total = 9.708130836486816
loss_value = 1.023437261581421
step = 1243
value_mean = -0.9999998807907104
