entropy_mean = 3.4662246704101562
loss_policy = 4.095211505889893
loss_total = 10.399626731872559
loss_value = 0.9177322387695312
step = 1039
value_mean = -0.7951074838638306
