entropy_mean = 4.6277594566345215
loss_policy = 4.93968391418457
loss_total = 11.622248649597168
loss_value = 0.9892812967300415
step = 796
value_mean = -0.9971591234207153
