entropy_mean = 5.653360366821289
loss_policy = 5.859165668487549
loss_total = 13.192201614379883
loss_value = 0.5246217250823975
step = 58
value_mean = -0.6499655246734619
