entropy_mean = 3.804297685623169
loss_policy = 4.165331840515137
loss_total = 10.514569282531738
loss_value = 0.9604814052581787
step = 1037
value_mean = -0.9460528492927551
