entropy_mean = 5.6957526206970215
loss_policy = 5.892591953277588
loss_total = 13.551578521728516
loss_value = 0.9999992847442627
step = 271
value_mean = 0.9999997615814209
