entropy_mean = 5.006931781768799
loss_policy = 4.747656345367432
loss_total = 11.704586029052734
loss_value = 0.966816782951355
step = 636
value_mean = -0.6850696802139282
