entropy_mean = 4.381657600402832
loss_policy = 4.782327651977539
loss_total = 11.580826759338379
loss_value = 1.0
step = 732
value_mean = -1.0
