entropy_mean = 4.962287902832031
loss_policy = 5.458724021911621
loss_total = 12.483242988586426
loss_value = 1.015437364578247
step = 627
value_mean = -0.9998854994773865
