entropy_mean = 4.250561714172363
loss_policy = 5.1051788330078125
loss_total = 11.936208724975586
loss_value = 1.0
step = 712
value_mean = -1.0
