entropy_mean = 5.534449100494385
loss_policy = 5.827126502990723
loss_total = 13.609587669372559
loss_value = 0.9909974336624146
step = 118
value_mean = 0.999704122543335
