entropy_mean = 4.127542972564697
loss_policy = 4.514138221740723
loss_total = 10.89084529876709
loss_value = 0.9828434586524963
step = 1032
value_mean = 0.8743383884429932
