entropy_mean = 4.981119155883789
loss_policy = 5.162217140197754
loss_total = 12.394091606140137
loss_value = 1.0234375
step = 525
value_mean = -1.0
