entropy_mean = 5.0049309730529785
loss_policy = 5.638755798339844
loss_total = 13.070721626281738
loss_value = 0.992186427116394
step = 400
value_mean = 0.999999463558197
