entropy_mean = 2.933486223220825
loss_policy = 3.0516695976257324
loss_total = 9.16457748413086
loss_value = 1.0234366655349731
step = 1315
value_mean = -0.9999991655349731
