entropy_mean = 3.6494524478912354
loss_policy = 3.7212820053100586
loss_total = 9.963165283203125
loss_value = 0.9999984502792358
step = 1174
value_mean = -0.9999994039535522
