entropy_mean = 5.56712007522583
loss_policy = 6.132636547088623
loss_total = 13.777914047241211
loss_value = 0.9999985694885254
step = 284
value_mean = 0.999999463558197
