entropy_mean = 3.6297147274017334
loss_policy = 4.226998329162598
loss_total = 10.594806671142578
loss_value = 0.9749437570571899
step = 1033
value_mean = 0.47078776359558105
