entropy_mean = 5.756274223327637
loss_policy = 6.056497573852539
loss_total = 13.858847618103027
loss_value = 1.0234367847442627
step = 139
value_mean = 0.9999996423721313
