entropy_mean = 5.518022537231445
loss_policy = 5.737384796142578
loss_total = 13.351421356201172
loss_value = 0.9999960660934448
step = 309
value_mean = 0.9999983310699463
