entropy_mean = 5.236218452453613
loss_policy = 5.677502632141113
loss_total = 12.99804401397705
loss_value = 0.9921848773956299
step = 464
value_mean = 0.999998927116394
