entropy_mean = 4.225520133972168
loss_policy = 4.935238361358643
loss_total = 11.700667381286621
loss_value = 1.0
step = 752
value_mean = -1.0
