entropy_mean = 5.653133392333984
loss_policy = 5.665225028991699
loss_total = 13.217342376708984
loss_value = 0.741023063659668
step = 48
value_mean = 0.2564380168914795
