entropy_mean = 4.860566139221191
loss_policy = 5.120003700256348
loss_total = 12.100971221923828
loss_value = 0.9821563363075256
step = 632
value_mean = -0.9353753328323364
