entropy_mean = 2.7299036979675293
loss_policy = 3.0449233055114746
loss_total = 9.163142204284668
loss_value = 1.0234342813491821
step = 1309
value_mean = -0.9999988079071045
