entropy_mean = 2.6193504333496094
loss_policy = 2.9872543811798096
loss_total = 9.049991607666016
loss_value = 0.9999964237213135
step = 1345
value_mean = -0.999997615814209
