entropy_mean = 4.526299953460693
loss_policy = 4.977588176727295
loss_total = 11.79464340209961
loss_value = 1.0
step = 720
value_mean = -1.0
