entropy_mean = 3.3446004390716553
loss_policy = 3.5464987754821777
loss_total = 9.746788024902344
loss_value = 0.9921438694000244
step = 1202
value_mean = -0.9999872446060181
