entropy_mean = 5.207611083984375
loss_policy = 6.14469575881958
loss_total = 13.955623626708984
loss_value = 1.023400068283081
step = 125
value_mean = 0.9999860525131226
