entropy_mean = 3.414699077606201
loss_policy = 3.680063009262085
loss_total = 9.861289978027344
loss_value = 0.9997649192810059
step = 1226
value_mean = -0.9995990991592407
