entropy_mean = 5.238960266113281
loss_policy = 6.186766624450684
loss_total = 13.926289558410645
loss_value = 0.9999988079071045
step = 192
value_mean = 0.9999992847442627
