entropy_mean = 5.6971282958984375
loss_policy = 5.966925621032715
loss_total = 13.741223335266113
loss_value = 0.9999988079071045
step = 145
value_mean = 0.9999995231628418
