entropy_mean = 4.276017665863037
loss_policy = 4.450756072998047
loss_total = 10.997886657714844
loss_value = 1.0156245231628418
step = 927
value_mean = -0.9999997019767761
