entropy_mean = 5.122354507446289
loss_policy = 5.8423919677734375
loss_total = 13.540427207946777
loss_value = 0.992184579372406
step = 228
value_mean = 0.9999985694885254
