entropy_mean = 4.299959182739258
loss_policy = 4.463201522827148
loss_total = 10.949226379394531
loss_value = 0.9999984502792358
step = 960
value_mean = -0.9999988079071045
