entropy_mean = 5.8240156173706055
loss_policy = 6.173157691955566
loss_total = 13.88818359375
loss_value = 0.9921860694885254
step = 211
value_mean = 0.9999992847442627
