entropy_mean = 5.674381256103516
loss_policy = 6.127131938934326
loss_total = 13.886119842529297
loss_value = 0.9921870231628418
step = 155
value_mean = 0.9999997615814209
