entropy_mean = 5.153809547424316
loss_policy = 5.037585258483887
loss_total = 12.172554016113281
loss_value = 0.9999831318855286
step = 568
value_mean = -0.9999823570251465
