entropy_mean = 5.737639427185059
loss_policy = 6.383365631103516
loss_total = 14.083893775939941
loss_value = 0.9999979138374329
step = 232
value_mean = 0.9999992251396179
