entropy_mean = 4.735469818115234
loss_policy = 5.124451637268066
loss_total = 11.635725021362305
loss_value = 0.8647830486297607
step = 830
value_mean = 0.26778435707092285
