entropy_mean = 4.923666477203369
loss_policy = 5.657331943511963
loss_total = 12.846534729003906
loss_value = 1.0
step = 536
value_mean = -1.0
