entropy_mean = 5.4096832275390625
loss_policy = 5.86215353012085
loss_total = 12.809416770935059
loss_value = 0.14677302539348602
step = 89
value_mean = -0.5408539175987244
