entropy_mean = 4.5724897384643555
loss_policy = 4.981151580810547
loss_total = 11.834702491760254
loss_value = 1.0
step = 701
value_mean = -1.0
