entropy_mean = 2.9429116249084473
loss_policy = 2.9269394874572754
loss_total = 9.004914283752441
loss_value = 0.9999996423721313
step = 1328
value_mean = -0.9999997019767761
