entropy_mean = 3.8857474327087402
loss_policy = 4.198670387268066
loss_total = 10.444013595581055
loss_value = 0.8673281669616699
step = 1047
value_mean = 0.7986017465591431
