entropy_mean = 4.847564697265625
loss_policy = 5.691981315612793
loss_total = 13.26521110534668
loss_value = 1.0156227350234985
step = 341
value_mean = 0.9999985694885254
