entropy_mean = 3.7373275756835938
loss_policy = 3.8974077701568604
loss_total = 10.210599899291992
loss_value = 0.999990701675415
step = 1106
value_mean = -0.999980092048645
