entropy_mean = 4.162866115570068
loss_policy = 5.267155647277832
loss_total = 11.920032501220703
loss_value = 1.0372121334075928
step = 854
value_mean = 0.9747954607009888
