entropy_mean = 3.944723129272461
loss_policy = 4.56392765045166
loss_total = 11.100558280944824
loss_value = 0.9999998807907104
step = 923
value_mean = -0.9999998807907104
