entropy_mean = 2.8115334510803223
loss_policy = 2.6552352905273438
loss_total = 8.658011436462402
loss_value = 0.9904286861419678
step = 1401
value_mean = -0.9999668002128601
