entropy_mean = 4.122771263122559
loss_policy = 5.7889628410339355
loss_total = 13.201936721801758
loss_value = 0.9921821355819702
step = 410
value_mean = 0.9999970197677612
