entropy_mean = 4.993913173675537
loss_policy = 5.535285949707031
loss_total = 13.042064666748047
loss_value = 1.0234373807907104
step = 375
value_mean = 0.9999998807907104
