entropy_mean = 4.293338775634766
loss_policy = 4.975472927093506
loss_total = 11.731213569641113
loss_value = 0.9921873807907104
step = 753
value_mean = -0.9999998807907104
