entropy_mean = 3.521859884262085
loss_policy = 4.251767635345459
loss_total = 10.563485145568848
loss_value = 0.9921874403953552
step = 1099
value_mean = -0.9999999403953552
