entropy_mean = 2.474198818206787
loss_policy = 2.471027374267578
loss_total = 8.492557525634766
loss_value = 1.0234272480010986
step = 1419
value_mean = -0.9999973773956299
