entropy_mean = 4.417433261871338
loss_policy = 4.703479290008545
loss_total = 11.179797172546387
loss_value = 0.9999755620956421
step = 966
value_mean = -0.9999722242355347
