entropy_mean = 4.6361083984375
loss_policy = 5.237957954406738
loss_total = 12.334686279296875
loss_value = 0.9912631511688232
step = 583
value_mean = -0.8594263792037964
