entropy_mean = 4.3934783935546875
loss_policy = 5.119279861450195
loss_total = 12.613037109375
loss_value = 0.9921872615814209
step = 367
value_mean = 1.0
