entropy_mean = 3.57590651512146
loss_policy = 4.127251148223877
loss_total = 10.497211456298828
loss_value = 1.0076775550842285
step = 1061
value_mean = -0.9999159574508667
