entropy_mean = 4.532355308532715
loss_policy = 4.717648983001709
loss_total = 11.253114700317383
loss_value = 0.9921875
step = 918
value_mean = -1.0
