entropy_mean = 4.805052757263184
loss_policy = 5.327569007873535
loss_total = 12.661153793334961
loss_value = 0.9843577146530151
step = 454
value_mean = 0.9999862909317017
