entropy_mean = 3.1354589462280273
loss_policy = 3.1197116374969482
loss_total = 9.212796211242676
loss_value = 0.9999966025352478
step = 1311
value_mean = -0.9999985694885254
