entropy_mean = 4.271974086761475
loss_policy = 4.794394016265869
loss_total = 11.666719436645508
loss_value = 1.046875
step = 715
value_mean = -1.0
