entropy_mean = 5.28861665725708
loss_policy = 5.878948211669922
loss_total = 13.447854995727539
loss_value = 0.9921825528144836
step = 331
value_mean = 0.9999979138374329
