entropy_mean = 4.45255184173584
loss_policy = 5.043032169342041
loss_total = 11.589387893676758
loss_value = 0.8888766765594482
step = 822
value_mean = 0.43817734718322754
