entropy_mean = 4.394462585449219
loss_policy = 4.942898750305176
loss_total = 11.705100059509277
loss_value = 0.9843693971633911
step = 745
value_mean = -0.9999988675117493
