entropy_mean = 5.6226372718811035
loss_policy = 6.067425727844238
loss_total = 13.319219589233398
loss_value = 0.4453427195549011
step = 66
value_mean = -0.6343659162521362
