entropy_mean = 4.270232200622559
loss_policy = 5.026751518249512
loss_total = 12.145848274230957
loss_value = 0.9999979734420776
step = 576
value_mean = -0.999998927116394
