entropy_mean = 3.0025811195373535
loss_policy = 3.247195243835449
loss_total = 9.368376731872559
loss_value = 0.9999983906745911
step = 1281
value_mean = -0.999998927116394
