entropy_mean = 2.8864593505859375
loss_policy = 2.845771312713623
loss_total = 8.854159355163574
loss_value = 0.9999995231628418
step = 1406
value_mean = -0.9999998807907104
