entropy_mean = 4.8111042976379395
loss_policy = 5.808866024017334
loss_total = 13.113048553466797
loss_value = 0.9999953508377075
step = 476
value_mean = 0.9999972581863403
