entropy_mean = 4.194182395935059
loss_policy = 5.208568572998047
loss_total = 12.679052352905273
loss_value = 0.9999990463256836
step = 382
value_mean = 0.999999463558197
