entropy_mean = 3.3346710205078125
loss_policy = 4.018793106079102
loss_total = 10.315324783325195
loss_value = 0.9921072125434875
step = 1115
value_mean = -0.9531376361846924
