entropy_mean = 3.5348849296569824
loss_policy = 3.5858821868896484
loss_total = 9.819988250732422
loss_value = 0.9999998807907104
step = 1181
value_mean = -0.9999998807907104
