entropy_mean = 5.5666093826293945
loss_policy = 5.7815022468566895
loss_total = 12.759900093078613
loss_value = 0.17988061904907227
step = 97
value_mean = -0.6244828701019287
