entropy_mean = 4.054157733917236
loss_policy = 4.719262599945068
loss_total = 11.27436637878418
loss_value = 0.9921875
step = 905
value_mean = -1.0
