entropy_mean = 4.156337261199951
loss_policy = 4.636787414550781
loss_total = 11.033430099487305
loss_value = 0.9837449193000793
step = 1015
value_mean = -0.9993477463722229
