entropy_mean = 5.104743957519531
loss_policy = 5.745447635650635
loss_total = 13.516603469848633
loss_value = 0.9999991655349731
step = 149
value_mean = 0.9999997019767761
