entropy_mean = 4.009872913360596
loss_policy = 4.555675506591797
loss_total = 10.988039016723633
loss_value = 0.9998814463615417
step = 998
value_mean = -0.9999171495437622
