entropy_mean = 5.0797271728515625
loss_policy = 5.404111862182617
loss_total = 12.935431480407715
loss_value = 0.9999983310699463
step = 355
value_mean = 0.9999994039535522
