entropy_mean = 5.5208635330200195
loss_policy = 5.787262916564941
loss_total = 13.439208030700684
loss_value = 1.015620470046997
step = 292
value_mean = 0.9999980330467224
