entropy_mean = 4.692855358123779
loss_policy = 5.136706829071045
loss_total = 12.283114433288574
loss_value = 0.9999998807907104
step = 562
value_mean = -0.9999999403953552
