entropy_mean = 3.7261598110198975
loss_policy = 4.453457355499268
loss_total = 10.887107849121094
loss_value = 0.9999911785125732
step = 997
value_mean = -0.9999935626983643
