entropy_mean = 5.182537078857422
loss_policy = 5.930203437805176
loss_total = 13.545767784118652
loss_value = 0.9999970197677612
step = 308
value_mean = 0.9999983310699463
