entropy_mean = 4.736661911010742
loss_policy = 5.008196830749512
loss_total = 11.855558395385742
loss_value = 1.0
step = 704
value_mean = -1.0
