entropy_mean = 4.298457145690918
loss_policy = 4.519491195678711
loss_total = 11.066329956054688
loss_value = 1.046875
step = 951
value_mean = -1.0
