entropy_mean = 4.941385269165039
loss_policy = 6.3755784034729
loss_total = 13.808648109436035
loss_value = 1.0156182050704956
step = 412
value_mean = 0.9999955892562866
