entropy_mean = 4.358913421630859
loss_policy = 4.487275123596191
loss_total = 10.878181457519531
loss_value = 0.9960317611694336
step = 1031
value_mean = 0.9858413934707642
