entropy_mean = 5.130983829498291
loss_policy = 5.2539448738098145
loss_total = 12.766302108764648
loss_value = 0.9999991655349731
step = 363
value_mean = 0.9999995231628418
