entropy_mean = 3.3641862869262695
loss_policy = 3.9873123168945312
loss_total = 10.322071075439453
loss_value = 0.9666879177093506
step = 1056
value_mean = -0.9080869555473328
