entropy_mean = 5.9238786697387695
loss_policy = 5.910385608673096
loss_total = 13.10544204711914
loss_value = 0.39536967873573303
step = 92
value_mean = 0.5609723329544067
