entropy_mean = 4.696625709533691
loss_policy = 5.063910484313965
loss_total = 12.079521179199219
loss_value = 1.0189181566238403
step = 633
value_mean = -0.9905670881271362
