entropy_mean = 4.1415629386901855
loss_policy = 6.199437618255615
loss_total = 13.61075496673584
loss_value = 0.9999942779541016
step = 416
value_mean = 0.9999983310699463
