entropy_mean = 3.422018051147461
loss_policy = 3.7516913414001465
loss_total = 9.924084663391113
loss_value = 0.9843709468841553
step = 1220
value_mean = -0.9999899864196777
