entropy_mean = 5.770020008087158
loss_policy = 6.369806289672852
loss_total = 14.026615142822266
loss_value = 0.9999995231628418
step = 273
value_mean = 0.9999995827674866
