entropy_mean = 2.537476062774658
loss_policy = 2.7782139778137207
loss_total = 8.803825378417969
loss_value = 1.0156018733978271
step = 1404
value_mean = -0.9999939203262329
