entropy_mean = 3.2725772857666016
loss_policy = 3.7625908851623535
loss_total = 9.938636779785156
loss_value = 1.0234358310699463
step = 1253
value_mean = -0.9999994039535522
