entropy_mean = 5.773447513580322
loss_policy = 5.880920886993408
loss_total = 13.14944839477539
loss_value = 0.46113321185112
step = 62
value_mean = 0.4480780065059662
