entropy_mean = 3.249293327331543
loss_policy = 3.4318175315856934
loss_total = 9.578733444213867
loss_value = 0.9921855330467224
step = 1251
value_mean = -0.9999977946281433
