entropy_mean = 3.0860257148742676
loss_policy = 3.217564582824707
loss_total = 9.357967376708984
loss_value = 1.0156242847442627
step = 1278
value_mean = -0.9999997019767761
