entropy_mean = 5.6434125900268555
loss_policy = 6.044973850250244
loss_total = 13.789594650268555
loss_value = 0.992186963558197
step = 176
value_mean = 0.9999997615814209
