entropy_mean = 5.80776834487915
loss_policy = 5.868673801422119
loss_total = 12.912781715393066
loss_value = 0.24165713787078857
step = 82
value_mean = 0.08771932125091553
