entropy_mean = 4.615078926086426
loss_policy = 4.922113418579102
loss_total = 11.777519226074219
loss_value = 1.0
step = 700
value_mean = -1.0
