entropy_mean = 3.986078977584839
loss_policy = 4.0959553718566895
loss_total = 10.381436347961426
loss_value = 0.9999938011169434
step = 1133
value_mean = -0.9843804836273193
