entropy_mean = 4.58242130279541
loss_policy = 4.900369167327881
loss_total = 11.957719802856445
loss_value = 0.9536619186401367
step = 584
value_mean = -0.6196128726005554
