entropy_mean = 2.6003258228302
loss_policy = 3.296703815460205
loss_total = 9.479169845581055
loss_value = 1.023437261581421
step = 1247
value_mean = -0.9999998211860657
