entropy_mean = 5.599738121032715
loss_policy = 5.972574234008789
loss_total = 13.79113483428955
loss_value = 1.0026500225067139
step = 27
value_mean = 0.9278000593185425
