entropy_mean = 2.578110456466675
loss_policy = 2.916485071182251
loss_total = 8.959919929504395
loss_value = 0.9999871253967285
step = 1365
value_mean = -0.9999880194664001
