entropy_mean = 2.4113903045654297
loss_policy = 2.811607837677002
loss_total = 8.815892219543457
loss_value = 0.9999997019767761
step = 1411
value_mean = -0.9999999403953552
