entropy_mean = 5.689303398132324
loss_policy = 6.276782989501953
loss_total = 14.081899642944336
loss_value = 0.9884501695632935
step = 22
value_mean = 0.9881846904754639
