entropy_mean = 4.250280380249023
loss_policy = 5.143501281738281
loss_total = 11.994062423706055
loss_value = 1.015625
step = 710
value_mean = -1.0
