entropy_mean = 4.8660736083984375
loss_policy = 6.160586833953857
loss_total = 13.32894229888916
loss_value = 1.0
step = 549
value_mean = -1.0
