entropy_mean = 5.476092338562012
loss_policy = 6.380812644958496
loss_total = 14.144935607910156
loss_value = 0.9921866655349731
step = 148
value_mean = 0.9999997019767761
