entropy_mean = 3.123018741607666
loss_policy = 3.421661138534546
loss_total = 9.549678802490234
loss_value = 1.0234289169311523
step = 1298
value_mean = -0.9999954700469971
