entropy_mean = 5.820364952087402
loss_policy = 5.973203182220459
loss_total = 13.763644218444824
loss_value = 0.9945052862167358
step = 108
value_mean = -0.99018394947052
