entropy_mean = 4.423282623291016
loss_policy = 4.88713264465332
loss_total = 11.694381713867188
loss_value = 0.71334308385849
step = 589
value_mean = -0.3587301969528198
