entropy_mean = 4.513026714324951
loss_policy = 4.989528656005859
loss_total = 11.754621505737305
loss_value = 1.0234354734420776
step = 764
value_mean = -0.9999983906745911
