entropy_mean = 4.062990665435791
loss_policy = 6.070630073547363
loss_total = 13.483413696289062
loss_value = 0.9999926090240479
step = 415
value_mean = 0.9999975562095642
