entropy_mean = 5.459888935089111
loss_policy = 5.821269989013672
loss_total = 13.401403427124023
loss_value = 0.9999967217445374
step = 329
value_mean = 0.9999979734420776
