entropy_mean = 5.829761505126953
loss_policy = 6.031795024871826
loss_total = 13.099842071533203
loss_value = 0.26907986402511597
step = 95
value_mean = 0.42242637276649475
