entropy_mean = 4.631799697875977
loss_policy = 4.757335662841797
loss_total = 11.260658264160156
loss_value = 0.9921872615814209
step = 943
value_mean = -0.9999998807907104
