entropy_mean = 4.7094011306762695
loss_policy = 5.420094013214111
loss_total = 12.635786056518555
loss_value = 0.9982420206069946
step = 520
value_mean = 0.998091459274292
