entropy_mean = 5.723866939544678
loss_policy = 5.978451728820801
loss_total = 13.74359130859375
loss_value = 0.9510870575904846
step = 36
value_mean = 0.5339996218681335
