entropy_mean = 3.768193244934082
loss_policy = 4.0527663230896
loss_total = 10.340261459350586
loss_value = 1.0
step = 1131
value_mean = -1.0
