entropy_mean = 3.379767894744873
loss_policy = 3.510910987854004
loss_total = 9.673295974731445
loss_value = 1.0
step = 1244
value_mean = -1.0
