entropy_mean = 4.434029579162598
loss_policy = 4.639076232910156
loss_total = 11.11317253112793
loss_value = 1.0234375
step = 984
value_mean = -1.0
