entropy_mean = 4.531669616699219
loss_policy = 5.0588250160217285
loss_total = 12.005768775939941
loss_value = 0.978545069694519
step = 645
value_mean = -0.5477633476257324
