entropy_mean = 5.058611869812012
loss_policy = 5.658751487731934
loss_total = 13.114394187927246
loss_value = 0.999998927116394
step = 391
value_mean = 0.9999994039535522
