entropy_mean = 4.492384433746338
loss_policy = 5.159692287445068
loss_total = 12.372068405151367
loss_value = 0.9912316203117371
step = 518
value_mean = 0.9992423057556152
