entropy_mean = 4.304749965667725
loss_policy = 5.138927459716797
loss_total = 11.768082618713379
loss_value = 0.9673639535903931
step = 819
value_mean = 0.8605090975761414
