entropy_mean = 5.731039524078369
loss_policy = 5.899364471435547
loss_total = 13.657669067382812
loss_value = 0.9921869039535522
step = 156
value_mean = 0.9999997019767761
