entropy_mean = 5.389950275421143
loss_policy = 5.946457862854004
loss_total = 13.497944831848145
loss_value = 0.9843725562095642
step = 336
value_mean = 0.9999985098838806
