entropy_mean = 3.199721336364746
loss_policy = 4.212680339813232
loss_total = 10.539588928222656
loss_value = 1.0
step = 1092
value_mean = -1.0
