entropy_mean = 2.858119249343872
loss_policy = 3.020561695098877
loss_total = 9.142929077148438
loss_value = 0.9999977350234985
step = 1280
value_mean = -0.9999986886978149
