entropy_mean = 3.618380069732666
loss_policy = 3.633535146713257
loss_total = 9.825950622558594
loss_value = 0.9921872615814209
step = 1209
value_mean = -0.9999997019767761
