entropy_mean = 2.7375502586364746
loss_policy = 3.2075533866882324
loss_total = 9.329325675964355
loss_value = 1.0234313011169434
step = 1305
value_mean = -0.9999971389770508
