entropy_mean = 2.5660810470581055
loss_policy = 2.798142671585083
loss_total = 8.869352340698242
loss_value = 0.9999997019767761
step = 1336
value_mean = -0.9999997615814209
