entropy_mean = 4.387035369873047
loss_policy = 4.9764814376831055
loss_total = 11.68368148803711
loss_value = 0.9999889731407166
step = 785
value_mean = -0.9999922513961792
