entropy_mean = 4.534243583679199
loss_policy = 5.418458938598633
loss_total = 12.503702163696289
loss_value = 1.0234375
step = 603
value_mean = -1.0
