entropy_mean = 4.584526062011719
loss_policy = 4.855629920959473
loss_total = 11.660038948059082
loss_value = 1.0234375
step = 743
value_mean = -1.0
