entropy_mean = 3.234299898147583
loss_policy = 3.515634536743164
loss_total = 9.669322967529297
loss_value = 0.9999978542327881
step = 1252
value_mean = -0.999998927116394
