entropy_mean = 4.278165817260742
loss_policy = 4.761942386627197
loss_total = 11.569517135620117
loss_value = 1.0234369039535522
step = 741
value_mean = -0.9999996423721313
