entropy_mean = 5.683234214782715
loss_policy = 5.874176025390625
loss_total = 13.429533958435059
loss_value = 0.7466832399368286
step = 57
value_mean = 0.17700138688087463
