entropy_mean = 2.6687355041503906
loss_policy = 3.014608860015869
loss_total = 9.12373161315918
loss_value = 1.023432731628418
step = 1319
value_mean = -0.9999969005584717
