entropy_mean = 3.1999924182891846
loss_policy = 3.6190760135650635
loss_total = 9.785046577453613
loss_value = 1.0156246423721313
step = 1255
value_mean = -0.9999998807907104
