entropy_mean = 5.499570369720459
loss_policy = 5.893134593963623
loss_total = 13.59626293182373
loss_value = 0.9999991059303284
step = 230
value_mean = 0.9999993443489075
