entropy_mean = 3.9497318267822266
loss_policy = 3.921175241470337
loss_total = 10.18691635131836
loss_value = 1.0228197574615479
step = 1173
value_mean = -0.9986366033554077
