entropy_mean = 4.044231414794922
loss_policy = 5.315924167633057
loss_total = 12.533578872680664
loss_value = 1.0234375
step = 533
value_mean = -1.0
