entropy_mean = 3.9601809978485107
loss_policy = 3.6992850303649902
loss_total = 9.974888801574707
loss_value = 1.015676498413086
step = 1157
value_mean = -0.9978306293487549
