entropy_mean = 4.112318992614746
loss_policy = 4.727896690368652
loss_total = 11.093316078186035
loss_value = 0.7572460174560547
step = 861
value_mean = 0.1648821234703064
