entropy_mean = 3.1941256523132324
loss_policy = 3.13789701461792
loss_total = 8.926901817321777
loss_value = 0.7714263200759888
step = 1394
value_mean = 0.0304613895714283
