entropy_mean = 4.585629463195801
loss_policy = 4.857718467712402
loss_total = 11.64682388305664
loss_value = 1.0
step = 738
value_mean = -1.0
