entropy_mean = 4.144244194030762
loss_policy = 4.280567646026611
loss_total = 10.619546890258789
loss_value = 0.9801458120346069
step = 1064
value_mean = -0.9772726893424988
