entropy_mean = 4.8528971672058105
loss_policy = 5.330987453460693
loss_total = 12.407064437866211
loss_value = 1.023409366607666
step = 607
value_mean = -0.9999836683273315
