entropy_mean = 5.34376335144043
loss_policy = 5.853374004364014
loss_total = 13.602299690246582
loss_value = 0.9999993443489075
step = 181
value_mean = 0.9999995827674866
