entropy_mean = 3.01279878616333
loss_policy = 3.2876458168029785
loss_total = 9.41476058959961
loss_value = 0.9999956488609314
step = 1276
value_mean = -0.9999978542327881
