entropy_mean = 5.3173723220825195
loss_policy = 5.860286712646484
loss_total = 13.268800735473633
loss_value = 0.999997615814209
step = 418
value_mean = 0.9999990463256836
