entropy_mean = 4.113080978393555
loss_policy = 4.63670539855957
loss_total = 11.370283126831055
loss_value = 1.023435354232788
step = 783
value_mean = -0.9999982118606567
