entropy_mean = 4.6180338859558105
loss_policy = 4.840124130249023
loss_total = 11.65121841430664
loss_value = 1.015625
step = 734
value_mean = -1.0
