entropy_mean = 4.601572513580322
loss_policy = 4.714323043823242
loss_total = 11.410941123962402
loss_value = 1.0107280015945435
step = 802
value_mean = -0.9862654209136963
