entropy_mean = 5.763950347900391
loss_policy = 5.871121406555176
loss_total = 13.315319061279297
loss_value = 0.6336499452590942
step = 50
value_mean = -0.39729177951812744
