entropy_mean = 3.5789284706115723
loss_policy = 4.341535568237305
loss_total = 10.750783920288086
loss_value = 0.9919213652610779
step = 1011
value_mean = -0.9999364614486694
