entropy_mean = 2.504209518432617
loss_policy = 2.8396270275115967
loss_total = 8.905426979064941
loss_value = 1.015608310699463
step = 1358
value_mean = -0.9999921321868896
