entropy_mean = 3.040830135345459
loss_policy = 3.2240405082702637
loss_total = 9.360461235046387
loss_value = 1.0234370231628418
step = 1289
value_mean = -0.9999998211860657
