entropy_mean = 4.4941325187683105
loss_policy = 4.933276176452637
loss_total = 11.840067863464355
loss_value = 0.9189940690994263
step = 637
value_mean = -0.24886971712112427
