entropy_mean = 4.038809776306152
loss_policy = 5.79905366897583
loss_total = 13.013359069824219
loss_value = 1.0234375
step = 535
value_mean = -1.0
