entropy_mean = 3.5933895111083984
loss_policy = 4.320406436920166
loss_total = 10.743391990661621
loss_value = 1.0663827657699585
step = 1066
value_mean = -0.9926691651344299
