entropy_mean = 5.581325054168701
loss_policy = 5.746898651123047
loss_total = 12.780715942382812
loss_value = 0.2289564609527588
step = 73
value_mean = 0.3937495946884155
