entropy_mean = 4.410579681396484
loss_policy = 4.621289253234863
loss_total = 11.531356811523438
loss_value = 1.046875
step = 696
value_mean = -1.0
