entropy_mean = 3.14603853225708
loss_policy = 2.947209119796753
loss_total = 8.919437408447266
loss_value = 0.9591348171234131
step = 1400
value_mean = -0.9996404647827148
