entropy_mean = 2.4826810359954834
loss_policy = 2.9135098457336426
loss_total = 8.9348783493042
loss_value = 0.9917879700660706
step = 1380
value_mean = -0.984440803527832
