entropy_mean = 4.672780990600586
loss_policy = 5.08942985534668
loss_total = 12.122901916503906
loss_value = 0.9524006247520447
step = 595
value_mean = 0.8546785116195679
