entropy_mean = 4.28778076171875
loss_policy = 4.853231906890869
loss_total = 11.421737670898438
loss_value = 0.9921875
step = 892
value_mean = -1.0
