entropy_mean = 4.72747802734375
loss_policy = 5.303897857666016
loss_total = 12.446589469909668
loss_value = 0.9999998807907104
step = 564
value_mean = -0.9999998807907104
