entropy_mean = 4.676435947418213
loss_policy = 5.59210205078125
loss_total = 12.839143753051758
loss_value = 0.9998637437820435
step = 503
value_mean = 0.9998983144760132
