entropy_mean = 4.361410140991211
loss_policy = 4.746525764465332
loss_total = 11.48634147644043
loss_value = 0.9921860694885254
step = 761
value_mean = -0.9999994039535522
