entropy_mean = 5.809064865112305
loss_policy = 6.322508811950684
loss_total = 14.178339958190918
loss_value = 1.0393011569976807
step = 23
value_mean = 0.9932225942611694
