entropy_mean = 3.1750550270080566
loss_policy = 3.1433377265930176
loss_total = 9.236465454101562
loss_value = 0.9921823740005493
step = 1302
value_mean = -0.9999956488609314
