entropy_mean = 3.8237295150756836
loss_policy = 4.214420318603516
loss_total = 10.571870803833008
loss_value = 0.9997478127479553
step = 1065
value_mean = -0.9998563528060913
