entropy_mean = 5.528611183166504
loss_policy = 6.166848659515381
loss_total = 13.934319496154785
loss_value = 0.9999986886978149
step = 154
value_mean = 0.9999994039535522
