entropy_mean = 4.967053413391113
loss_policy = 5.734760761260986
loss_total = 13.523797988891602
loss_value = 0.9998831152915955
step = 122
value_mean = 0.9999696016311646
