entropy_mean = 5.099862098693848
loss_policy = 5.539651393890381
loss_total = 13.031089782714844
loss_value = 1.015623688697815
step = 379
value_mean = 0.9999994039535522
