entropy_mean = 4.30521821975708
loss_policy = 5.203457832336426
loss_total = 11.793152809143066
loss_value = 0.9999988079071045
step = 878
value_mean = -1.0
