entropy_mean = 4.99796724319458
loss_policy = 4.854184150695801
loss_total = 11.551942825317383
loss_value = 1.0200366973876953
step = 808
value_mean = 0.9994667768478394
