entropy_mean = 5.7047858238220215
loss_policy = 5.927000522613525
loss_total = 13.246404647827148
loss_value = 0.5134286880493164
step = 68
value_mean = -0.10714739561080933
