entropy_mean = 2.9144301414489746
loss_policy = 3.3204262256622314
loss_total = 9.458724975585938
loss_value = 1.0234163999557495
step = 1287
value_mean = -0.9999929666519165
