entropy_mean = 5.541748046875
loss_policy = 5.849888801574707
loss_total = 12.975407600402832
loss_value = 0.3281328082084656
step = 102
value_mean = -0.10554821789264679
