entropy_mean = 5.910212516784668
loss_policy = 6.233448028564453
loss_total = 14.03781795501709
loss_value = 0.9881449937820435
step = 25
value_mean = 0.973876416683197
