entropy_mean = 4.641366004943848
loss_policy = 5.468539237976074
loss_total = 12.748523712158203
loss_value = 0.992143988609314
step = 485
value_mean = 0.9999833106994629
