entropy_mean = 4.673329830169678
loss_policy = 5.54801082611084
loss_total = 12.776002883911133
loss_value = 0.9997691512107849
step = 514
value_mean = 0.9999189972877502
