entropy_mean = 5.568549156188965
loss_policy = 6.017183303833008
loss_total = 12.962150573730469
loss_value = 0.14735737442970276
step = 101
value_mean = -0.49334245920181274
