entropy_mean = 4.301953315734863
loss_policy = 4.46294641494751
loss_total = 10.934231758117676
loss_value = 0.8665421009063721
step = 864
value_mean = 0.07052014023065567
