entropy_mean = 4.883777618408203
loss_policy = 5.771938323974609
loss_total = 13.458123207092285
loss_value = 0.9999990463256836
step = 244
value_mean = 0.9999994039535522
