entropy_mean = 2.5051121711730957
loss_policy = 2.73690128326416
loss_total = 8.764026641845703
loss_value = 1.015540599822998
step = 1402
value_mean = -0.9999940395355225
