entropy_mean = 3.0370469093322754
loss_policy = 3.5623393058776855
loss_total = 9.769791603088379
loss_value = 0.9843740463256836
step = 1190
value_mean = -0.9999992847442627
