entropy_mean = 2.5309906005859375
loss_policy = 2.6956729888916016
loss_total = 8.717207908630371
loss_value = 0.9845263361930847
step = 1372
value_mean = -0.956443190574646
