entropy_mean = 2.8161325454711914
loss_policy = 2.8510940074920654
loss_total = 8.853059768676758
loss_value = 0.9999986886978149
step = 1414
value_mean = -0.9999982714653015
