entropy_mean = 3.930471420288086
loss_policy = 4.28591775894165
loss_total = 10.699628829956055
loss_value = 0.9918127655982971
step = 1007
value_mean = -0.9996680617332458
