entropy_mean = 2.9539713859558105
loss_policy = 3.250819683074951
loss_total = 9.358842849731445
loss_value = 0.9921817779541016
step = 1286
value_mean = -0.999997615814209
