entropy_mean = 4.23645544052124
loss_policy = 4.519954681396484
loss_total = 11.018321990966797
loss_value = 1.0156248807907104
step = 962
value_mean = -0.9999998211860657
