entropy_mean = 4.554135322570801
loss_policy = 5.260519504547119
loss_total = 12.085236549377441
loss_value = 0.8636386394500732
step = 648
value_mean = 0.7758954763412476
