entropy_mean = 4.154328346252441
loss_policy = 5.005677223205566
loss_total = 12.112615585327148
loss_value = 0.9918841123580933
step = 578
value_mean = -0.971464991569519
