entropy_mean = 2.7933592796325684
loss_policy = 2.661621570587158
loss_total = 8.725292205810547
loss_value = 1.0230740308761597
step = 1368
value_mean = -0.9998611211776733
