entropy_mean = 3.686134099960327
loss_policy = 3.823497772216797
loss_total = 10.048248291015625
loss_value = 1.0234375
step = 1208
value_mean = -1.0
