entropy_mean = 4.627730846405029
loss_policy = 5.113470077514648
loss_total = 11.994300842285156
loss_value = 1.0
step = 687
value_mean = -1.0
