entropy_mean = 3.7635154724121094
loss_policy = 3.7537479400634766
loss_total = 10.061859130859375
loss_value = 0.999332070350647
step = 1111
value_mean = -0.9991440773010254
