entropy_mean = 4.710392475128174
loss_policy = 4.997961044311523
loss_total = 11.91250991821289
loss_value = 1.023403525352478
step = 682
value_mean = -0.9999997615814209
