entropy_mean = 3.9566762447357178
loss_policy = 4.711671829223633
loss_total = 11.3125
loss_value = 0.9840394854545593
step = 853
value_mean = 0.9993157982826233
