entropy_mean = 3.612981081008911
loss_policy = 3.465053081512451
loss_total = 9.657087326049805
loss_value = 1.0234375
step = 1238
value_mean = -1.0
