entropy_mean = 3.1581950187683105
loss_policy = 2.998589515686035
loss_total = 9.062789916992188
loss_value = 1.0226538181304932
step = 1367
value_mean = -0.9993412494659424
