entropy_mean = 5.671014785766602
loss_policy = 5.784731864929199
loss_total = 13.203182220458984
loss_value = 0.6102993488311768
step = 59
value_mean = -0.874043881893158
