entropy_mean = 4.170165061950684
loss_policy = 4.617664813995361
loss_total = 11.186361312866211
loss_value = 1.0
step = 900
value_mean = -1.0
