entropy_mean = 3.3852996826171875
loss_policy = 3.4472310543060303
loss_total = 9.562923431396484
loss_value = 1.0156214237213135
step = 1303
value_mean = -0.9999955892562866
