entropy_mean = 4.8232526779174805
loss_policy = 5.23753547668457
loss_total = 12.282492637634277
loss_value = 0.9575231671333313
step = 592
value_mean = 0.8708935976028442
