entropy_mean = 4.491840362548828
loss_policy = 5.037457466125488
loss_total = 11.851377487182617
loss_value = 1.0
step = 722
value_mean = -1.0
