entropy_mean = 3.600050926208496
loss_policy = 5.510932922363281
loss_total = 11.674995422363281
loss_value = 0.5713215470314026
step = 875
value_mean = -0.9713582992553711
