entropy_mean = 5.774457931518555
loss_policy = 6.009891033172607
loss_total = 13.73723030090332
loss_value = 0.9999980926513672
step = 206
value_mean = 0.9999991655349731
