entropy_mean = 5.64907169342041
loss_policy = 5.799468994140625
loss_total = 12.959911346435547
loss_value = 0.3571685552597046
step = 79
value_mean = -0.2141745686531067
