entropy_mean = 5.527544021606445
loss_policy = 5.968041896820068
loss_total = 13.244540214538574
loss_value = 0.47843921184539795
step = 99
value_mean = 0.34999266266822815
