entropy_mean = 4.305916786193848
loss_policy = 4.348891258239746
loss_total = 10.812429428100586
loss_value = 1.0234333276748657
step = 992
value_mean = -0.9999961853027344
