entropy_mean = 4.168867111206055
loss_policy = 5.641505718231201
loss_total = 12.800540924072266
loss_value = 0.9921875
step = 550
value_mean = -1.0
