entropy_mean = 4.105925559997559
loss_policy = 5.458589553833008
loss_total = 12.857281684875488
loss_value = 0.9843653440475464
step = 414
value_mean = 0.9999961853027344
