entropy_mean = 2.8458876609802246
loss_policy = 3.390570640563965
loss_total = 9.493325233459473
loss_value = 0.9999985098838806
step = 1300
value_mean = -0.999999463558197
