entropy_mean = 2.774298906326294
loss_policy = 3.1542890071868896
loss_total = 9.248212814331055
loss_value = 0.9999980330467224
step = 1310
value_mean = -0.9999992251396179
