entropy_mean = 6.1284332275390625
loss_policy = 6.13294792175293
loss_total = 13.800540924072266
loss_value = 1.0234370231628418
step = 285
value_mean = 0.9999997615814209
