entropy_mean = 4.403420925140381
loss_policy = 5.568249225616455
loss_total = 12.832328796386719
loss_value = 0.9999912977218628
step = 495
value_mean = 0.9999973773956299
