entropy_mean = 4.274309158325195
loss_policy = 6.014074325561523
loss_total = 13.4712495803833
loss_value = 0.9999989867210388
step = 390
value_mean = 0.9999995231628418
