entropy_mean = 3.7287702560424805
loss_policy = 4.024615287780762
loss_total = 10.318136215209961
loss_value = 1.0152963399887085
step = 1140
value_mean = -0.9689750671386719
