entropy_mean = 5.851894855499268
loss_policy = 6.059088706970215
loss_total = 13.868739128112793
loss_value = 0.9932706356048584
step = 24
value_mean = 0.9801013469696045
