entropy_mean = 4.046918869018555
loss_policy = 4.8303046226501465
loss_total = 11.606426239013672
loss_value = 1.0703091621398926
step = 786
value_mean = -0.9999992251396179
