entropy_mean = 4.028985023498535
loss_policy = 4.840394973754883
loss_total = 11.31711196899414
loss_value = 1.0234367847442627
step = 982
value_mean = -0.9999996423721313
