entropy_mean = 4.397416591644287
loss_policy = 5.473768711090088
loss_total = 12.569265365600586
loss_value = 0.9824554324150085
step = 579
value_mean = -0.9849648475646973
