entropy_mean = 4.349100112915039
loss_policy = 4.6850175857543945
loss_total = 11.389448165893555
loss_value = 0.9999964237213135
step = 787
value_mean = -0.9999991655349731
