entropy_mean = 2.691023349761963
loss_policy = 3.1606640815734863
loss_total = 9.27070426940918
loss_value = 1.023436188697815
step = 1318
value_mean = -0.9999992251396179
