entropy_mean = 4.203536033630371
loss_policy = 5.56673526763916
loss_total = 12.820107460021973
loss_value = 0.9843613505363464
step = 493
value_mean = 0.9999938607215881
