entropy_mean = 4.783679008483887
loss_policy = 5.373752593994141
loss_total = 12.561275482177734
loss_value = 1.0
step = 537
value_mean = -1.0
