entropy_mean = 5.354653358459473
loss_policy = 5.962863445281982
loss_total = 13.692129135131836
loss_value = 1.0156246423721313
step = 221
value_mean = 0.9999997615814209
