entropy_mean = 3.3956265449523926
loss_policy = 3.946213722229004
loss_total = 10.228435516357422
loss_value = 0.9997652769088745
step = 1136
value_mean = -0.9688923358917236
