entropy_mean = 4.254955768585205
loss_policy = 4.149845123291016
loss_total = 10.423912048339844
loss_value = 0.9003285765647888
step = 1051
value_mean = 0.4367712140083313
