entropy_mean = 4.684420108795166
loss_policy = 5.553682804107666
loss_total = 13.09844970703125
loss_value = 0.9999973773956299
step = 348
value_mean = 0.9999984502792358
