entropy_mean = 4.5340142250061035
loss_policy = 5.291799545288086
loss_total = 12.299341201782227
loss_value = 0.9382015466690063
step = 600
value_mean = -0.9778722524642944
