entropy_mean = 4.753192901611328
loss_policy = 5.113814830780029
loss_total = 12.459296226501465
loss_value = 0.9843735098838806
step = 448
value_mean = 0.9999992847442627
