entropy_mean = 3.066199779510498
loss_policy = 3.2737207412719727
loss_total = 9.379230499267578
loss_value = 0.9999899864196777
step = 1297
value_mean = -0.9999960064888
