entropy_mean = 5.248459815979004
loss_policy = 6.420553684234619
loss_total = 14.110084533691406
loss_value = 0.9999985098838806
step = 241
value_mean = 0.9999994039535522
