entropy_mean = 4.5207295417785645
loss_policy = 5.5995965003967285
loss_total = 12.897825241088867
loss_value = 0.9921818971633911
step = 475
value_mean = 0.9999969005584717
