entropy_mean = 3.739187717437744
loss_policy = 4.118354797363281
loss_total = 10.446025848388672
loss_value = 0.9767277836799622
step = 1071
value_mean = -0.9091428518295288
