entropy_mean = 5.7917375564575195
loss_policy = 5.8096537590026855
loss_total = 13.518570899963379
loss_value = 0.9127095341682434
step = 107
value_mean = -0.9866883158683777
