entropy_mean = 3.7745745182037354
loss_policy = 3.840498208999634
loss_total = 10.10919189453125
loss_value = 0.9981046915054321
step = 1147
value_mean = -0.9808763265609741
