entropy_mean = 3.583259105682373
loss_policy = 3.8695664405822754
loss_total = 10.161120414733887
loss_value = 0.9975615739822388
step = 1125
value_mean = -0.9886502623558044
