entropy_mean = 4.544219970703125
loss_policy = 5.620298385620117
loss_total = 12.813652038574219
loss_value = 0.9921875
step = 529
value_mean = -1.0
