entropy_mean = 3.1462290287017822
loss_policy = 3.2165024280548096
loss_total = 9.429000854492188
loss_value = 1.0234119892120361
step = 1219
value_mean = -0.9998095035552979
