entropy_mean = 5.0584516525268555
loss_policy = 5.962185859680176
loss_total = 13.536277770996094
loss_value = 0.9921859502792358
step = 328
value_mean = 0.9999991059303284
