entropy_mean = 5.704624652862549
loss_policy = 6.0066986083984375
loss_total = 13.44118881225586
loss_value = 0.6242111921310425
step = 51
value_mean = -0.6687602400779724
