entropy_mean = 5.404201507568359
loss_policy = 5.6293816566467285
loss_total = 13.186727523803711
loss_value = 0.9921835660934448
step = 337
value_mean = 0.9999974966049194
