entropy_mean = 3.934114456176758
loss_policy = 4.34232759475708
loss_total = 10.664770126342773
loss_value = 0.9999999403953552
step = 1096
value_mean = -0.9999999403953552
