entropy_mean = 4.733546257019043
loss_policy = 5.4118757247924805
loss_total = 12.609549522399902
loss_value = 0.9875177145004272
step = 524
value_mean = -0.9999996423721313
