entropy_mean = 2.53649640083313
loss_policy = 2.7169904708862305
loss_total = 8.652911186218262
loss_value = 0.9213346242904663
step = 1398
value_mean = 0.49432307481765747
