entropy_mean = 3.923030138015747
loss_policy = 4.986780166625977
loss_total = 11.668503761291504
loss_value = 0.9921684265136719
step = 799
value_mean = -0.9999864101409912
