entropy_mean = 3.1486735343933105
loss_policy = 3.3845572471618652
loss_total = 9.574458122253418
loss_value = 1.0234373807907104
step = 1240
value_mean = -1.0
