entropy_mean = 3.438655376434326
loss_policy = 3.57620906829834
loss_total = 9.834896087646484
loss_value = 1.0234299898147583
step = 1180
value_mean = -0.9999973177909851
