entropy_mean = 4.3941755294799805
loss_policy = 5.8864288330078125
loss_total = 13.252686500549316
loss_value = 0.9999980926513672
step = 445
value_mean = 0.9999986886978149
