entropy_mean = 5.029318809509277
loss_policy = 4.9322896003723145
loss_total = 12.218099594116211
loss_value = 0.9999482035636902
step = 486
value_mean = 0.9999831914901733
