entropy_mean = 4.918272018432617
loss_policy = 5.652696132659912
loss_total = 13.162405967712402
loss_value = 1.0156248807907104
step = 370
value_mean = 0.9999999403953552
