entropy_mean = 2.497183084487915
loss_policy = 3.276308059692383
loss_total = 9.352579116821289
loss_value = 0.9999988079071045
step = 1330
value_mean = -0.9999983310699463
