entropy_mean = 4.605884075164795
loss_policy = 4.837128162384033
loss_total = 11.731430053710938
loss_value = 0.9158991575241089
step = 641
value_mean = -0.09886084496974945
