entropy_mean = 4.13728666305542
loss_policy = 5.061899662017822
loss_total = 11.648279190063477
loss_value = 0.9717878103256226
step = 855
value_mean = 0.8559759259223938
