entropy_mean = 3.21006441116333
loss_policy = 3.6276376247406006
loss_total = 9.887472152709961
loss_value = 1.0234348773956299
step = 1179
value_mean = -0.9999987483024597
