entropy_mean = 4.2746381759643555
loss_policy = 4.477166652679443
loss_total = 10.934357643127441
loss_value = 1.0078117847442627
step = 985
value_mean = -0.9999997615814209
