entropy_mean = 5.353536605834961
loss_policy = 5.9363508224487305
loss_total = 13.714927673339844
loss_value = 1.0234370231628418
step = 172
value_mean = 0.9999997615814209
