entropy_mean = 4.129724025726318
loss_policy = 4.9482035636901855
loss_total = 11.713809967041016
loss_value = 1.062497854232788
step = 788
value_mean = -0.9999991655349731
