entropy_mean = 3.42492413520813
loss_policy = 3.654927968978882
loss_total = 9.832669258117676
loss_value = 0.9986005425453186
step = 1228
value_mean = -0.9984537363052368
