entropy_mean = 4.27908182144165
loss_policy = 4.833025932312012
loss_total = 11.821320533752441
loss_value = 0.9832385778427124
step = 629
value_mean = -0.9970204830169678
