entropy_mean = 4.514786720275879
loss_policy = 4.948440074920654
loss_total = 12.22268295288086
loss_value = 0.9999837875366211
step = 491
value_mean = 0.9999934434890747
