entropy_mean = 5.5937180519104
loss_policy = 5.871150016784668
loss_total = 13.59490966796875
loss_value = 0.9999980926513672
step = 210
value_mean = 0.9999992847442627
