entropy_mean = 3.701744556427002
loss_policy = 3.853922128677368
loss_total = 10.094194412231445
loss_value = 0.992186427116394
step = 1168
value_mean = -0.9999997615814209
