entropy_mean = 5.35353946685791
loss_policy = 6.4339094161987305
loss_total = 14.093932151794434
loss_value = 0.9999995231628418
step = 270
value_mean = 0.9999997615814209
