entropy_mean = 3.6450564861297607
loss_policy = 3.7687065601348877
loss_total = 10.050135612487793
loss_value = 0.9999992847442627
step = 1137
value_mean = -0.9999997019767761
