entropy_mean = 3.298114776611328
loss_policy = 3.6681621074676514
loss_total = 9.838773727416992
loss_value = 0.9999994039535522
step = 1236
value_mean = -0.9999998807907104
