entropy_mean = 3.1446409225463867
loss_policy = 3.4569053649902344
loss_total = 9.662694931030273
loss_value = 1.0
step = 1204
value_mean = -0.9999999403953552
