entropy_mean = 4.466944217681885
loss_policy = 5.278696060180664
loss_total = 12.557774543762207
loss_value = 0.9999872446060181
step = 489
value_mean = 0.9999914169311523
