entropy_mean = 3.7938807010650635
loss_policy = 4.201887130737305
loss_total = 10.503732681274414
loss_value = 0.9618712067604065
step = 1081
value_mean = 0.9866277575492859
