entropy_mean = 3.4623923301696777
loss_policy = 5.214188575744629
loss_total = 11.83893871307373
loss_value = 0.9999992251396179
step = 846
value_mean = 0.9999994039535522
