entropy_mean = 4.484900951385498
loss_policy = 4.744154453277588
loss_total = 11.515186309814453
loss_value = 0.9999998807907104
step = 749
value_mean = -0.9999999403953552
