entropy_mean = 5.566267490386963
loss_policy = 6.11862850189209
loss_total = 13.93068790435791
loss_value = 0.9952669143676758
step = 21
value_mean = 0.9849843978881836
