entropy_mean = 3.8235819339752197
loss_policy = 4.847413063049316
loss_total = 12.018980026245117
loss_value = 1.0
step = 547
value_mean = -1.0
