entropy_mean = 4.873481750488281
loss_policy = 5.65305233001709
loss_total = 13.161849975585938
loss_value = 1.023437261581421
step = 374
value_mean = 0.9999998807907104
