entropy_mean = 4.127712249755859
loss_policy = 5.542324066162109
loss_total = 12.795488357543945
loss_value = 0.9999798536300659
step = 500
value_mean = 0.9999775290489197
