entropy_mean = 4.95487117767334
loss_policy = 5.879974842071533
loss_total = 13.5714693069458
loss_value = 0.9921854734420776
step = 233
value_mean = 0.9999993443489075
