entropy_mean = 5.851901054382324
loss_policy = 5.85754919052124
loss_total = 12.845632553100586
loss_value = 0.19163304567337036
step = 106
value_mean = -0.9370687007904053
