entropy_mean = 4.15165376663208
loss_policy = 5.742339134216309
loss_total = 12.96439266204834
loss_value = 0.9840442538261414
step = 508
value_mean = 0.9998525977134705
