entropy_mean = 5.774320602416992
loss_policy = 5.8124470710754395
loss_total = 13.57048511505127
loss_value = 0.9432897567749023
step = 33
value_mean = 0.8430068492889404
