entropy_mean = 5.115659236907959
loss_policy = 5.398491382598877
loss_total = 12.976154327392578
loss_value = 0.9921866059303284
step = 326
value_mean = 0.9999992847442627
