entropy_mean = 3.1767661571502686
loss_policy = 3.3425822257995605
loss_total = 9.471983909606934
loss_value = 0.9921863675117493
step = 1267
value_mean = -0.9999995231628418
