entropy_mean = 5.028728485107422
loss_policy = 5.389606475830078
loss_total = 12.856218338012695
loss_value = 1.0156245231628418
step = 394
value_mean = 0.9999996423721313
