entropy_mean = 2.5375685691833496
loss_policy = 2.841146469116211
loss_total = 8.885440826416016
loss_value = 0.999881386756897
step = 1364
value_mean = -0.9999197721481323
