entropy_mean = 4.889070987701416
loss_policy = 5.365145206451416
loss_total = 12.44996452331543
loss_value = 1.017961859703064
step = 601
value_mean = -0.9990382194519043
