entropy_mean = 5.550695419311523
loss_policy = 5.83303689956665
loss_total = 13.555742263793945
loss_value = 1.0156240463256836
step = 227
value_mean = 0.9999995231628418
