entropy_mean = 4.713937759399414
loss_policy = 5.058822154998779
loss_total = 12.067354202270508
loss_value = 0.9974052309989929
step = 626
value_mean = -0.9853404760360718
