entropy_mean = 2.4892687797546387
loss_policy = 2.519030809402466
loss_total = 8.567228317260742
loss_value = 0.9999446868896484
step = 1360
value_mean = -0.9999531507492065
