entropy_mean = 4.135072708129883
loss_policy = 4.488788604736328
loss_total = 10.926392555236816
loss_value = 0.9921870231628418
step = 988
value_mean = -0.9999994039535522
