entropy_mean = 5.324213981628418
loss_policy = 6.175816059112549
loss_total = 13.849064826965332
loss_value = 0.9999998807907104
step = 257
value_mean = 1.0
