entropy_mean = 4.3889970779418945
loss_policy = 4.99720573425293
loss_total = 11.718284606933594
loss_value = 0.7808910608291626
step = 658
value_mean = 0.8048638105392456
