entropy_mean = 3.630762815475464
loss_policy = 3.7679147720336914
loss_total = 9.97801399230957
loss_value = 0.9920732975006104
step = 1194
value_mean = -0.9999666810035706
