entropy_mean = 4.800539016723633
loss_policy = 5.820385932922363
loss_total = 13.053033828735352
loss_value = 1.046875
step = 538
value_mean = -1.0
