entropy_mean = 4.388328552246094
loss_policy = 5.378681659698486
loss_total = 11.990814208984375
loss_value = 1.0234375
step = 879
value_mean = -1.0
