entropy_mean = 3.9132540225982666
loss_policy = 4.61151123046875
loss_total = 11.390681266784668
loss_value = 1.0234366655349731
step = 757
value_mean = -0.9999998807907104
