entropy_mean = 5.151410102844238
loss_policy = 5.339224815368652
loss_total = 12.615038871765137
loss_value = 0.9921698570251465
step = 487
value_mean = 0.9999949336051941
