entropy_mean = 4.498805522918701
loss_policy = 4.861842155456543
loss_total = 11.357526779174805
loss_value = 0.9999998807907104
step = 954
value_mean = -1.0
