entropy_mean = 4.949352741241455
loss_policy = 5.169002056121826
loss_total = 12.512497901916504
loss_value = 0.9921839833259583
step = 453
value_mean = 0.9999959468841553
