entropy_mean = 5.629253387451172
loss_policy = 5.990110397338867
loss_total = 13.728153228759766
loss_value = 0.9921867251396179
step = 185
value_mean = 0.9999995231628418
