entropy_mean = 2.9752535820007324
loss_policy = 3.24346661567688
loss_total = 9.353546142578125
loss_value = 0.9921833872795105
step = 1284
value_mean = -0.9999972581863403
