entropy_mean = 2.668226718902588
loss_policy = 2.8903746604919434
loss_total = 8.91547679901123
loss_value = 0.9982963800430298
step = 1383
value_mean = -0.9968560934066772
