entropy_mean = 2.8526902198791504
loss_policy = 2.9209203720092773
loss_total = 8.986574172973633
loss_value = 0.9999732971191406
step = 1342
value_mean = -0.999992847442627
