entropy_mean = 5.280459403991699
loss_policy = 6.041629791259766
loss_total = 13.766300201416016
loss_value = 0.9999992251396179
step = 209
value_mean = 0.9999996423721313
