entropy_mean = 2.4378881454467773
loss_policy = 2.722820520401001
loss_total = 8.719198226928711
loss_value = 0.9999619722366333
step = 1421
value_mean = -0.9999895095825195
