entropy_mean = 4.386984825134277
loss_policy = 4.9166998863220215
loss_total = 11.505664825439453
loss_value = 1.0234373807907104
step = 903
value_mean = -0.9999999403953552
