entropy_mean = 5.35127067565918
loss_policy = 5.936163902282715
loss_total = 13.709254264831543
loss_value = 1.0234371423721313
step = 180
value_mean = 0.9999998211860657
