entropy_mean = 4.1204938888549805
loss_policy = 4.670689105987549
loss_total = 11.175213813781738
loss_value = 1.0234229564666748
step = 963
value_mean = -0.9999905824661255
