entropy_mean = 2.7214765548706055
loss_policy = 2.812385082244873
loss_total = 8.900228500366211
loss_value = 0.9921841621398926
step = 1308
value_mean = -0.9999984502792358
