entropy_mean = 3.462925434112549
loss_policy = 3.610698699951172
loss_total = 9.865228652954102
loss_value = 0.9997915625572205
step = 1162
value_mean = -0.99989914894104
