entropy_mean = 5.751220226287842
loss_policy = 6.243707656860352
loss_total = 13.954418182373047
loss_value = 1.0234370231628418
step = 243
value_mean = 0.9999996423721313
