entropy_mean = 4.6706624031066895
loss_policy = 5.608177185058594
loss_total = 12.792281150817871
loss_value = 1.0
step = 539
value_mean = -1.0
