entropy_mean = 5.48613166809082
loss_policy = 5.968608856201172
loss_total = 13.566705703735352
loss_value = 0.9921866655349731
step = 314
value_mean = 0.9999997019767761
