entropy_mean = 4.073402404785156
loss_policy = 4.178716659545898
loss_total = 10.409459114074707
loss_value = 0.8591790199279785
step = 1053
value_mean = -0.7209227085113525
