entropy_mean = 3.646275043487549
loss_policy = 3.4874181747436523
loss_total = 9.631170272827148
loss_value = 0.9999998807907104
step = 1261
value_mean = -0.9999998807907104
