entropy_mean = 4.906869888305664
loss_policy = 5.9929609298706055
loss_total = 13.723705291748047
loss_value = 0.9999996423721313
step = 202
value_mean = 0.9999998807907104
