entropy_mean = 5.787048816680908
loss_policy = 6.35577392578125
loss_total = 14.018528938293457
loss_value = 0.9921871423721313
step = 260
value_mean = 0.9999997019767761
