entropy_mean = 4.52473258972168
loss_policy = 5.305533409118652
loss_total = 12.315204620361328
loss_value = 0.9921860694885254
step = 623
value_mean = -0.9999979138374329
