entropy_mean = 4.160861968994141
loss_policy = 3.93802547454834
loss_total = 10.074871063232422
loss_value = 0.8037751913070679
step = 1087
value_mean = -0.9457160830497742
