entropy_mean = 4.892764091491699
loss_policy = 5.579545497894287
loss_total = 12.755589485168457
loss_value = 1.0
step = 544
value_mean = -1.0
