entropy_mean = 3.4635252952575684
loss_policy = 3.9017105102539062
loss_total = 10.200075149536133
loss_value = 1.0234375
step = 1143
value_mean = -1.0
