entropy_mean = 4.3184638023376465
loss_policy = 4.705926418304443
loss_total = 11.227118492126465
loss_value = 0.9999997615814209
step = 935
value_mean = -0.9999998211860657
