entropy_mean = 5.046329498291016
loss_policy = 5.760151386260986
loss_total = 13.155160903930664
loss_value = 1.023435354232788
step = 442
value_mean = 0.9999993443489075
