entropy_mean = 4.855311870574951
loss_policy = 6.297755241394043
loss_total = 14.051515579223633
loss_value = 0.9999992847442627
step = 174
value_mean = 0.9999996423721313
