entropy_mean = 3.5321950912475586
loss_policy = 3.9418375492095947
loss_total = 10.261738777160645
loss_value = 0.9810341596603394
step = 1082
value_mean = 0.9534347653388977
