entropy_mean = 3.980466604232788
loss_policy = 5.167829513549805
loss_total = 12.586444854736328
loss_value = 0.9921867847442627
step = 407
value_mean = 0.9999990463256836
