entropy_mean = 5.11020040512085
loss_policy = 5.314465522766113
loss_total = 12.748345375061035
loss_value = 0.9921867847442627
step = 399
value_mean = 0.9999997019767761
