entropy_mean = 5.65654182434082
loss_policy = 5.74233341217041
loss_total = 12.779073715209961
loss_value = 0.23457753658294678
step = 83
value_mean = -0.41877397894859314
