entropy_mean = 4.238336563110352
loss_policy = 4.852351665496826
loss_total = 11.4246826171875
loss_value = 0.9921875
step = 888
value_mean = -1.0
