entropy_mean = 3.732609748840332
loss_policy = 4.17612361907959
loss_total = 10.478852272033691
loss_value = 0.9993862509727478
step = 1116
value_mean = -0.9996615648269653
