entropy_mean = 2.4381537437438965
loss_policy = 2.889125347137451
loss_total = 8.877033233642578
loss_value = 0.9671659469604492
step = 1390
value_mean = -0.877068042755127
