entropy_mean = 2.9276442527770996
loss_policy = 3.1116228103637695
loss_total = 9.202044486999512
loss_value = 0.9999987483024597
step = 1314
value_mean = -0.999999463558197
