entropy_mean = 3.767839193344116
loss_policy = 4.280826568603516
loss_total = 10.61593246459961
loss_value = 0.952693521976471
step = 1043
value_mean = -0.8607399463653564
