entropy_mean = 4.699419975280762
loss_policy = 5.395411491394043
loss_total = 12.754756927490234
loss_value = 0.9999976754188538
step = 449
value_mean = 0.9999985694885254
