entropy_mean = 4.342001438140869
loss_policy = 4.92002534866333
loss_total = 11.606590270996094
loss_value = 0.9994419813156128
step = 801
value_mean = -0.9996082186698914
