entropy_mean = 5.014864921569824
loss_policy = 6.247807502746582
loss_total = 13.92376708984375
loss_value = 0.9999998807907104
step = 254
value_mean = 0.9999998807907104
