entropy_mean = 4.651618003845215
loss_policy = 5.804474830627441
loss_total = 13.36770248413086
loss_value = 0.9999897480010986
step = 338
value_mean = 0.9999957084655762
