entropy_mean = 3.808943271636963
loss_policy = 4.8133745193481445
loss_total = 11.363615036010742
loss_value = 1.0
step = 913
value_mean = -1.0
