entropy_mean = 4.412015438079834
loss_policy = 5.240364074707031
loss_total = 12.426185607910156
loss_value = 1.046875
step = 566
value_mean = -1.0
