entropy_mean = 4.732158660888672
loss_policy = 4.831274509429932
loss_total = 11.591085433959961
loss_value = 0.9999997615814209
step = 755
value_mean = -0.9999995231628418
