entropy_mean = 3.9136486053466797
loss_policy = 4.155887126922607
loss_total = 10.4459228515625
loss_value = 0.9195894002914429
step = 1054
value_mean = -0.8896809816360474
