entropy_mean = 4.668169975280762
loss_policy = 5.274265289306641
loss_total = 12.690266609191895
loss_value = 1.0390598773956299
step = 439
value_mean = 0.9999986886978149
