entropy_mean = 4.336723327636719
loss_policy = 5.646385192871094
loss_total = 12.879310607910156
loss_value = 0.9998591542243958
step = 511
value_mean = 0.9999208450317383
