entropy_mean = 2.489987373352051
loss_policy = 3.0390408039093018
loss_total = 8.89797592163086
loss_value = 0.8436142206192017
step = 1397
value_mean = 0.6960388422012329
