entropy_mean = 3.9561026096343994
loss_policy = 4.252625465393066
loss_total = 10.681638717651367
loss_value = 0.9999528527259827
step = 1001
value_mean = -0.9999817609786987
