entropy_mean = 5.279354095458984
loss_policy = 5.9088287353515625
loss_total = 13.696889877319336
loss_value = 0.9960300326347351
step = 117
value_mean = 0.9993279576301575
