entropy_mean = 4.648014068603516
loss_policy = 5.043261528015137
loss_total = 11.95058822631836
loss_value = 1.0703125
step = 709
value_mean = -1.0
