entropy_mean = 3.759915828704834
loss_policy = 3.962857246398926
loss_total = 10.253691673278809
loss_value = 1.0468748807907104
step = 1172
value_mean = -0.9999997615814209
