entropy_mean = 4.119253635406494
loss_policy = 5.48250675201416
loss_total = 12.085123062133789
loss_value = 1.0234375
step = 889
value_mean = -1.0
