entropy_mean = 4.506196022033691
loss_policy = 5.0743632316589355
loss_total = 11.901655197143555
loss_value = 1.0
step = 714
value_mean = -1.0
