entropy_mean = 3.4611716270446777
loss_policy = 4.839717864990234
loss_total = 11.465617179870605
loss_value = 1.0
step = 845
value_mean = 1.0
