entropy_mean = 2.551527500152588
loss_policy = 2.9595255851745605
loss_total = 9.016551971435547
loss_value = 0.9999988079071045
step = 1351
value_mean = -0.9999996423721313
