entropy_mean = 3.7061305046081543
loss_policy = 4.842039108276367
loss_total = 11.386011123657227
loss_value = 0.9921875
step = 912
value_mean = -1.0
