entropy_mean = 4.763880729675293
loss_policy = 4.7397236824035645
loss_total = 11.332661628723145
loss_value = 0.9536178112030029
step = 835
value_mean = 0.9901707172393799
