entropy_mean = 2.4807467460632324
loss_policy = 2.776336908340454
loss_total = 8.814348220825195
loss_value = 1.0312464237213135
step = 1408
value_mean = -0.9999975562095642
