entropy_mean = 4.077781677246094
loss_policy = 5.0850067138671875
loss_total = 12.324484825134277
loss_value = 0.9996809959411621
step = 507
value_mean = 0.9998347759246826
