entropy_mean = 5.1947174072265625
loss_policy = 5.688770771026611
loss_total = 13.298084259033203
loss_value = 1.0156245231628418
step = 321
value_mean = 0.9999996423721313
