entropy_mean = 3.310847520828247
loss_policy = 3.6472418308258057
loss_total = 9.930707931518555
loss_value = 0.9999988079071045
step = 1135
value_mean = -0.9687488079071045
