entropy_mean = 3.7145752906799316
loss_policy = 3.94079852104187
loss_total = 10.27021598815918
loss_value = 0.999984860420227
step = 1090
value_mean = -0.9999998807907104
