entropy_mean = 4.41905403137207
loss_policy = 4.7768425941467285
loss_total = 11.357715606689453
loss_value = 1.054687261581421
step = 931
value_mean = -0.9999999403953552
