entropy_mean = 4.305830001831055
loss_policy = 4.558675765991211
loss_total = 11.12135124206543
loss_value = 1.0234373807907104
step = 921
value_mean = -0.9999999403953552
