entropy_mean = 3.943577289581299
loss_policy = 4.462767601013184
loss_total = 10.884176254272461
loss_value = 0.8190239071846008
step = 866
value_mean = -0.7399671077728271
