entropy_mean = 3.5766100883483887
loss_policy = 3.7272095680236816
loss_total = 9.954046249389648
loss_value = 0.9999999403953552
step = 1187
value_mean = -1.0
