entropy_mean = 4.187664031982422
loss_policy = 4.953260898590088
loss_total = 11.859925270080566
loss_value = 0.9567816257476807
step = 653
value_mean = -0.7636057734489441
