entropy_mean = 5.979827404022217
loss_policy = 6.458680629730225
loss_total = 14.124900817871094
loss_value = 0.9843748211860657
step = 248
value_mean = 0.9999998807907104
