entropy_mean = 2.8968234062194824
loss_policy = 3.0322370529174805
loss_total = 9.104296684265137
loss_value = 0.999993085861206
step = 1335
value_mean = -0.9999967813491821
