entropy_mean = 3.051725149154663
loss_policy = 3.320394277572632
loss_total = 9.407915115356445
loss_value = 0.9999961853027344
step = 1317
value_mean = -0.9999969005584717
