entropy_mean = 4.399923324584961
loss_policy = 5.085569381713867
loss_total = 11.785346984863281
loss_value = 1.0234347581863403
step = 809
value_mean = 0.9999999403953552
