entropy_mean = 4.276965618133545
loss_policy = 4.770650863647461
loss_total = 11.231903076171875
loss_value = 0.992168664932251
step = 971
value_mean = -0.9999957084655762
