entropy_mean = 5.0217132568359375
loss_policy = 5.975772857666016
loss_total = 13.667901992797852
loss_value = 1.0234371423721313
step = 262
value_mean = 0.9999998807907104
