entropy_mean = 4.825894832611084
loss_policy = 5.912474155426025
loss_total = 13.531272888183594
loss_value = 1.023437261581421
step = 320
value_mean = 0.9999998807907104
