entropy_mean = 4.275516510009766
loss_policy = 4.937572002410889
loss_total = 11.780814170837402
loss_value = 1.0
step = 706
value_mean = -1.0
