entropy_mean = 4.405595779418945
loss_policy = 5.092649459838867
loss_total = 11.474699020385742
loss_value = 0.7819857001304626
step = 868
value_mean = 0.2929041087627411
