entropy_mean = 3.675617218017578
loss_policy = 4.675342082977295
loss_total = 11.039445877075195
loss_value = 0.9650051593780518
step = 1027
value_mean = 0.9930660724639893
