entropy_mean = 5.725218296051025
loss_policy = 5.793180465698242
loss_total = 12.84753131866455
loss_value = 0.2508006691932678
step = 78
value_mean = 0.26834118366241455
