entropy_mean = 3.5383753776550293
loss_policy = 3.8684287071228027
loss_total = 10.148956298828125
loss_value = 1.0173635482788086
step = 1154
value_mean = -0.9984303116798401
