entropy_mean = 4.003959655761719
loss_policy = 4.279609680175781
loss_total = 10.776372909545898
loss_value = 1.023427963256836
step = 968
value_mean = -0.9999939203262329
