entropy_mean = 5.212636947631836
loss_policy = 6.0625529289245605
loss_total = 13.684873580932617
loss_value = 1.0234365463256836
step = 318
value_mean = 0.9999995231628418
