entropy_mean = 4.552886009216309
loss_policy = 5.1844635009765625
loss_total = 11.95234489440918
loss_value = 0.8725255727767944
step = 680
value_mean = -0.9829342365264893
