entropy_mean = 2.8808887004852295
loss_policy = 3.4761962890625
loss_total = 9.681598663330078
loss_value = 1.0152512788772583
step = 1218
value_mean = -0.9987888932228088
