entropy_mean = 5.677966117858887
loss_policy = 6.042652606964111
loss_total = 13.856748580932617
loss_value = 0.9989194869995117
step = 31
value_mean = 0.9434624910354614
