entropy_mean = 4.345646381378174
loss_policy = 4.870321273803711
loss_total = 11.50680923461914
loss_value = 0.9999977350234985
step = 837
value_mean = 1.0
