entropy_mean = 4.8538408279418945
loss_policy = 5.2101616859436035
loss_total = 11.991884231567383
loss_value = 0.8578552007675171
step = 667
value_mean = -0.7774416208267212
