entropy_mean = 4.7095770835876465
loss_policy = 5.172473430633545
loss_total = 12.516258239746094
loss_value = 1.0234330892562866
step = 468
value_mean = 0.9999973773956299
