entropy_mean = 4.460606575012207
loss_policy = 4.991645812988281
loss_total = 11.8626708984375
loss_value = 0.9921875
step = 688
value_mean = -1.0
