entropy_mean = 4.642544269561768
loss_policy = 5.098780632019043
loss_total = 11.68510627746582
loss_value = 0.9301941394805908
step = 823
value_mean = 0.23361679911613464
