entropy_mean = 3.4265058040618896
loss_policy = 3.937340259552002
loss_total = 10.260797500610352
loss_value = 1.0
step = 1095
value_mean = -1.0
