entropy_mean = 4.726584434509277
loss_policy = 5.1043596267700195
loss_total = 11.953886032104492
loss_value = 0.8975197672843933
step = 652
value_mean = -0.8072649240493774
