entropy_mean = 2.460409164428711
loss_policy = 2.996364116668701
loss_total = 9.035116195678711
loss_value = 0.9999966025352478
step = 1370
value_mean = -0.9999969005584717
