entropy_mean = 3.832423686981201
loss_policy = 3.9184083938598633
loss_total = 10.222040176391602
loss_value = 0.9921610355377197
step = 1108
value_mean = -0.9999690055847168
