entropy_mean = 3.0721683502197266
loss_policy = 3.3871402740478516
loss_total = 9.528556823730469
loss_value = 0.9921873807907104
step = 1256
value_mean = -0.9999998807907104
