entropy_mean = 5.148704528808594
loss_policy = 5.455567359924316
loss_total = 12.828367233276367
loss_value = 0.9921834468841553
step = 437
value_mean = 0.9999982714653015
