entropy_mean = 5.41580057144165
loss_policy = 6.825413703918457
loss_total = 14.627211570739746
loss_value = 0.9842305183410645
step = 11
value_mean = 0.9943865537643433
