entropy_mean = 5.467243194580078
loss_policy = 6.709965705871582
loss_total = 14.360428810119629
loss_value = 0.999998927116394
step = 279
value_mean = 0.9999993443489075
