entropy_mean = 5.608279705047607
loss_policy = 6.649635314941406
loss_total = 14.321083068847656
loss_value = 0.9999996423721313
step = 259
value_mean = 0.9999997615814209
