entropy_mean = 4.681117534637451
loss_policy = 4.8650922775268555
loss_total = 11.498723983764648
loss_value = 0.9999998807907104
step = 839
value_mean = 1.0
