entropy_mean = 4.202993392944336
loss_policy = 5.52019739151001
loss_total = 12.297714233398438
loss_value = 0.5655882358551025
step = 523
value_mean = -0.999118983745575
