entropy_mean = 4.958154678344727
loss_policy = 6.004471778869629
loss_total = 13.723682403564453
loss_value = 0.9999971389770508
step = 215
value_mean = 0.9999989867210388
