entropy_mean = 2.710263252258301
loss_policy = 2.5851564407348633
loss_total = 8.639613151550293
loss_value = 1.0191564559936523
step = 1374
value_mean = -0.9543734192848206
