entropy_mean = 5.773824691772461
loss_policy = 5.69130277633667
loss_total = 13.436290740966797
loss_value = 0.999999463558197
step = 186
value_mean = 0.9999997615814209
