entropy_mean = 5.6930460929870605
loss_policy = 6.044340133666992
loss_total = 13.734405517578125
loss_value = 0.8772224187850952
step = 41
value_mean = -0.8621398210525513
