entropy_mean = 4.575554370880127
loss_policy = 5.197734832763672
loss_total = 12.207160949707031
loss_value = 0.9198510646820068
step = 591
value_mean = 0.9602808952331543
