entropy_mean = 5.491859436035156
loss_policy = 5.834156036376953
loss_total = 13.630306243896484
loss_value = 1.000844120979309
step = 110
value_mean = -0.9870448708534241
