entropy_mean = 2.892613410949707
loss_policy = 3.497826099395752
loss_total = 9.632795333862305
loss_value = 0.9999978542327881
step = 1269
value_mean = -0.999998927116394
