entropy_mean = 4.551725387573242
loss_policy = 4.931313991546631
loss_total = 11.792482376098633
loss_value = 1.0
step = 697
value_mean = -1.0
