entropy_mean = 5.277022361755371
loss_policy = 6.250361919403076
loss_total = 13.71308708190918
loss_value = 1.0468674898147583
step = 413
value_mean = 0.999995768070221
