entropy_mean = 4.955958843231201
loss_policy = 5.550820350646973
loss_total = 13.152456283569336
loss_value = 0.9921853542327881
step = 312
value_mean = 0.9999993443489075
