entropy_mean = 5.551706314086914
loss_policy = 6.03646183013916
loss_total = 13.128724098205566
loss_value = 0.2879599332809448
step = 75
value_mean = -0.6520998477935791
