entropy_mean = 5.8835039138793945
loss_policy = 6.040910720825195
loss_total = 13.839437484741211
loss_value = 1.0234359502792358
step = 144
value_mean = 0.999999463558197
