entropy_mean = 5.01186990737915
loss_policy = 5.8702616691589355
loss_total = 13.455377578735352
loss_value = 0.9843742847442627
step = 317
value_mean = 0.9999995231628418
