entropy_mean = 5.524265289306641
loss_policy = 5.941624164581299
loss_total = 13.719216346740723
loss_value = 1.0156241655349731
step = 162
value_mean = 0.9999997615814209
