entropy_mean = 5.511659622192383
loss_policy = 5.976119041442871
loss_total = 13.44166374206543
loss_value = 0.6588650941848755
step = 65
value_mean = -0.02835705131292343
