entropy_mean = 4.430296421051025
loss_policy = 4.824070930480957
loss_total = 11.658788681030273
loss_value = 0.8514759540557861
step = 639
value_mean = -0.4823846220970154
