entropy_mean = 4.776305198669434
loss_policy = 5.409306049346924
loss_total = 12.301886558532715
loss_value = 0.961397647857666
step = 663
value_mean = 0.7552903890609741
