entropy_mean = 5.298205375671387
loss_policy = 5.328949928283691
loss_total = 12.870144844055176
loss_value = 0.9999980926513672
step = 350
value_mean = 0.9999992251396179
