entropy_mean = 4.572445869445801
loss_policy = 5.084942817687988
loss_total = 12.283575057983398
loss_value = 1.046875
step = 559
value_mean = -1.0
