entropy_mean = 4.845758438110352
loss_policy = 5.890116214752197
loss_total = 13.344167709350586
loss_value = 0.9921864867210388
step = 387
value_mean = 0.9999992251396179
