entropy_mean = 3.794501781463623
loss_policy = 4.69505500793457
loss_total = 11.100800514221191
loss_value = 0.9918127059936523
step = 1014
value_mean = -0.9997069239616394
