entropy_mean = 4.077175140380859
loss_policy = 4.46461296081543
loss_total = 10.732864379882812
loss_value = 0.8656204342842102
step = 1024
value_mean = -0.4514193534851074
