entropy_mean = 4.467279434204102
loss_policy = 4.865717887878418
loss_total = 11.586248397827148
loss_value = 1.0
step = 776
value_mean = -1.0
