entropy_mean = 4.328948974609375
loss_policy = 5.422348976135254
loss_total = 12.904558181762695
loss_value = 1.0234360694885254
step = 389
value_mean = 0.9999995231628418
