entropy_mean = 5.127018928527832
loss_policy = 5.77638053894043
loss_total = 13.02146053314209
loss_value = 0.9998233318328857
step = 504
value_mean = 0.9998667240142822
