entropy_mean = 4.269159317016602
loss_policy = 5.016787052154541
loss_total = 11.78792667388916
loss_value = 0.8690277338027954
step = 677
value_mean = -0.24286535382270813
