entropy_mean = 3.522406578063965
loss_policy = 3.712238073348999
loss_total = 9.928736686706543
loss_value = 1.0468745231628418
step = 1237
value_mean = -0.9999998807907104
