entropy_mean = 5.780059814453125
loss_policy = 6.136490345001221
loss_total = 13.868965148925781
loss_value = 0.9999994039535522
step = 200
value_mean = 0.9999996423721313
