entropy_mean = 2.596759080886841
loss_policy = 3.095712184906006
loss_total = 9.184459686279297
loss_value = 0.992185652256012
step = 1307
value_mean = -0.9999995231628418
