entropy_mean = 4.136038303375244
loss_policy = 5.093696594238281
loss_total = 11.670965194702148
loss_value = 1.0
step = 891
value_mean = -1.0
