entropy_mean = 3.4814934730529785
loss_policy = 4.710707664489746
loss_total = 11.133528709411621
loss_value = 1.0077977180480957
step = 1013
value_mean = -0.9999920129776001
