entropy_mean = 4.814448356628418
loss_policy = 5.48990535736084
loss_total = 12.83705997467041
loss_value = 0.9999772310256958
step = 455
value_mean = 0.9999869465827942
