entropy_mean = 4.576230049133301
loss_policy = 4.497742176055908
loss_total = 10.962516784667969
loss_value = 0.9999991655349731
step = 974
value_mean = -0.9999998211860657
