entropy_mean = 3.045926094055176
loss_policy = 4.342525959014893
loss_total = 10.668197631835938
loss_value = 1.0
step = 1093
value_mean = -1.0
