entropy_mean = 4.31574821472168
loss_policy = 4.365514755249023
loss_total = 10.831782341003418
loss_value = 1.0
step = 973
value_mean = -0.9999999403953552
