entropy_mean = 5.030056476593018
loss_policy = 5.879520416259766
loss_total = 13.487195014953613
loss_value = 0.9999983310699463
step = 313
value_mean = 0.9999993443489075
