entropy_mean = 4.889957427978516
loss_policy = 5.574786186218262
loss_total = 12.438097953796387
loss_value = 0.9090877771377563
step = 651
value_mean = -0.7225087881088257
