entropy_mean = 5.717729091644287
loss_policy = 6.206997871398926
loss_total = 13.942811012268066
loss_value = 1.0703110694885254
step = 265
value_mean = 0.999999463558197
