entropy_mean = 3.8882827758789062
loss_policy = 3.9599392414093018
loss_total = 10.211007118225098
loss_value = 0.9921873211860657
step = 1158
value_mean = -0.9999998807907104
