entropy_mean = 4.814988136291504
loss_policy = 4.843674182891846
loss_total = 11.522427558898926
loss_value = 0.9842979907989502
step = 795
value_mean = -0.9999240636825562
