entropy_mean = 5.133491039276123
loss_policy = 6.148374557495117
loss_total = 13.763419151306152
loss_value = 0.9921866059303284
step = 303
value_mean = 0.999999463558197
