entropy_mean = 5.022677421569824
loss_policy = 5.110611438751221
loss_total = 12.653806686401367
loss_value = 1.0234369039535522
step = 360
value_mean = 0.9999996423721313
