entropy_mean = 5.183293342590332
loss_policy = 5.865825176239014
loss_total = 13.414201736450195
loss_value = 0.999997615814209
step = 346
value_mean = 0.999998927116394
