entropy_mean = 4.021079063415527
loss_policy = 4.584025859832764
loss_total = 11.061908721923828
loss_value = 0.9999894499778748
step = 965
value_mean = -0.9999913573265076
