entropy_mean = 5.302139759063721
loss_policy = 6.0124969482421875
loss_total = 13.732608795166016
loss_value = 1.0234358310699463
step = 235
value_mean = 0.9999989867210388
