entropy_mean = 4.320705413818359
loss_policy = 4.440619468688965
loss_total = 10.78564453125
loss_value = 0.9691578149795532
step = 1049
value_mean = 0.9330626726150513
