entropy_mean = 3.786701202392578
loss_policy = 4.225057601928711
loss_total = 10.589664459228516
loss_value = 0.998831570148468
step = 1058
value_mean = -0.9999688863754272
