entropy_mean = 4.5549445152282715
loss_policy = 5.352583408355713
loss_total = 12.749792098999023
loss_value = 0.9999954700469971
step = 426
value_mean = 0.9999986886978149
