entropy_mean = 4.654209136962891
loss_policy = 6.287717342376709
loss_total = 13.689802169799805
loss_value = 0.9921839237213135
step = 417
value_mean = 0.9999986886978149
