entropy_mean = 4.999332427978516
loss_policy = 6.2578887939453125
loss_total = 13.902591705322266
loss_value = 0.9921848773956299
step = 277
value_mean = 0.9999989867210388
