entropy_mean = 5.827385902404785
loss_policy = 5.870423316955566
loss_total = 13.621899604797363
loss_value = 0.9369493722915649
step = 34
value_mean = 0.8210207223892212
