entropy_mean = 3.2402336597442627
loss_policy = 3.5168685913085938
loss_total = 9.807906150817871
loss_value = 1.0384407043457031
step = 1164
value_mean = -0.9987599849700928
