entropy_mean = 5.447345733642578
loss_policy = 5.804645538330078
loss_total = 13.39351749420166
loss_value = 0.9999985694885254
step = 324
value_mean = 0.9999992251396179
