entropy_mean = 4.216131210327148
loss_policy = 4.74744987487793
loss_total = 11.280749320983887
loss_value = 0.9208111763000488
step = 857
value_mean = 0.49748218059539795
