entropy_mean = 4.133113861083984
loss_policy = 4.530396461486816
loss_total = 10.98776912689209
loss_value = 0.9999992847442627
step = 979
value_mean = -0.9999997615814209
