entropy_mean = 4.294229507446289
loss_policy = 4.691066265106201
loss_total = 11.46392822265625
loss_value = 0.9999998807907104
step = 748
value_mean = -0.9999998807907104
