entropy_mean = 2.728501081466675
loss_policy = 3.424050807952881
loss_total = 9.493172645568848
loss_value = 0.9843671917915344
step = 1320
value_mean = -0.9999967813491821
