entropy_mean = 4.566368103027344
loss_policy = 5.068083763122559
loss_total = 11.952070236206055
loss_value = 0.949333906173706
step = 661
value_mean = 0.8233708143234253
