entropy_mean = 3.9096312522888184
loss_policy = 4.431217193603516
loss_total = 10.88593864440918
loss_value = 1.0233782529830933
step = 999
value_mean = -0.9999822974205017
