entropy_mean = 5.235403537750244
loss_policy = 5.966882705688477
loss_total = 13.316598892211914
loss_value = 1.023436188697815
step = 465
value_mean = 0.9999992251396179
