entropy_mean = 2.8776865005493164
loss_policy = 2.862783432006836
loss_total = 8.897668838500977
loss_value = 0.9987145066261292
step = 1373
value_mean = -0.9684293270111084
