entropy_mean = 4.717190742492676
loss_policy = 6.172430515289307
loss_total = 13.805315017700195
loss_value = 0.9921866059303284
step = 288
value_mean = 0.9999995827674866
