entropy_mean = 4.2537384033203125
loss_policy = 6.35057258605957
loss_total = 13.807848930358887
loss_value = 0.9921867847442627
step = 385
value_mean = 0.9999996423721313
