entropy_mean = 2.751735210418701
loss_policy = 3.53751802444458
loss_total = 9.718832015991211
loss_value = 1.0234370231628418
step = 1248
value_mean = -0.9999997615814209
