entropy_mean = 4.894230365753174
loss_policy = 6.343609809875488
loss_total = 14.074442863464355
loss_value = 1.0468738079071045
step = 246
value_mean = 0.9999995231628418
