entropy_mean = 5.301761150360107
loss_policy = 5.881637096405029
loss_total = 13.659037590026855
loss_value = 0.9999983310699463
step = 141
value_mean = 0.9999991655349731
