entropy_mean = 3.780223846435547
loss_policy = 4.023641586303711
loss_total = 10.34225845336914
loss_value = 1.0
step = 1100
value_mean = -1.0
