entropy_mean = 2.717430353164673
loss_policy = 2.796610116958618
loss_total = 8.828756332397461
loss_value = 0.9977777004241943
step = 1375
value_mean = -0.9853923320770264
