entropy_mean = 3.41166353225708
loss_policy = 3.579153537750244
loss_total = 9.832645416259766
loss_value = 0.9997997879981995
step = 1163
value_mean = -0.9998430013656616
