entropy_mean = 4.403812408447266
loss_policy = 5.792806625366211
loss_total = 13.291728973388672
loss_value = 0.9999996423721313
step = 368
value_mean = 0.9999998807907104
