entropy_mean = 4.932443141937256
loss_policy = 6.030606746673584
loss_total = 13.679092407226562
loss_value = 0.9999984502792358
step = 281
value_mean = 0.9999990463256836
