entropy_mean = 4.4127583503723145
loss_policy = 5.4643120765686035
loss_total = 12.606451988220215
loss_value = 0.9921875
step = 560
value_mean = -1.0
