entropy_mean = 3.867173194885254
loss_policy = 4.461379528045654
loss_total = 10.822662353515625
loss_value = 0.9978508949279785
step = 1060
value_mean = -0.9982050657272339
