entropy_mean = 4.286723613739014
loss_policy = 4.985709190368652
loss_total = 11.748903274536133
loss_value = 1.0234365463256836
step = 765
value_mean = -0.9999997615814209
