entropy_mean = 4.268848419189453
loss_policy = 4.70445442199707
loss_total = 11.228118896484375
loss_value = 0.9999998807907104
step = 933
value_mean = -0.9999998807907104
