entropy_mean = 3.5186514854431152
loss_policy = 3.8512604236602783
loss_total = 10.10593318939209
loss_value = 0.9883818626403809
step = 1151
value_mean = -0.9692080616950989
