entropy_mean = 4.658068656921387
loss_policy = 6.1227569580078125
loss_total = 13.762319564819336
loss_value = 0.9999996423721313
step = 289
value_mean = 0.9999997615814209
