entropy_mean = 3.9540419578552246
loss_policy = 4.110903263092041
loss_total = 10.40628433227539
loss_value = 0.9588271379470825
step = 1084
value_mean = 0.7817378044128418
