entropy_mean = 4.624637603759766
loss_policy = 4.986849308013916
loss_total = 11.82655143737793
loss_value = 0.8638240694999695
step = 642
value_mean = -0.6280636787414551
