entropy_mean = 4.249764442443848
loss_policy = 4.941604137420654
loss_total = 11.720566749572754
loss_value = 1.0703110694885254
step = 784
value_mean = -0.999998927116394
