entropy_mean = 4.382837295532227
loss_policy = 4.750737190246582
loss_total = 11.125295639038086
loss_value = 0.7686252593994141
step = 863
value_mean = -0.8826245069503784
