entropy_mean = 2.9597842693328857
loss_policy = 3.022850513458252
loss_total = 9.04830551147461
loss_value = 0.9995257258415222
step = 1384
value_mean = -0.9996662735939026
