entropy_mean = 4.938685417175293
loss_policy = 5.824217796325684
loss_total = 13.014026641845703
loss_value = 0.9921875
step = 531
value_mean = -1.0
