entropy_mean = 3.379899501800537
loss_policy = 4.04263162612915
loss_total = 10.363121032714844
loss_value = 0.9999997615814209
step = 1098
value_mean = -0.9999998807907104
