entropy_mean = 5.657086372375488
loss_policy = 5.770197868347168
loss_total = 12.861475944519043
loss_value = 0.28827208280563354
step = 80
value_mean = 0.057186007499694824
