entropy_mean = 3.527639389038086
loss_policy = 3.8794057369232178
loss_total = 10.172146797180176
loss_value = 0.9924259781837463
step = 1119
value_mean = -0.9477902054786682
