entropy_mean = 3.396817445755005
loss_policy = 3.4474949836730957
loss_total = 9.656384468078613
loss_value = 0.9921211004257202
step = 1195
value_mean = -0.9999743103981018
