entropy_mean = 4.236207008361816
loss_policy = 5.086999416351318
loss_total = 11.675158500671387
loss_value = 1.015625
step = 896
value_mean = -1.0
