entropy_mean = 3.371544122695923
loss_policy = 3.5804920196533203
loss_total = 9.792194366455078
loss_value = 1.0
step = 1199
value_mean = -1.0
