entropy_mean = 3.926769256591797
loss_policy = 4.2996368408203125
loss_total = 10.533096313476562
loss_value = 0.8320279717445374
step = 1025
value_mean = 0.6260429620742798
