entropy_mean = 5.636934280395508
loss_policy = 5.861647129058838
loss_total = 13.339999198913574
loss_value = 0.6691471338272095
step = 55
value_mean = 0.5759024620056152
