entropy_mean = 4.50223445892334
loss_policy = 5.930389404296875
loss_total = 13.350289344787598
loss_value = 1.0156233310699463
step = 421
value_mean = 0.999998927116394
