entropy_mean = 4.333715915679932
loss_policy = 4.648330211639404
loss_total = 11.08701229095459
loss_value = 0.9999532699584961
step = 993
value_mean = -0.9999604225158691
