entropy_mean = 4.021681785583496
loss_policy = 5.042049407958984
loss_total = 11.665712356567383
loss_value = 1.0
step = 847
value_mean = 0.9999998807907104
