entropy_mean = 4.09084939956665
loss_policy = 4.882055282592773
loss_total = 11.37860107421875
loss_value = 0.8160303235054016
step = 806
value_mean = 0.8631346821784973
