entropy_mean = 5.615549564361572
loss_policy = 6.079551696777344
loss_total = 13.655272483825684
loss_value = 0.7621538639068604
step = 38
value_mean = -0.0667005255818367
