entropy_mean = 4.782619476318359
loss_policy = 5.221846103668213
loss_total = 12.252283096313477
loss_value = 0.9514923691749573
step = 596
value_mean = 0.8448016047477722
