entropy_mean = 4.7094316482543945
loss_policy = 5.046906471252441
loss_total = 11.920631408691406
loss_value = 0.9460964202880859
step = 665
value_mean = 0.7654085159301758
