entropy_mean = 3.8195486068725586
loss_policy = 4.077315807342529
loss_total = 10.367227554321289
loss_value = 0.9927420616149902
step = 1122
value_mean = -0.9416685700416565
