entropy_mean = 2.4341273307800293
loss_policy = 2.635409355163574
loss_total = 8.715097427368164
loss_value = 1.0462572574615479
step = 1376
value_mean = -0.9995927810668945
