entropy_mean = 4.553368091583252
loss_policy = 5.173098564147949
loss_total = 12.314742088317871
loss_value = 0.984375
step = 556
value_mean = -1.0
