entropy_mean = 4.8674163818359375
loss_policy = 5.0086894035339355
loss_total = 12.05241584777832
loss_value = 0.9669193029403687
step = 597
value_mean = 0.868500292301178
