entropy_mean = 5.056618690490723
loss_policy = 5.275721549987793
loss_total = 12.700221061706543
loss_value = 0.9921867251396179
step = 404
value_mean = 0.9999997615814209
