entropy_mean = 5.4102678298950195
loss_policy = 5.227578639984131
loss_total = 12.67690658569336
loss_value = 0.9999990463256836
step = 395
value_mean = 0.9999995827674866
