entropy_mean = 3.359431266784668
loss_policy = 3.4383108615875244
loss_total = 9.519685745239258
loss_value = 0.9999995231628418
step = 1324
value_mean = -0.9999997615814209
