entropy_mean = 5.317535400390625
loss_policy = 5.781826496124268
loss_total = 13.54592227935791
loss_value = 0.9999993443489075
step = 159
value_mean = 0.9999995827674866
