entropy_mean = 4.469996452331543
loss_policy = 4.720691204071045
loss_total = 11.467830657958984
loss_value = 1.0234375
step = 774
value_mean = -1.0
