entropy_mean = 3.9122254848480225
loss_policy = 4.2259840965271
loss_total = 10.627608299255371
loss_value = 0.991958498954773
step = 1018
value_mean = -0.9995083808898926
