entropy_mean = 5.010265350341797
loss_policy = 5.562582969665527
loss_total = 13.024593353271484
loss_value = 0.9843745231628418
step = 378
value_mean = 0.9999996423721313
