entropy_mean = 2.6636061668395996
loss_policy = 3.053917407989502
loss_total = 9.123282432556152
loss_value = 0.9999983310699463
step = 1338
value_mean = -0.9999991655349731
