entropy_mean = 5.8173322677612305
loss_policy = 6.020525932312012
loss_total = 13.7487211227417
loss_value = 0.9999983906745911
step = 205
value_mean = 0.9999992847442627
