entropy_mean = 3.023253917694092
loss_policy = 3.1423442363739014
loss_total = 9.260490417480469
loss_value = 0.9921869039535522
step = 1277
value_mean = -0.9999996423721313
