entropy_mean = 4.259762763977051
loss_policy = 4.97791862487793
loss_total = 11.642230987548828
loss_value = 0.9921767115592957
step = 812
value_mean = 0.9999826550483704
