entropy_mean = 3.199603319168091
loss_policy = 4.0781402587890625
loss_total = 10.383665084838867
loss_value = 0.9999998807907104
step = 1114
value_mean = -0.9999985694885254
