entropy_mean = 2.7500016689300537
loss_policy = 2.83193302154541
loss_total = 8.870433807373047
loss_value = 0.9921802878379822
step = 1362
value_mean = -0.9999978542327881
