entropy_mean = 5.485105037689209
loss_policy = 5.8059892654418945
loss_total = 12.854805946350098
loss_value = 0.24751095473766327
step = 86
value_mean = -0.3240785598754883
