entropy_mean = 2.508927345275879
loss_policy = 2.5932137966156006
loss_total = 8.596179962158203
loss_value = 0.9921784996986389
step = 1403
value_mean = -0.9999986886978149
