entropy_mean = 4.920185565948486
loss_policy = 5.683248043060303
loss_total = 13.437713623046875
loss_value = 0.9999995231628418
step = 173
value_mean = 0.9999997019767761
