entropy_mean = 4.786690711975098
loss_policy = 5.849979400634766
loss_total = 13.27908706665039
loss_value = 1.0234359502792358
step = 420
value_mean = 0.9999992847442627
