entropy_mean = 4.391782760620117
loss_policy = 4.884156227111816
loss_total = 11.614625930786133
loss_value = 0.9999994039535522
step = 770
value_mean = -0.9999998211860657
