entropy_mean = 5.687417984008789
loss_policy = 5.854837894439697
loss_total = 12.900924682617188
loss_value = 0.24688595533370972
step = 94
value_mean = -0.415442556142807
