entropy_mean = 4.495887279510498
loss_policy = 4.9346771240234375
loss_total = 11.54875373840332
loss_value = 1.023346185684204
step = 877
value_mean = -0.999999463558197
