entropy_mean = 4.657962322235107
loss_policy = 5.052434921264648
loss_total = 11.67949390411377
loss_value = 1.0
step = 844
value_mean = 1.0
