entropy_mean = 4.597484588623047
loss_policy = 4.734987735748291
loss_total = 11.520726203918457
loss_value = 1.0
step = 740
value_mean = -1.0
