entropy_mean = 5.716635704040527
loss_policy = 5.828573226928711
loss_total = 13.577322959899902
loss_value = 0.9361433982849121
step = 42
value_mean = -0.8721373081207275
