entropy_mean = 3.341111898422241
loss_policy = 3.540454149246216
loss_total = 9.742875099182129
loss_value = 1.0176210403442383
step = 1223
value_mean = -0.9958987236022949
