entropy_mean = 5.892139434814453
loss_policy = 5.933367729187012
loss_total = 13.719858169555664
loss_value = 0.9999929666519165
step = 127
value_mean = 0.9999979734420776
