entropy_mean = 4.234523296356201
loss_policy = 4.825590133666992
loss_total = 11.633337020874023
loss_value = 1.0
step = 726
value_mean = -1.0
