entropy_mean = 5.6949567794799805
loss_policy = 5.860973834991455
loss_total = 13.213164329528809
loss_value = 0.5483972430229187
step = 77
value_mean = -0.08201465010643005
