entropy_mean = 4.206327438354492
loss_policy = 4.953995704650879
loss_total = 12.180403709411621
loss_value = 1.0234375
step = 528
value_mean = -1.0
