entropy_mean = 4.287292957305908
loss_policy = 5.721842288970947
loss_total = 12.887115478515625
loss_value = 1.0
step = 551
value_mean = -1.0
