entropy_mean = 3.155244827270508
loss_policy = 3.8176767826080322
loss_total = 10.06908130645752
loss_value = 0.9999999403953552
step = 1165
value_mean = -0.9999999403953552
