entropy_mean = 4.674906253814697
loss_policy = 5.560324668884277
loss_total = 12.708491325378418
loss_value = 0.9999999403953552
step = 561
value_mean = -1.0
