entropy_mean = 4.298427104949951
loss_policy = 5.797325134277344
loss_total = 13.214465141296387
loss_value = 1.0156219005584717
step = 423
value_mean = 0.9999975562095642
