entropy_mean = 4.587636947631836
loss_policy = 5.353725433349609
loss_total = 12.907257080078125
loss_value = 0.9843720197677612
step = 335
value_mean = 0.9999984502792358
