entropy_mean = 4.468583583831787
loss_policy = 4.899594306945801
loss_total = 11.925336837768555
loss_value = 0.9921875
step = 616
value_mean = -0.9999997615814209
