entropy_mean = 5.760904312133789
loss_policy = 5.891330242156982
loss_total = 13.525923728942871
loss_value = 0.8266950249671936
step = 60
value_mean = -0.8607563972473145
