entropy_mean = 2.901580333709717
loss_policy = 3.0371975898742676
loss_total = 9.120753288269043
loss_value = 0.9843481779098511
step = 1304
value_mean = -0.999983549118042
