entropy_mean = 3.2187411785125732
loss_policy = 3.692450523376465
loss_total = 9.876996994018555
loss_value = 0.9921872615814209
step = 1216
value_mean = -0.9999996423721313
