entropy_mean = 5.50041389465332
loss_policy = 5.842455863952637
loss_total = 13.316459655761719
loss_value = 0.9999988079071045
step = 380
value_mean = 0.9999994039535522
