entropy_mean = 4.4469757080078125
loss_policy = 5.009202480316162
loss_total = 12.072954177856445
loss_value = 1.0234375
step = 613
value_mean = -1.0
