entropy_mean = 3.869647979736328
loss_policy = 4.352046966552734
loss_total = 10.87081241607666
loss_value = 0.9999985694885254
step = 937
value_mean = -0.9999992847442627
