entropy_mean = 3.1512975692749023
loss_policy = 3.5949463844299316
loss_total = 9.783967971801758
loss_value = 0.9843746423721313
step = 1205
value_mean = -0.9999997019767761
