entropy_mean = 5.642341613769531
loss_policy = 5.722238540649414
loss_total = 13.387918472290039
loss_value = 0.8567403554916382
step = 56
value_mean = 0.5756570100784302
