entropy_mean = 4.8159708976745605
loss_policy = 4.915809631347656
loss_total = 11.3427095413208
loss_value = 0.7818929553031921
step = 831
value_mean = 0.30641698837280273
