entropy_mean = 4.44110107421875
loss_policy = 4.783654689788818
loss_total = 11.477787971496582
loss_value = 1.023437261581421
step = 813
value_mean = 0.9999986886978149
