entropy_mean = 4.187897205352783
loss_policy = 4.583530426025391
loss_total = 11.039045333862305
loss_value = 0.9921870231628418
step = 975
value_mean = -0.9999998807907104
