entropy_mean = 4.611326694488525
loss_policy = 4.846925735473633
loss_total = 11.146202087402344
loss_value = 0.6957225799560547
step = 865
value_mean = 0.6595017910003662
