entropy_mean = 3.680513381958008
loss_policy = 3.7605395317077637
loss_total = 9.951857566833496
loss_value = 0.9921871423721313
step = 1210
value_mean = -0.9999995231628418
