entropy_mean = 4.237830638885498
loss_policy = 4.72569465637207
loss_total = 11.330852508544922
loss_value = 1.046875
step = 908
value_mean = -1.0
