entropy_mean = 3.548603057861328
loss_policy = 4.463728427886963
loss_total = 11.048646926879883
loss_value = 0.9899411201477051
step = 873
value_mean = 0.9480570554733276
