entropy_mean = 2.7965683937072754
loss_policy = 2.6028151512145996
loss_total = 8.371036529541016
loss_value = 0.7543680667877197
step = 1399
value_mean = -0.9436143636703491
