entropy_mean = 4.684003829956055
loss_policy = 4.525299549102783
loss_total = 11.072542190551758
loss_value = 0.9921875
step = 910
value_mean = -1.0
