entropy_mean = 4.155816078186035
loss_policy = 4.813910484313965
loss_total = 11.371923446655273
loss_value = 0.9031757116317749
step = 824
value_mean = -0.08304040133953094
