entropy_mean = 4.782880783081055
loss_policy = 5.410407066345215
loss_total = 12.456937789916992
loss_value = 0.9999998807907104
step = 610
value_mean = -0.9999998211860657
