entropy_mean = 2.703542947769165
loss_policy = 2.765791654586792
loss_total = 8.810029983520508
loss_value = 0.9921822547912598
step = 1356
value_mean = -0.9999964833259583
