entropy_mean = 5.370827674865723
loss_policy = 6.702514171600342
loss_total = 14.524049758911133
loss_value = 1.004247784614563
step = 16
value_mean = 0.9880610704421997
