entropy_mean = 4.714097023010254
loss_policy = 5.9103875160217285
loss_total = 13.222269058227539
loss_value = 0.9999901056289673
step = 472
value_mean = 0.9999958276748657
