entropy_mean = 4.554971694946289
loss_policy = 4.961075782775879
loss_total = 12.008678436279297
loss_value = 1.0234370231628418
step = 620
value_mean = -0.9999997019767761
