entropy_mean = 4.592620849609375
loss_policy = 4.845269680023193
loss_total = 11.739660263061523
loss_value = 1.0234375
step = 692
value_mean = -1.0
