entropy_mean = 5.108189105987549
loss_policy = 5.980382442474365
loss_total = 13.296419143676758
loss_value = 0.9999931454658508
step = 470
value_mean = 0.9999964833259583
