entropy_mean = 4.189988136291504
loss_policy = 4.706615924835205
loss_total = 11.262870788574219
loss_value = 1.023437261581421
step = 926
value_mean = -0.9999998807907104
