entropy_mean = 4.67987060546875
loss_policy = 4.902590751647949
loss_total = 11.628091812133789
loss_value = 0.8076099157333374
step = 670
value_mean = 0.7898995876312256
