entropy_mean = 2.4677932262420654
loss_policy = 2.766834259033203
loss_total = 8.754568099975586
loss_value = 0.9921872615814209
step = 1422
value_mean = -0.9999999403953552
