entropy_mean = 5.311342239379883
loss_policy = 6.41062068939209
loss_total = 14.052457809448242
loss_value = 0.9999996423721313
step = 287
value_mean = 0.9999998807907104
