entropy_mean = 4.923577308654785
loss_policy = 5.7759857177734375
loss_total = 13.517365455627441
loss_value = 0.9999996423721313
step = 190
value_mean = 0.9999998211860657
