entropy_mean = 3.8178555965423584
loss_policy = 4.148477554321289
loss_total = 10.450822830200195
loss_value = 0.9557873010635376
step = 1075
value_mean = -0.5957134962081909
