entropy_mean = 4.38869571685791
loss_policy = 4.88820219039917
loss_total = 11.610313415527344
loss_value = 0.9999997615814209
step = 775
value_mean = -0.9999998807907104
