entropy_mean = 5.192176818847656
loss_policy = 5.036242485046387
loss_total = 11.703115463256836
loss_value = 1.0466563701629639
step = 850
value_mean = 0.999561071395874
