entropy_mean = 2.918184518814087
loss_policy = 3.2460453510284424
loss_total = 9.352145195007324
loss_value = 0.9921871423721313
step = 1288
value_mean = -0.9999998807907104
