entropy_mean = 4.77850866317749
loss_policy = 5.263310432434082
loss_total = 12.780782699584961
loss_value = 0.9999994039535522
step = 361
value_mean = 0.9999996423721313
