entropy_mean = 4.500860691070557
loss_policy = 4.758554458618164
loss_total = 11.299081802368164
loss_value = 0.9999998211860657
step = 920
value_mean = -0.9999997615814209
