entropy_mean = 4.321019172668457
loss_policy = 4.5147247314453125
loss_total = 10.942609786987305
loss_value = 0.9999728798866272
step = 1002
value_mean = -0.9999768733978271
