entropy_mean = 4.363415718078613
loss_policy = 4.69481086730957
loss_total = 11.115535736083984
loss_value = 0.9999836683273315
step = 1008
value_mean = -0.9999788999557495
