entropy_mean = 4.907647132873535
loss_policy = 6.1657819747924805
loss_total = 13.401801109313965
loss_value = 0.9997081756591797
step = 509
value_mean = 0.9998934268951416
