entropy_mean = 4.476442337036133
loss_policy = 4.927502632141113
loss_total = 11.784793853759766
loss_value = 0.9921875
step = 695
value_mean = -1.0
