entropy_mean = 3.60835599899292
loss_policy = 3.8031020164489746
loss_total = 10.094354629516602
loss_value = 1.0152311325073242
step = 1142
value_mean = -0.9846457242965698
