entropy_mean = 4.336480617523193
loss_policy = 5.076251983642578
loss_total = 11.898176193237305
loss_value = 1.0
step = 717
value_mean = -1.0
