entropy_mean = 4.059822082519531
loss_policy = 4.037692070007324
loss_total = 10.411665916442871
loss_value = 1.0207160711288452
step = 1069
value_mean = -0.9645311236381531
