entropy_mean = 4.357629776000977
loss_policy = 5.479838848114014
loss_total = 12.770776748657227
loss_value = 0.9921744465827942
step = 479
value_mean = 0.9999886751174927
