entropy_mean = 4.8240156173706055
loss_policy = 4.85552978515625
loss_total = 11.751858711242676
loss_value = 1.0234375
step = 691
value_mean = -1.0
