entropy_mean = 4.136638641357422
loss_policy = 4.511407375335693
loss_total = 11.007627487182617
loss_value = 0.9921637177467346
step = 948
value_mean = -0.9999886751174927
