entropy_mean = 4.266451358795166
loss_policy = 5.386075973510742
loss_total = 12.652641296386719
loss_value = 1.0231571197509766
step = 505
value_mean = 0.9998666048049927
