entropy_mean = 2.480546712875366
loss_policy = 3.1082394123077393
loss_total = 9.167037963867188
loss_value = 1.0191442966461182
step = 1369
value_mean = -0.9899171590805054
