entropy_mean = 4.654266357421875
loss_policy = 5.073357582092285
loss_total = 11.88595199584961
loss_value = 1.015625
step = 733
value_mean = -1.0
