entropy_mean = 5.603775978088379
loss_policy = 6.149972438812256
loss_total = 13.799448013305664
loss_value = 0.9999984502792358
step = 280
value_mean = 0.9999990463256836
