entropy_mean = 5.051041603088379
loss_policy = 5.684744834899902
loss_total = 12.797842025756836
loss_value = 0.9920547008514404
step = 575
value_mean = -0.9998800754547119
