entropy_mean = 4.6520514488220215
loss_policy = 5.092710494995117
loss_total = 11.844354629516602
loss_value = 0.9999998807907104
step = 759
value_mean = -0.9999998807907104
