entropy_mean = 5.306201934814453
loss_policy = 5.9221038818359375
loss_total = 13.711267471313477
loss_value = 1.0468742847442627
step = 189
value_mean = 0.9999996423721313
