entropy_mean = 5.071122169494629
loss_policy = 6.269891738891602
loss_total = 14.028327941894531
loss_value = 0.9999982118606567
step = 167
value_mean = 0.9999993443489075
