entropy_mean = 5.6212158203125
loss_policy = 6.15759801864624
loss_total = 13.773094177246094
loss_value = 0.8024144172668457
step = 40
value_mean = -0.7684389352798462
