entropy_mean = 4.214773654937744
loss_policy = 4.919488906860352
loss_total = 11.673165321350098
loss_value = 0.9999999403953552
step = 758
value_mean = -1.0
