entropy_mean = 4.644859313964844
loss_policy = 4.89481258392334
loss_total = 11.567205429077148
loss_value = 0.9877448081970215
step = 803
value_mean = -0.9594654440879822
