entropy_mean = 2.799894332885742
loss_policy = 3.392817497253418
loss_total = 9.518098831176758
loss_value = 1.0234365463256836
step = 1301
value_mean = -0.9999992847442627
