entropy_mean = 3.0794756412506104
loss_policy = 3.5102896690368652
loss_total = 9.65841293334961
loss_value = 0.9999979138374329
step = 1257
value_mean = -0.9999991655349731
