entropy_mean = 5.831662654876709
loss_policy = 5.895871639251709
loss_total = 12.858003616333008
loss_value = 0.16854113340377808
step = 114
value_mean = 0.9557273983955383
