entropy_mean = 4.411157131195068
loss_policy = 5.093087196350098
loss_total = 11.969621658325195
loss_value = 1.03125
step = 705
value_mean = -1.0
