entropy_mean = 3.101353645324707
loss_policy = 3.1599631309509277
loss_total = 9.294565200805664
loss_value = 1.0234365463256836
step = 1291
value_mean = -0.9999995231628418
