entropy_mean = 3.8484668731689453
loss_policy = 6.068613529205322
loss_total = 13.4852294921875
loss_value = 0.9921852350234985
step = 408
value_mean = 0.9999980926513672
