entropy_mean = 4.686973571777344
loss_policy = 5.19508171081543
loss_total = 12.197216987609863
loss_value = 0.9002758264541626
step = 585
value_mean = 0.5289757251739502
