entropy_mean = 4.456180095672607
loss_policy = 5.973597049713135
loss_total = 13.41611099243164
loss_value = 1.0234283208847046
step = 411
value_mean = 0.9999943971633911
