entropy_mean = 4.561214923858643
loss_policy = 4.731817245483398
loss_total = 11.268976211547852
loss_value = 1.0234369039535522
step = 941
value_mean = -0.9999997615814209
