entropy_mean = 3.1113383769989014
loss_policy = 3.3486313819885254
loss_total = 9.505945205688477
loss_value = 1.0156244039535522
step = 1263
value_mean = -0.9999994039535522
