entropy_mean = 5.455124378204346
loss_policy = 6.228468418121338
loss_total = 13.997352600097656
loss_value = 0.9999997615814209
step = 152
value_mean = 0.9999998211860657
