entropy_mean = 4.287137508392334
loss_policy = 4.823965072631836
loss_total = 11.413293838500977
loss_value = 0.9304453730583191
step = 821
value_mean = 0.5018583536148071
