entropy_mean = 5.636326313018799
loss_policy = 5.954738616943359
loss_total = 13.233301162719727
loss_value = 0.4802771210670471
step = 98
value_mean = -0.5360092520713806
