entropy_mean = 4.943305969238281
loss_policy = 5.325592517852783
loss_total = 12.858890533447266
loss_value = 1.0234358310699463
step = 364
value_mean = 0.9999994039535522
