entropy_mean = 5.755924224853516
loss_policy = 6.019711971282959
loss_total = 13.38192367553711
loss_value = 0.5550596714019775
step = 63
value_mean = 0.5967090129852295
