entropy_mean = 3.6924991607666016
loss_policy = 4.53560209274292
loss_total = 10.883031845092773
loss_value = 0.9435768127441406
step = 1023
value_mean = -0.775975227355957
