entropy_mean = 4.561036586761475
loss_policy = 5.008188247680664
loss_total = 11.833724975585938
loss_value = 0.984375
step = 707
value_mean = -1.0
