entropy_mean = 5.210190773010254
loss_policy = 6.358553886413574
loss_total = 14.02942943572998
loss_value = 1.0234342813491821
step = 282
value_mean = 0.9999986290931702
