entropy_mean = 5.965336799621582
loss_policy = 6.133368968963623
loss_total = 13.913905143737793
loss_value = 1.0234365463256836
step = 169
value_mean = 0.9999994039535522
