entropy_mean = 4.367291450500488
loss_policy = 4.657685279846191
loss_total = 11.208629608154297
loss_value = 1.0234365463256836
step = 930
value_mean = -0.9999996423721313
