entropy_mean = 4.418211936950684
loss_policy = 4.7254319190979
loss_total = 11.391714096069336
loss_value = 0.9998876452445984
step = 816
value_mean = 0.999707818031311
