entropy_mean = 2.8305344581604004
loss_policy = 2.836003065109253
loss_total = 8.873912811279297
loss_value = 1.013733148574829
step = 1386
value_mean = -0.9937543869018555
