entropy_mean = 5.681109428405762
loss_policy = 5.891640663146973
loss_total = 12.798484802246094
loss_value = 0.1060795783996582
step = 88
value_mean = 0.192315936088562
