entropy_mean = 5.334165096282959
loss_policy = 6.056381702423096
loss_total = 13.814143180847168
loss_value = 0.9999995231628418
step = 168
value_mean = 0.9999997615814209
