entropy_mean = 5.2712931632995605
loss_policy = 5.9620513916015625
loss_total = 13.730218887329102
loss_value = 0.9999995231628418
step = 153
value_mean = 0.9999997615814209
