entropy_mean = 3.4772756099700928
loss_policy = 3.806029796600342
loss_total = 10.044995307922363
loss_value = 0.9981374740600586
step = 1175
value_mean = -0.9900084733963013
