entropy_mean = 3.658961296081543
loss_policy = 3.841871976852417
loss_total = 10.098297119140625
loss_value = 0.9922376275062561
step = 1153
value_mean = -0.9991058707237244
