entropy_mean = 5.001035690307617
loss_policy = 5.5403947830200195
loss_total = 12.287717819213867
loss_value = 1.0468735694885254
step = 790
value_mean = -0.9999986886978149
