entropy_mean = 3.706663131713867
loss_policy = 4.093490123748779
loss_total = 10.454516410827637
loss_value = 1.0681287050247192
step = 1126
value_mean = -0.9806032776832581
