entropy_mean = 4.556428909301758
loss_policy = 5.140841484069824
loss_total = 12.277871131896973
loss_value = 0.9999997615814209
step = 567
value_mean = -0.9999998211860657
