entropy_mean = 2.8788766860961914
loss_policy = 3.133363723754883
loss_total = 9.237491607666016
loss_value = 1.0156205892562866
step = 1316
value_mean = -0.9999967813491821
