entropy_mean = 4.082248687744141
loss_policy = 4.136927127838135
loss_total = 10.516837120056152
loss_value = 1.015305995941162
step = 1059
value_mean = -0.9997443556785583
