entropy_mean = 5.442058086395264
loss_policy = 5.920397758483887
loss_total = 13.693634033203125
loss_value = 0.9921854138374329
step = 136
value_mean = 0.9999991059303284
