entropy_mean = 5.586016654968262
loss_policy = 5.856717109680176
loss_total = 12.953191757202148
loss_value = 0.29460203647613525
step = 84
value_mean = -0.04656270518898964
