entropy_mean = 4.545379638671875
loss_policy = 6.380568981170654
loss_total = 14.03519058227539
loss_value = 0.9999987483024597
step = 275
value_mean = 0.9999991655349731
