entropy_mean = 3.9622373580932617
loss_policy = 4.1922807693481445
loss_total = 10.619604110717773
loss_value = 1.0154303312301636
step = 1016
value_mean = -0.9999268651008606
