entropy_mean = 4.470714092254639
loss_policy = 4.87280797958374
loss_total = 11.441821098327637
loss_value = 1.015625
step = 911
value_mean = -1.0
