entropy_mean = 2.5781819820404053
loss_policy = 3.1735711097717285
loss_total = 9.067031860351562
loss_value = 0.8735243082046509
step = 1391
value_mean = -0.005958046764135361
