entropy_mean = 4.265154838562012
loss_policy = 4.9360833168029785
loss_total = 11.761215209960938
loss_value = 0.9921875
step = 711
value_mean = -1.0
