entropy_mean = 4.6498541831970215
loss_policy = 5.1635236740112305
loss_total = 12.688040733337402
loss_value = 0.9999986886978149
step = 358
value_mean = 0.9999994039535522
