entropy_mean = 4.526110649108887
loss_policy = 5.002584457397461
loss_total = 11.827552795410156
loss_value = 1.0234375
step = 730
value_mean = -1.0
