entropy_mean = 4.117943286895752
loss_policy = 4.11361026763916
loss_total = 10.467578887939453
loss_value = 0.9995640516281128
step = 1068
value_mean = -0.983945369720459
