entropy_mean = 4.975952625274658
loss_policy = 6.279821395874023
loss_total = 13.988310813903809
loss_value = 1.0234360694885254
step = 245
value_mean = 0.9999993443489075
