entropy_mean = 3.2652339935302734
loss_policy = 3.304922103881836
loss_total = 9.461559295654297
loss_value = 0.9921872615814209
step = 1242
value_mean = -0.9999998807907104
