entropy_mean = 4.774215221405029
loss_policy = 5.127832412719727
loss_total = 12.125185012817383
loss_value = 0.996442437171936
step = 631
value_mean = -0.9685091376304626
