entropy_mean = 3.468614101409912
loss_policy = 4.0289177894592285
loss_total = 10.275424003601074
loss_value = 0.9844497442245483
step = 1155
value_mean = -0.99959397315979
