entropy_mean = 4.331875801086426
loss_policy = 4.644244194030762
loss_total = 11.405991554260254
loss_value = 0.9999992251396179
step = 754
value_mean = -0.9999996423721313
