entropy_mean = 4.332586288452148
loss_policy = 4.973260402679443
loss_total = 12.01911735534668
loss_value = 0.9605057239532471
step = 593
value_mean = 0.9129358530044556
