entropy_mean = 4.4462409019470215
loss_policy = 4.840973377227783
loss_total = 11.6644287109375
loss_value = 1.0234375
step = 731
value_mean = -1.0
