entropy_mean = 5.7013654708862305
loss_policy = 5.86220645904541
loss_total = 12.801570892333984
loss_value = 0.14220236241817474
step = 103
value_mean = 0.8129022717475891
