entropy_mean = 3.350465774536133
loss_policy = 3.8030285835266113
loss_total = 10.132378578186035
loss_value = 1.0226672887802124
step = 1113
value_mean = -0.968743085861206
