entropy_mean = 4.581716537475586
loss_policy = 4.485845565795898
loss_total = 10.984441757202148
loss_value = 0.9999994039535522
step = 952
value_mean = -0.9999992847442627
