entropy_mean = 5.063669204711914
loss_policy = 5.295048713684082
loss_total = 12.916987419128418
loss_value = 1.0468719005584717
step = 332
value_mean = 0.9999986290931702
