entropy_mean = 4.33767032623291
loss_policy = 4.68686056137085
loss_total = 11.199338912963867
loss_value = 0.9999992847442627
step = 942
value_mean = -0.9999997615814209
