entropy_mean = 3.1143860816955566
loss_policy = 3.3595190048217773
loss_total = 9.470681190490723
loss_value = 0.992186963558197
step = 1283
value_mean = -0.9999996423721313
