entropy_mean = 3.9393527507781982
loss_policy = 4.2665557861328125
loss_total = 10.625588417053223
loss_value = 1.0069243907928467
step = 1070
value_mean = -0.9688493609428406
