entropy_mean = 5.815587043762207
loss_policy = 5.921469688415527
loss_total = 13.42818546295166
loss_value = 0.7097850441932678
step = 104
value_mean = 0.8679980039596558
