entropy_mean = 3.856459617614746
loss_policy = 4.006047248840332
loss_total = 10.282660484313965
loss_value = 1.0156248807907104
step = 1156
value_mean = -1.0
