entropy_mean = 4.7172465324401855
loss_policy = 5.320801734924316
loss_total = 12.852313995361328
loss_value = 0.9921857118606567
step = 351
value_mean = 0.9999990463256836
