entropy_mean = 2.726940870285034
loss_policy = 3.0077099800109863
loss_total = 9.04526138305664
loss_value = 0.9921813607215881
step = 1363
value_mean = -0.999995768070221
