entropy_mean = 5.247499942779541
loss_policy = 6.045331001281738
loss_total = 13.75619888305664
loss_value = 0.9843746423721313
step = 207
value_mean = 0.9999997615814209
