entropy_mean = 4.503668785095215
loss_policy = 4.885818004608154
loss_total = 11.801956176757812
loss_value = 0.9452052116394043
step = 644
value_mean = -0.7253671288490295
