entropy_mean = 3.097835063934326
loss_policy = 3.4000935554504395
loss_total = 9.50659465789795
loss_value = 0.9999982118606567
step = 1296
value_mean = -0.9999990463256836
