entropy_mean = 4.323335647583008
loss_policy = 5.058127403259277
loss_total = 12.114542007446289
loss_value = 1.043170690536499
step = 625
value_mean = -0.9873714447021484
