entropy_mean = 3.897029399871826
loss_policy = 4.082322120666504
loss_total = 10.3585786819458
loss_value = 0.928611159324646
step = 1074
value_mean = -0.6695140600204468
