entropy_mean = 3.4618587493896484
loss_policy = 3.8941640853881836
loss_total = 10.119449615478516
loss_value = 0.9855600595474243
step = 1176
value_mean = -0.9730548858642578
