entropy_mean = 4.3270673751831055
loss_policy = 6.598154067993164
loss_total = 14.044137001037598
loss_value = 1.023432970046997
step = 409
value_mean = 0.9999971985816956
