entropy_mean = 4.402816295623779
loss_policy = 5.13632869720459
loss_total = 11.922015190124512
loss_value = 0.885840892791748
step = 678
value_mean = -0.30506038665771484
