entropy_mean = 5.603407859802246
loss_policy = 6.043830394744873
loss_total = 13.666492462158203
loss_value = 0.9921852350234985
step = 297
value_mean = 0.9999988079071045
