entropy_mean = 4.755190849304199
loss_policy = 4.804381370544434
loss_total = 11.54616928100586
loss_value = 0.9921872615814209
step = 760
value_mean = -0.9999998807907104
