entropy_mean = 4.343692779541016
loss_policy = 5.773483753204346
loss_total = 13.104863166809082
loss_value = 1.023432731628418
step = 474
value_mean = 0.9999976754188538
