entropy_mean = 4.3235015869140625
loss_policy = 4.7454729080200195
loss_total = 11.352449417114258
loss_value = 0.9843485355377197
step = 848
value_mean = 0.9999123811721802
