entropy_mean = 3.981765031814575
loss_policy = 4.3668012619018555
loss_total = 10.873753547668457
loss_value = 0.999998927116394
step = 946
value_mean = -0.9999994039535522
