entropy_mean = 4.701440811157227
loss_policy = 4.925346851348877
loss_total = 11.764486312866211
loss_value = 1.0
step = 708
value_mean = -1.0
