entropy_mean = 4.74820613861084
loss_policy = 5.579263687133789
loss_total = 12.967708587646484
loss_value = 0.9999991059303284
step = 432
value_mean = 0.9999994039535522
