entropy_mean = 4.549324989318848
loss_policy = 5.459525108337402
loss_total = 12.87873363494873
loss_value = 1.023435115814209
step = 427
value_mean = 0.9999990463256836
