entropy_mean = 5.472607612609863
loss_policy = 6.178633689880371
loss_total = 13.983171463012695
loss_value = 0.9876273274421692
step = 20
value_mean = 0.983778715133667
