entropy_mean = 4.067493915557861
loss_policy = 6.263537883758545
loss_total = 13.747747421264648
loss_value = 1.015623927116394
step = 383
value_mean = 0.9999995827674866
