entropy_mean = 4.407767295837402
loss_policy = 4.940752983093262
loss_total = 11.472780227661133
loss_value = 0.9206519722938538
step = 858
value_mean = -0.014111604541540146
