entropy_mean = 2.436217784881592
loss_policy = 2.885007381439209
loss_total = 8.888497352600098
loss_value = 0.9999997615814209
step = 1412
value_mean = -0.9999998807907104
