entropy_mean = 4.800238609313965
loss_policy = 5.033962726593018
loss_total = 11.921513557434082
loss_value = 0.9616937041282654
step = 666
value_mean = 0.6850578784942627
