entropy_mean = 3.105477809906006
loss_policy = 3.2749550342559814
loss_total = 9.37499713897705
loss_value = 1.0078109502792358
step = 1312
value_mean = -0.9999994039535522
