entropy_mean = 4.509251117706299
loss_policy = 5.775079727172852
loss_total = 12.948060989379883
loss_value = 0.9921875
step = 541
value_mean = -1.0
