entropy_mean = 4.706789493560791
loss_policy = 5.244634628295898
loss_total = 12.697229385375977
loss_value = 0.9999990463256836
step = 393
value_mean = 0.9999996423721313
