entropy_mean = 4.110074043273926
loss_policy = 4.644889831542969
loss_total = 11.089951515197754
loss_value = 1.0076524019241333
step = 994
value_mean = -0.9999201893806458
