entropy_mean = 2.8411355018615723
loss_policy = 2.646073341369629
loss_total = 8.69140911102295
loss_value = 1.020287036895752
step = 1385
value_mean = -0.9860148429870605
