entropy_mean = 3.7952940464019775
loss_policy = 3.7571334838867188
loss_total = 10.050638198852539
loss_value = 0.9921722412109375
step = 1118
value_mean = -0.9694324731826782
