entropy_mean = 5.679791450500488
loss_policy = 5.94934606552124
loss_total = 13.012716293334961
loss_value = 0.2606394588947296
step = 81
value_mean = -0.1478223353624344
