entropy_mean = 5.063514709472656
loss_policy = 5.715483665466309
loss_total = 13.245065689086914
loss_value = 0.9921855926513672
step = 352
value_mean = 0.9999992251396179
