entropy_mean = 5.476805210113525
loss_policy = 5.9473347663879395
loss_total = 13.732813835144043
loss_value = 0.9999985694885254
step = 129
value_mean = 0.9999992847442627
