entropy_mean = 3.336456775665283
loss_policy = 3.334537982940674
loss_total = 9.532773971557617
loss_value = 1.015624761581421
step = 1225
value_mean = -0.9999998807907104
