entropy_mean = 5.670158386230469
loss_policy = 6.245344161987305
loss_total = 14.002120971679688
loss_value = 1.0234370231628418
step = 199
value_mean = 0.9999997019767761
