entropy_mean = 4.071938991546631
loss_policy = 4.874505519866943
loss_total = 11.534536361694336
loss_value = 0.9921184182167053
step = 815
value_mean = 0.9995083808898926
