entropy_mean = 2.8351376056671143
loss_policy = 2.7441329956054688
loss_total = 8.818696975708008
loss_value = 1.023432970046997
step = 1357
value_mean = -0.9999974966049194
