entropy_mean = 4.621515274047852
loss_policy = 5.233181476593018
loss_total = 12.617151260375977
loss_value = 0.9999988079071045
step = 435
value_mean = 0.9999988079071045
