entropy_mean = 4.49153995513916
loss_policy = 5.253938674926758
loss_total = 12.466215133666992
loss_value = 0.9966326951980591
step = 521
value_mean = 0.9925132989883423
