entropy_mean = 5.8986053466796875
loss_policy = 5.941336631774902
loss_total = 13.716540336608887
loss_value = 1.023437261581421
step = 177
value_mean = 0.9999997615814209
