entropy_mean = 3.569589376449585
loss_policy = 4.069662570953369
loss_total = 10.447672843933105
loss_value = 0.9729311466217041
step = 1022
value_mean = -0.9023723602294922
