entropy_mean = 3.8975443840026855
loss_policy = 4.226060390472412
loss_total = 10.662285804748535
loss_value = 0.9921561479568481
step = 989
value_mean = -0.99997878074646
