entropy_mean = 3.412231683731079
loss_policy = 3.578988790512085
loss_total = 9.804618835449219
loss_value = 0.9999983310699463
step = 1188
value_mean = -0.9999991655349731
