entropy_mean = 4.703085422515869
loss_policy = 5.0158185958862305
loss_total = 11.936920166015625
loss_value = 0.9846760630607605
step = 660
value_mean = 0.8732637166976929
