entropy_mean = 4.4710187911987305
loss_policy = 4.715513229370117
loss_total = 11.283224105834961
loss_value = 1.0
step = 901
value_mean = -1.0
