entropy_mean = 4.841705322265625
loss_policy = 5.072178840637207
loss_total = 12.095507621765137
loss_value = 0.9253881573677063
step = 587
value_mean = 0.6769047975540161
