entropy_mean = 4.437806129455566
loss_policy = 4.630767345428467
loss_total = 11.263001441955566
loss_value = 0.9999985098838806
step = 840
value_mean = 0.9999996423721313
