entropy_mean = 4.564222812652588
loss_policy = 5.519806861877441
loss_total = 12.716293334960938
loss_value = 1.0234375
step = 546
value_mean = -1.0
