entropy_mean = 5.319145679473877
loss_policy = 6.616523742675781
loss_total = 14.451184272766113
loss_value = 1.0171328783035278
step = 12
value_mean = 0.9878498315811157
