entropy_mean = 5.611489772796631
loss_policy = 6.006486892700195
loss_total = 13.644475936889648
loss_value = 0.825878381729126
step = 44
value_mean = -0.5528727173805237
