entropy_mean = 4.76893424987793
loss_policy = 5.498136043548584
loss_total = 12.888040542602539
loss_value = 0.9999989867210388
step = 431
value_mean = 0.9999995827674866
