entropy_mean = 3.9860055446624756
loss_policy = 4.641036510467529
loss_total = 11.171165466308594
loss_value = 0.9921875
step = 922
value_mean = -1.0
