entropy_mean = 3.96604061126709
loss_policy = 5.834345817565918
loss_total = 13.0042724609375
loss_value = 1.0
step = 548
value_mean = -1.0
