entropy_mean = 4.548649787902832
loss_policy = 5.110540390014648
loss_total = 11.80949592590332
loss_value = 0.9997475147247314
step = 791
value_mean = -0.9998191595077515
