entropy_mean = 4.583927154541016
loss_policy = 4.792154788970947
loss_total = 11.582902908325195
loss_value = 1.023437261581421
step = 751
value_mean = -0.9999999403953552
