entropy_mean = 4.18953800201416
loss_policy = 4.931095123291016
loss_total = 11.65977668762207
loss_value = 0.9999999403953552
step = 771
value_mean = -1.0
