entropy_mean = 5.742861270904541
loss_policy = 5.871704578399658
loss_total = 13.654194831848145
loss_value = 0.9999982714653015
step = 134
value_mean = 0.9999991655349731
