entropy_mean = 4.429252624511719
loss_policy = 4.939002990722656
loss_total = 11.610093116760254
loss_value = 0.9827702641487122
step = 800
value_mean = -0.9985348582267761
