entropy_mean = 4.0431013107299805
loss_policy = 3.9687891006469727
loss_total = 10.269804000854492
loss_value = 0.9986908435821533
step = 1117
value_mean = -0.952122688293457
