entropy_mean = 5.703652381896973
loss_policy = 5.914790153503418
loss_total = 13.106670379638672
loss_value = 0.3924410343170166
step = 93
value_mean = -0.39468109607696533
