entropy_mean = 4.050100326538086
loss_policy = 4.3330817222595215
loss_total = 10.802495002746582
loss_value = 0.9765625
step = 956
value_mean = -1.0
