entropy_mean = 4.595027923583984
loss_policy = 5.2560811042785645
loss_total = 12.140972137451172
loss_value = 1.0
step = 685
value_mean = -1.0
