entropy_mean = 3.6941938400268555
loss_policy = 3.7498281002044678
loss_total = 9.971632957458496
loss_value = 0.9999999403953552
step = 1191
value_mean = -1.0
