entropy_mean = 5.025457859039307
loss_policy = 5.391265869140625
loss_total = 12.838658332824707
loss_value = 0.9999993443489075
step = 396
value_mean = 0.9999997615814209
