entropy_mean = 5.0798163414001465
loss_policy = 5.781956195831299
loss_total = 13.10775375366211
loss_value = 1.0234302282333374
step = 477
value_mean = 0.9999952912330627
