entropy_mean = 3.9290614128112793
loss_policy = 4.206244468688965
loss_total = 10.54237174987793
loss_value = 1.0443520545959473
step = 1127
value_mean = -0.9836921691894531
