entropy_mean = 5.3388824462890625
loss_policy = 5.799895286560059
loss_total = 13.514558792114258
loss_value = 0.9999992847442627
step = 220
value_mean = 0.9999995827674866
