entropy_mean = 5.643100738525391
loss_policy = 5.953819751739502
loss_total = 13.491546630859375
loss_value = 0.7263759970664978
step = 47
value_mean = 0.45607659220695496
