entropy_mean = 5.276832580566406
loss_policy = 6.188592910766602
loss_total = 13.884382247924805
loss_value = 1.0234370231628418
step = 258
value_mean = 0.9999997615814209
