entropy_mean = 3.5506129264831543
loss_policy = 3.499568223953247
loss_total = 9.718847274780273
loss_value = 1.0234369039535522
step = 1213
value_mean = -0.9999996423721313
