entropy_mean = 4.6740899085998535
loss_policy = 5.18670129776001
loss_total = 12.301900863647461
loss_value = 0.9921855926513672
step = 574
value_mean = -0.9999979138374329
