entropy_mean = 4.214493274688721
loss_policy = 4.170498847961426
loss_total = 10.435281753540039
loss_value = 0.9305424094200134
step = 1086
value_mean = 0.10837970674037933
