entropy_mean = 5.46005392074585
loss_policy = 5.748897552490234
loss_total = 13.492097854614258
loss_value = 0.9999998807907104
step = 188
value_mean = 0.9999999403953552
