entropy_mean = 3.6464202404022217
loss_policy = 3.644381046295166
loss_total = 9.968803405761719
loss_value = 1.016662836074829
step = 1112
value_mean = -0.9691190719604492
