entropy_mean = 4.951998710632324
loss_policy = 5.910902976989746
loss_total = 13.58975601196289
loss_value = 0.9999997615814209
step = 251
value_mean = 0.9999999403953552
