entropy_mean = 3.811089038848877
loss_policy = 4.591538906097412
loss_total = 11.305456161499023
loss_value = 1.0230650901794434
step = 798
value_mean = -0.9995496869087219
