entropy_mean = 4.722223281860352
loss_policy = 4.782803535461426
loss_total = 10.865531921386719
loss_value = 0.4857770800590515
step = 871
value_mean = 0.9843055605888367
