entropy_mean = 5.169139862060547
loss_policy = 6.003605842590332
loss_total = 13.658750534057617
loss_value = 1.0234359502792358
step = 296
value_mean = 0.9999991655349731
