entropy_mean = 4.3633012771606445
loss_policy = 5.837133407592773
loss_total = 13.466863632202148
loss_value = 1.0703074932098389
step = 340
value_mean = 0.9999978542327881
