entropy_mean = 4.314835071563721
loss_policy = 4.887537956237793
loss_total = 11.617668151855469
loss_value = 0.9921870827674866
step = 766
value_mean = -1.0
