entropy_mean = 5.55302619934082
loss_policy = 6.318016052246094
loss_total = 14.072879791259766
loss_value = 0.9921861290931702
step = 161
value_mean = 0.9999994039535522
