entropy_mean = 4.448155403137207
loss_policy = 5.206068992614746
loss_total = 11.82557487487793
loss_value = 0.9591912627220154
step = 820
value_mean = 0.6761623024940491
