entropy_mean = 5.667307376861572
loss_policy = 5.981500625610352
loss_total = 13.737300872802734
loss_value = 0.9999993443489075
step = 171
value_mean = 0.9999997615814209
