entropy_mean = 3.5339860916137695
loss_policy = 3.5824403762817383
loss_total = 9.83818244934082
loss_value = 1.0
step = 1161
value_mean = -1.0
