entropy_mean = 3.981288433074951
loss_policy = 4.386131286621094
loss_total = 10.916361808776855
loss_value = 1.0390621423721313
step = 957
value_mean = -0.9999998807907104
