entropy_mean = 4.480797290802002
loss_policy = 4.9612016677856445
loss_total = 11.607694625854492
loss_value = 1.015625
step = 841
value_mean = 1.0
