entropy_mean = 5.634288787841797
loss_policy = 6.194057464599609
loss_total = 13.945387840270996
loss_value = 1.0468742847442627
step = 229
value_mean = 0.9999996423721313
