entropy_mean = 4.5149030685424805
loss_policy = 5.405697822570801
loss_total = 12.655285835266113
loss_value = 0.9921839833259583
step = 498
value_mean = 0.9999961853027344
