entropy_mean = 4.182958126068115
loss_policy = 4.770015716552734
loss_total = 11.342226028442383
loss_value = 1.0234375
step = 914
value_mean = -1.0
