entropy_mean = 3.8525195121765137
loss_policy = 4.3636579513549805
loss_total = 10.667791366577148
loss_value = 0.9272027015686035
step = 1048
value_mean = 0.9409122467041016
