entropy_mean = 4.676516532897949
loss_policy = 4.943406105041504
loss_total = 11.508722305297852
loss_value = 1.0234375
step = 919
value_mean = -1.0
