entropy_mean = 4.476000785827637
loss_policy = 5.0082550048828125
loss_total = 11.738739013671875
loss_value = 0.7884454727172852
step = 657
value_mean = 0.5004454255104065
