entropy_mean = 3.811552047729492
loss_policy = 4.388588905334473
loss_total = 10.76601791381836
loss_value = 0.9794362783432007
step = 1028
value_mean = 0.9967435598373413
