entropy_mean = 5.427643775939941
loss_policy = 6.08853816986084
loss_total = 13.86506462097168
loss_value = 0.9921845197677612
step = 131
value_mean = 0.999998927116394
