entropy_mean = 5.088313102722168
loss_policy = 5.660025119781494
loss_total = 13.261881828308105
loss_value = 1.0234348773956299
step = 330
value_mean = 0.9999987483024597
