entropy_mean = 4.42431640625
loss_policy = 4.767982482910156
loss_total = 11.606910705566406
loss_value = 1.0234375
step = 721
value_mean = -1.0
