entropy_mean = 5.321127414703369
loss_policy = 6.647594451904297
loss_total = 14.324495315551758
loss_value = 0.9999997615814209
step = 253
value_mean = 0.9999998807907104
