entropy_mean = 5.299283027648926
loss_policy = 5.277741432189941
loss_total = 12.484329223632812
loss_value = 1.0
step = 526
value_mean = -1.0
