entropy_mean = 5.770657539367676
loss_policy = 5.895254611968994
loss_total = 13.630276679992676
loss_value = 1.0234371423721313
step = 223
value_mean = 0.9999998807907104
