entropy_mean = 4.575376510620117
loss_policy = 4.914438247680664
loss_total = 12.039473533630371
loss_value = 0.9999998807907104
step = 573
value_mean = -0.9999998807907104
