entropy_mean = 5.406149864196777
loss_policy = 5.82541561126709
loss_total = 13.552724838256836
loss_value = 0.992186963558197
step = 197
value_mean = 0.9999997615814209
