entropy_mean = 4.712218284606934
loss_policy = 4.762454986572266
loss_total = 11.629461288452148
loss_value = 0.9921875
step = 690
value_mean = -1.0
