entropy_mean = 4.576415061950684
loss_policy = 4.826682090759277
loss_total = 11.22103500366211
loss_value = 0.9984568953514099
step = 1030
value_mean = 0.9961903095245361
