entropy_mean = 2.5961127281188965
loss_policy = 3.110652446746826
loss_total = 9.180946350097656
loss_value = 0.9999901652336121
step = 1337
value_mean = -0.999994158744812
