entropy_mean = 3.447899341583252
loss_policy = 3.8917746543884277
loss_total = 10.126404762268066
loss_value = 0.8902401924133301
step = 1077
value_mean = 0.06538331508636475
