entropy_mean = 3.1152639389038086
loss_policy = 3.394562244415283
loss_total = 9.514622688293457
loss_value = 0.999995231628418
step = 1282
value_mean = -0.9999964237213135
