entropy_mean = 4.995224952697754
loss_policy = 5.720335006713867
loss_total = 13.158231735229492
loss_value = 0.9999991655349731
step = 401
value_mean = 0.999999463558197
