entropy_mean = 5.939105987548828
loss_policy = 6.203732013702393
loss_total = 13.957964897155762
loss_value = 1.0156245231628418
step = 193
value_mean = 0.9999997615814209
