entropy_mean = 4.510542392730713
loss_policy = 4.870110034942627
loss_total = 11.721603393554688
loss_value = 1.046875
step = 728
value_mean = -1.0
