entropy_mean = 5.186479568481445
loss_policy = 5.77398681640625
loss_total = 13.560832977294922
loss_value = 1.023436427116394
step = 160
value_mean = 0.9999992847442627
