entropy_mean = 4.439560890197754
loss_policy = 5.278770923614502
loss_total = 12.657567977905273
loss_value = 0.9999969601631165
step = 438
value_mean = 0.9999986886978149
