entropy_mean = 4.760728359222412
loss_policy = 5.080121994018555
loss_total = 12.06660270690918
loss_value = 0.9941141605377197
step = 635
value_mean = -0.9151499271392822
