entropy_mean = 4.457024574279785
loss_policy = 5.389106750488281
loss_total = 12.832704544067383
loss_value = 0.9999991655349731
step = 398
value_mean = 0.9999996423721313
