entropy_mean = 5.06785774230957
loss_policy = 5.855442047119141
loss_total = 13.517309188842773
loss_value = 0.9921867251396179
step = 261
value_mean = 0.999999463558197
