entropy_mean = 4.12553071975708
loss_policy = 4.424319267272949
loss_total = 10.884574890136719
loss_value = 0.9999984502792358
step = 977
value_mean = -0.9999980926513672
