entropy_mean = 4.4330549240112305
loss_policy = 5.093865394592285
loss_total = 12.136422157287598
loss_value = 1.0
step = 612
value_mean = -1.0
