entropy_mean = 5.546287536621094
loss_policy = 6.191417694091797
loss_total = 13.833756446838379
loss_value = 1.0156214237213135
step = 300
value_mean = 0.9999986886978149
