entropy_mean = 2.93288516998291
loss_policy = 2.9723448753356934
loss_total = 9.063709259033203
loss_value = 0.9999998807907104
step = 1313
value_mean = -0.9999999403953552
