entropy_mean = 4.926739692687988
loss_policy = 5.784257888793945
loss_total = 13.196950912475586
loss_value = 0.984374463558197
step = 406
value_mean = 0.9999995231628418
