entropy_mean = 4.050057411193848
loss_policy = 5.414292335510254
loss_total = 11.999152183532715
loss_value = 1.0
step = 883
value_mean = -1.0
