entropy_mean = 4.059981822967529
loss_policy = 4.5462799072265625
loss_total = 11.01026439666748
loss_value = 0.9921059608459473
step = 969
value_mean = -0.9999633431434631
