entropy_mean = 5.631793975830078
loss_policy = 5.688075542449951
loss_total = 13.009623527526855
loss_value = 0.515335202217102
step = 67
value_mean = -0.5645148754119873
