entropy_mean = 4.64429235458374
loss_policy = 4.462594985961914
loss_total = 10.946958541870117
loss_value = 0.9999970197677612
step = 961
value_mean = -0.999997615814209
