entropy_mean = 2.901411294937134
loss_policy = 3.416086196899414
loss_total = 9.612266540527344
loss_value = 1.0234301090240479
step = 1234
value_mean = -0.9999983310699463
