entropy_mean = 3.88627028465271
loss_policy = 4.267396926879883
loss_total = 10.683785438537598
loss_value = 0.9920693039894104
step = 1005
value_mean = -0.9999640583992004
