entropy_mean = 4.268620491027832
loss_policy = 5.136526584625244
loss_total = 12.277379989624023
loss_value = 1.0
step = 565
value_mean = -1.0
