entropy_mean = 2.5499496459960938
loss_policy = 2.6862757205963135
loss_total = 8.739957809448242
loss_value = 0.9765616655349731
step = 1329
value_mean = -0.9999991655349731
