entropy_mean = 4.660302639007568
loss_policy = 5.822196960449219
loss_total = 13.318635940551758
loss_value = 0.9999998211860657
step = 369
value_mean = 0.9999998807907104
