entropy_mean = 4.188755035400391
loss_policy = 4.665962219238281
loss_total = 11.179254531860352
loss_value = 1.0078115463256836
step = 947
value_mean = -0.9999995231628418
