entropy_mean = 5.733320236206055
loss_policy = 6.171222686767578
loss_total = 13.192325592041016
loss_value = 0.22116006910800934
step = 91
value_mean = 0.5533585548400879
