entropy_mean = 4.853557586669922
loss_policy = 5.87136697769165
loss_total = 13.49190902709961
loss_value = 1.0234359502792358
step = 319
value_mean = 0.999999463558197
