entropy_mean = 4.9446120262146
loss_policy = 5.430053234100342
loss_total = 12.991829872131348
loss_value = 1.0468742847442627
step = 362
value_mean = 0.999999463558197
