entropy_mean = 4.381558895111084
loss_policy = 5.154935836791992
loss_total = 12.600432395935059
loss_value = 0.999999463558197
step = 397
value_mean = 0.9999997019767761
