entropy_mean = 3.0906360149383545
loss_policy = 3.651918888092041
loss_total = 9.85831069946289
loss_value = 0.9921873211860657
step = 1197
value_mean = -1.0
