entropy_mean = 4.927208423614502
loss_policy = 5.310801029205322
loss_total = 12.660449028015137
loss_value = 0.9921858906745911
step = 450
value_mean = 0.9999991655349731
