entropy_mean = 5.136048316955566
loss_policy = 5.66463565826416
loss_total = 13.212587356567383
loss_value = 0.9921833276748657
step = 342
value_mean = 0.9999979734420776
