entropy_mean = 4.288345813751221
loss_policy = 4.712886810302734
loss_total = 11.506786346435547
loss_value = 1.0
step = 735
value_mean = -1.0
