entropy_mean = 5.729859352111816
loss_policy = 6.4005584716796875
loss_total = 14.14673137664795
loss_value = 0.9765623807907104
step = 151
value_mean = 1.0
