entropy_mean = 4.398513317108154
loss_policy = 4.858823299407959
loss_total = 11.418703079223633
loss_value = 1.0
step = 907
value_mean = -1.0
