entropy_mean = 5.479837417602539
loss_policy = 6.193678855895996
loss_total = 13.86134147644043
loss_value = 0.9999992847442627
step = 263
value_mean = 0.9999996423721313
