entropy_mean = 3.2647857666015625
loss_policy = 4.1302385330200195
loss_total = 10.40233039855957
loss_value = 0.9993540644645691
step = 1145
value_mean = -0.9996817708015442
