entropy_mean = 4.30708122253418
loss_policy = 5.372033596038818
loss_total = 12.709991455078125
loss_value = 1.0156220197677612
step = 467
value_mean = 0.999997615814209
