entropy_mean = 3.0258231163024902
loss_policy = 3.073922634124756
loss_total = 9.206648826599121
loss_value = 1.0234365463256836
step = 1293
value_mean = -0.9999996423721313
