entropy_mean = 4.853095054626465
loss_policy = 4.973460674285889
loss_total = 11.530696868896484
loss_value = 0.9051619172096252
step = 826
value_mean = -0.33468273282051086
