entropy_mean = 3.4390602111816406
loss_policy = 3.3733134269714355
loss_total = 9.597820281982422
loss_value = 0.9915569424629211
step = 1182
value_mean = -0.9857279062271118
