entropy_mean = 2.404876470565796
loss_policy = 2.755067825317383
loss_total = 8.798669815063477
loss_value = 1.0159049034118652
step = 1382
value_mean = -0.9914779663085938
