entropy_mean = 3.41778826713562
loss_policy = 3.716989517211914
loss_total = 10.00102424621582
loss_value = 1.0155911445617676
step = 1149
value_mean = -0.9999821186065674
