entropy_mean = 4.756928443908691
loss_policy = 5.3927083015441895
loss_total = 12.275540351867676
loss_value = 1.0
step = 686
value_mean = -1.0
