entropy_mean = 4.37743616104126
loss_policy = 5.183844566345215
loss_total = 11.75921630859375
loss_value = 1.0
step = 893
value_mean = -1.0
