entropy_mean = 4.469939231872559
loss_policy = 5.009305477142334
loss_total = 11.88861083984375
loss_value = 0.7833492755889893
step = 588
value_mean = -0.1613147258758545
