entropy_mean = 4.606472969055176
loss_policy = 5.231971740722656
loss_total = 12.456459045410156
loss_value = 0.999758243560791
step = 516
value_mean = 0.9997423887252808
