entropy_mean = 4.754541873931885
loss_policy = 5.364701747894287
loss_total = 12.908978462219238
loss_value = 0.9921852946281433
step = 344
value_mean = 0.999998927116394
