entropy_mean = 2.629272222518921
loss_policy = 2.886807441711426
loss_total = 8.98267936706543
loss_value = 0.992186427116394
step = 1299
value_mean = -0.9999995827674866
