entropy_mean = 2.6789708137512207
loss_policy = 2.6959335803985596
loss_total = 8.770578384399414
loss_value = 1.0156092643737793
step = 1349
value_mean = -0.9999952912330627
