entropy_mean = 3.4700169563293457
loss_policy = 3.437547206878662
loss_total = 9.71615982055664
loss_value = 1.04686439037323
step = 1183
value_mean = -0.9999990463256836
