entropy_mean = 4.33658504486084
loss_policy = 5.21497917175293
loss_total = 12.241451263427734
loss_value = 0.9999878406524658
step = 619
value_mean = -0.9999743700027466
