entropy_mean = 4.722350120544434
loss_policy = 5.626404762268066
loss_total = 13.235448837280273
loss_value = 1.0624966621398926
step = 347
value_mean = 0.9999985098838806
