entropy_mean = 5.419172763824463
loss_policy = 5.639151096343994
loss_total = 13.34862232208252
loss_value = 0.9999991655349731
step = 225
value_mean = 0.9999997019767761
