entropy_mean = 4.913516998291016
loss_policy = 5.606847763061523
loss_total = 12.97235107421875
loss_value = 0.9921845197677612
step = 441
value_mean = 0.9999988079071045
