entropy_mean = 3.5451927185058594
loss_policy = 3.7834486961364746
loss_total = 10.016201972961426
loss_value = 1.0234375
step = 1201
value_mean = -0.9999999403953552
