entropy_mean = 5.332409858703613
loss_policy = 5.967959403991699
loss_total = 13.6343994140625
loss_value = 1.0234359502792358
step = 286
value_mean = 0.9999993443489075
