entropy_mean = 4.178407192230225
loss_policy = 4.941275119781494
loss_total = 11.570796966552734
loss_value = 0.9999540448188782
step = 842
value_mean = 0.9999715089797974
