entropy_mean = 3.135007381439209
loss_policy = 3.1507678031921387
loss_total = 9.226009368896484
loss_value = 0.9921848773956299
step = 1322
value_mean = -0.9999984502792358
