entropy_mean = 4.2366838455200195
loss_policy = 4.619518756866455
loss_total = 11.170487403869629
loss_value = 1.015624761581421
step = 924
value_mean = -0.9999998211860657
