entropy_mean = 4.092799663543701
loss_policy = 4.2970428466796875
loss_total = 10.520673751831055
loss_value = 0.8509643077850342
step = 1052
value_mean = -0.3432328402996063
