entropy_mean = 4.436661720275879
loss_policy = 4.750569820404053
loss_total = 11.607837677001953
loss_value = 1.0
step = 699
value_mean = -1.0
