entropy_mean = 5.536075592041016
loss_policy = 5.931787014007568
loss_total = 13.70531940460205
loss_value = 0.9999996423721313
step = 146
value_mean = 0.9999998211860657
