entropy_mean = 5.130353927612305
loss_policy = 5.962324142456055
loss_total = 13.652981758117676
loss_value = 0.9999983310699463
step = 240
value_mean = 0.9999991655349731
