entropy_mean = 5.496772766113281
loss_policy = 6.203400611877441
loss_total = 13.936392784118652
loss_value = 1.0156241655349731
step = 217
value_mean = 0.999999463558197
