entropy_mean = 2.233405590057373
loss_policy = 2.4596238136291504
loss_total = 8.481206893920898
loss_value = 1.0156246423721313
step = 1409
value_mean = -0.9999997615814209
