entropy_mean = 4.43942928314209
loss_policy = 4.802879333496094
loss_total = 11.517486572265625
loss_value = 0.999999463558197
step = 780
value_mean = -0.9999997615814209
