entropy_mean = 4.599377632141113
loss_policy = 5.487090587615967
loss_total = 12.819710731506348
loss_value = 0.9999939203262329
step = 462
value_mean = 0.999998152256012
