entropy_mean = 4.039619445800781
loss_policy = 4.5950927734375
loss_total = 11.168437004089355
loss_value = 0.9921875
step = 887
value_mean = -1.0
