entropy_mean = 4.617875576019287
loss_policy = 5.053136348724365
loss_total = 11.867116928100586
loss_value = 0.9027069807052612
step = 673
value_mean = 0.10859203338623047
