entropy_mean = 5.585104942321777
loss_policy = 5.689475059509277
loss_total = 13.45622444152832
loss_value = 0.9722339510917664
step = 112
value_mean = -0.9256830215454102
