entropy_mean = 3.8604228496551514
loss_policy = 4.7063307762146
loss_total = 11.185834884643555
loss_value = 0.9999879598617554
step = 964
value_mean = -0.999991774559021
