entropy_mean = 3.416393518447876
loss_policy = 3.6315665245056152
loss_total = 9.842118263244629
loss_value = 0.9912478923797607
step = 1193
value_mean = -0.9999427199363708
