entropy_mean = 3.272890090942383
loss_policy = 3.6046719551086426
loss_total = 9.807071685791016
loss_value = 0.9999999403953552
step = 1207
value_mean = -1.0
