entropy_mean = 3.2669789791107178
loss_policy = 3.2855565547943115
loss_total = 9.51047134399414
loss_value = 0.9862687587738037
step = 1177
value_mean = -0.9837689399719238
