entropy_mean = 4.984114646911621
loss_policy = 5.799729347229004
loss_total = 13.28156852722168
loss_value = 0.9921872615814209
step = 372
value_mean = 0.9999998807907104
