entropy_mean = 3.0250210762023926
loss_policy = 3.1638011932373047
loss_total = 9.400168418884277
loss_value = 0.9988268613815308
step = 1178
value_mean = -0.9842996597290039
