entropy_mean = 2.9768943786621094
loss_policy = 3.3015031814575195
loss_total = 9.4627685546875
loss_value = 0.9843572378158569
step = 1230
value_mean = -0.9999963641166687
