entropy_mean = 4.349508285522461
loss_policy = 4.861018180847168
loss_total = 11.720220565795898
loss_value = 1.0
step = 698
value_mean = -1.0
