entropy_mean = 3.3782806396484375
loss_policy = 4.836226463317871
loss_total = 11.416145324707031
loss_value = 0.9921874403953552
step = 880
value_mean = -1.0
