entropy_mean = 4.08349609375
loss_policy = 4.161126613616943
loss_total = 10.538549423217773
loss_value = 1.0174193382263184
step = 1063
value_mean = -0.9895806312561035
