entropy_mean = 4.661441802978516
loss_policy = 4.339610576629639
loss_total = 10.758440017700195
loss_value = 0.9921157360076904
step = 1003
value_mean = -0.9999324083328247
