entropy_mean = 5.865808486938477
loss_policy = 6.497772216796875
loss_total = 14.215374946594238
loss_value = 1.0234373807907104
step = 237
value_mean = 1.0
