entropy_mean = 5.452223777770996
loss_policy = 6.810938835144043
loss_total = 14.493816375732422
loss_value = 0.9999994039535522
step = 247
value_mean = 0.9999997019767761
