entropy_mean = 3.5288476943969727
loss_policy = 3.426687240600586
loss_total = 9.582449913024902
loss_value = 0.9999998807907104
step = 1250
value_mean = -0.9999998807907104
