entropy_mean = 5.366000652313232
loss_policy = 6.3796515464782715
loss_total = 14.159992218017578
loss_value = 0.9999988675117493
step = 137
value_mean = 0.999999463558197
