entropy_mean = 4.565277099609375
loss_policy = 5.355329513549805
loss_total = 12.610006332397461
loss_value = 1.0231972932815552
step = 512
value_mean = 0.9998427629470825
