entropy_mean = 5.880475044250488
loss_policy = 5.963977336883545
loss_total = 13.04344367980957
loss_value = 0.273717999458313
step = 69
value_mean = 0.3034297227859497
