entropy_mean = 5.932544708251953
loss_policy = 7.5182695388793945
loss_total = 15.335099220275879
loss_value = 0.9991705417633057
step = 7
value_mean = 0.9995622634887695
