entropy_mean = 3.040743112564087
loss_policy = 2.979771614074707
loss_total = 9.061325073242188
loss_value = 1.007798671722412
step = 1333
value_mean = -0.999995768070221
