entropy_mean = 4.043902397155762
loss_policy = 5.781000137329102
loss_total = 13.149026870727539
loss_value = 0.9999972581863403
step = 444
value_mean = 0.9999985098838806
