entropy_mean = 4.22950553894043
loss_policy = 5.248315811157227
loss_total = 12.432579040527344
loss_value = 0.9704686403274536
step = 522
value_mean = 0.4270782172679901
