entropy_mean = 2.679110527038574
loss_policy = 3.0662245750427246
loss_total = 8.83810043334961
loss_value = 0.7527096271514893
step = 1392
value_mean = 0.4975340962409973
