entropy_mean = 3.4630064964294434
loss_policy = 3.7433524131774902
loss_total = 9.995370864868164
loss_value = 1.0390561819076538
step = 1198
value_mean = -0.9999967813491821
