entropy_mean = 5.737148284912109
loss_policy = 5.821846008300781
loss_total = 13.42593765258789
loss_value = 0.7964470982551575
step = 61
value_mean = -0.48757973313331604
