entropy_mean = 5.69310188293457
loss_policy = 5.894166469573975
loss_total = 13.278411865234375
loss_value = 0.5747678279876709
step = 54
value_mean = 0.2627917528152466
