entropy_mean = 2.771738290786743
loss_policy = 3.324364423751831
loss_total = 9.515480041503906
loss_value = 0.9998496770858765
step = 1217
value_mean = -0.9998126029968262
