entropy_mean = 5.057432174682617
loss_policy = 5.748140335083008
loss_total = 13.473737716674805
loss_value = 0.9999996423721313
step = 208
value_mean = 0.9999996423721313
