entropy_mean = 5.622275352478027
loss_policy = 5.754958152770996
loss_total = 13.486695289611816
loss_value = 1.0234363079071045
step = 226
value_mean = 0.9999993443489075
