entropy_mean = 5.43234920501709
loss_policy = 8.382554054260254
loss_total = 16.191577911376953
loss_value = 0.9913358688354492
step = 4
value_mean = 0.9995676875114441
