entropy_mean = 4.358321189880371
loss_policy = 5.011965751647949
loss_total = 12.06535530090332
loss_value = 0.9702051281929016
step = 594
value_mean = 0.8581864833831787
