entropy_mean = 4.669431686401367
loss_policy = 5.4867329597473145
loss_total = 13.040657043457031
loss_value = 0.999984622001648
step = 343
value_mean = 0.9999926686286926
