entropy_mean = 5.597550392150879
loss_policy = 6.05335807800293
loss_total = 13.847148895263672
loss_value = 1.0078057050704956
step = 128
value_mean = 0.9999973773956299
