entropy_mean = 5.393244743347168
loss_policy = 6.142625331878662
loss_total = 13.902044296264648
loss_value = 1.023434042930603
step = 196
value_mean = 0.999997615814209
