entropy_mean = 4.252240180969238
loss_policy = 4.880291938781738
loss_total = 11.454578399658203
loss_value = 0.9921872019767761
step = 886
value_mean = -0.9999998807907104
