entropy_mean = 2.9361586570739746
loss_policy = 3.0237696170806885
loss_total = 9.171097755432129
loss_value = 1.007811427116394
step = 1265
value_mean = -0.9999992847442627
