entropy_mean = 4.468173503875732
loss_policy = 5.260003089904785
loss_total = 11.95573616027832
loss_value = 0.739172101020813
step = 650
value_mean = -0.5337765216827393
