entropy_mean = 4.405841827392578
loss_policy = 4.972011566162109
loss_total = 12.101057052612305
loss_value = 0.9999992251396179
step = 571
value_mean = -0.9999990463256836
