entropy_mean = 4.860743999481201
loss_policy = 5.646697521209717
loss_total = 13.02436351776123
loss_value = 0.9921865463256836
step = 434
value_mean = 0.9999993443489075
