entropy_mean = 5.736319065093994
loss_policy = 6.667750358581543
loss_total = 14.461373329162598
loss_value = 0.9760003089904785
step = 9
value_mean = 0.9938392043113708
