entropy_mean = 5.50336217880249
loss_policy = 6.03387451171875
loss_total = 13.797677040100098
loss_value = 1.0156230926513672
step = 182
value_mean = 0.9999991059303284
