entropy_mean = 4.794816970825195
loss_policy = 4.650172233581543
loss_total = 11.170714378356934
loss_value = 1.0234373807907104
step = 953
value_mean = -0.9999999403953552
