entropy_mean = 4.244355201721191
loss_policy = 4.753024101257324
loss_total = 11.372060775756836
loss_value = 0.9999527931213379
step = 851
value_mean = 0.9999096393585205
