entropy_mean = 4.041713714599609
loss_policy = 4.377926826477051
loss_total = 10.891831398010254
loss_value = 1.0390591621398926
step = 967
value_mean = -0.9999978542327881
