entropy_mean = 3.4158520698547363
loss_policy = 3.704906463623047
loss_total = 9.96658992767334
loss_value = 0.9921666383743286
step = 1148
value_mean = -0.9843756556510925
