entropy_mean = 4.814441680908203
loss_policy = 5.311166286468506
loss_total = 12.587766647338867
loss_value = 0.9999880790710449
step = 490
value_mean = 0.9999926090240479
