entropy_mean = 4.729401588439941
loss_policy = 4.9269633293151855
loss_total = 11.926910400390625
loss_value = 0.9687498807907104
step = 617
value_mean = -0.9999996423721313
