entropy_mean = 5.727387428283691
loss_policy = 5.923334121704102
loss_total = 13.71548080444336
loss_value = 0.9771809577941895
step = 32
value_mean = 0.9166077971458435
