entropy_mean = 4.896798133850098
loss_policy = 5.511136054992676
loss_total = 13.082229614257812
loss_value = 0.9999963641166687
step = 334
value_mean = 0.9999977350234985
