entropy_mean = 3.9200387001037598
loss_policy = 4.062865257263184
loss_total = 10.372760772705078
loss_value = 0.9921875
step = 1101
value_mean = -1.0
