entropy_mean = 5.348573207855225
loss_policy = 6.248861312866211
loss_total = 13.562761306762695
loss_value = 0.999988317489624
step = 471
value_mean = 0.9999945163726807
