entropy_mean = 4.963700294494629
loss_policy = 5.830435752868652
loss_total = 13.284598350524902
loss_value = 0.999998927116394
step = 392
value_mean = 0.9999995827674866
