entropy_mean = 5.635980606079102
loss_policy = 5.8362345695495605
loss_total = 13.589973449707031
loss_value = 0.9413759708404541
step = 43
value_mean = -0.8420425653457642
