entropy_mean = 4.422956466674805
loss_policy = 5.228036403656006
loss_total = 12.310867309570312
loss_value = 1.0234375
step = 604
value_mean = -1.0
