entropy_mean = 4.701860427856445
loss_policy = 6.263236999511719
loss_total = 13.938268661499023
loss_value = 0.9999998807907104
step = 255
value_mean = 0.9999999403953552
