entropy_mean = 3.7754979133605957
loss_policy = 4.160888671875
loss_total = 10.353650093078613
loss_value = 0.800894021987915
step = 1034
value_mean = -0.5951457619667053
