entropy_mean = 4.426159381866455
loss_policy = 4.500912666320801
loss_total = 11.05743408203125
loss_value = 0.9921875
step = 904
value_mean = -1.0
