entropy_mean = 5.090427875518799
loss_policy = 6.186611652374268
loss_total = 13.942666053771973
loss_value = 1.0156245231628418
step = 191
value_mean = 0.9999996423721313
