entropy_mean = 4.969412326812744
loss_policy = 5.464939117431641
loss_total = 12.971405982971191
loss_value = 0.9843735694885254
step = 359
value_mean = 0.999999463558197
