entropy_mean = 4.531918048858643
loss_policy = 5.02803897857666
loss_total = 12.049968719482422
loss_value = 0.9999996423721313
step = 621
value_mean = -0.9999999403953552
