entropy_mean = 4.164405822753906
loss_policy = 4.5730180740356445
loss_total = 11.254005432128906
loss_value = 0.9976842403411865
step = 804
value_mean = -0.8635779619216919
