entropy_mean = 5.080832004547119
loss_policy = 6.052804946899414
loss_total = 13.716053009033203
loss_value = 0.9999996423721313
step = 267
value_mean = 0.9999998807907104
