entropy_mean = 5.137622356414795
loss_policy = 5.59235954284668
loss_total = 12.909127235412598
loss_value = 1.023384928703308
step = 482
value_mean = 0.9999749064445496
