entropy_mean = 3.7533955574035645
loss_policy = 4.397277355194092
loss_total = 10.845476150512695
loss_value = 0.9921874403953552
step = 980
value_mean = -1.0
