entropy_mean = 4.1708984375
loss_policy = 5.254372596740723
loss_total = 12.460290908813477
loss_value = 1.0234375
step = 540
value_mean = -1.0
