entropy_mean = 4.323100566864014
loss_policy = 4.823451042175293
loss_total = 11.584893226623535
loss_value = 0.9921866059303284
step = 750
value_mean = -0.9999998807907104
