entropy_mean = 3.8849565982818604
loss_policy = 6.0240864753723145
loss_total = 12.609862327575684
loss_value = 0.9999999403953552
step = 882
value_mean = -1.0
