entropy_mean = 4.145027160644531
loss_policy = 4.711235046386719
loss_total = 11.258599281311035
loss_value = 1.0
step = 915
value_mean = -1.0
