entropy_mean = 3.1881027221679688
loss_policy = 3.623483419418335
loss_total = 9.869482040405273
loss_value = 0.9989489912986755
step = 1169
value_mean = -0.9987058043479919
