entropy_mean = 5.186699867248535
loss_policy = 5.80255126953125
loss_total = 13.085529327392578
loss_value = 1.0234295129776
step = 497
value_mean = 0.9999955892562866
