entropy_mean = 5.6854248046875
loss_policy = 5.935919284820557
loss_total = 13.557416915893555
loss_value = 0.9999986290931702
step = 304
value_mean = 0.9999994039535522
