entropy_mean = 3.7836711406707764
loss_policy = 4.3984527587890625
loss_total = 10.710775375366211
loss_value = 1.0
step = 1107
value_mean = -1.0
