entropy_mean = 3.1993441581726074
loss_policy = 3.460390090942383
loss_total = 9.677523612976074
loss_value = 0.9927704334259033
step = 1189
value_mean = -0.9937193393707275
