entropy_mean = 3.4757866859436035
loss_policy = 3.6473805904388428
loss_total = 9.824798583984375
loss_value = 0.9937078356742859
step = 1224
value_mean = -0.9930113554000854
