entropy_mean = 5.6675262451171875
loss_policy = 5.903480529785156
loss_total = 13.66891098022461
loss_value = 0.9999992847442627
step = 157
value_mean = 0.9999997615814209
