entropy_mean = 5.685778617858887
loss_policy = 6.017745494842529
loss_total = 13.775236129760742
loss_value = 0.9625765681266785
step = 111
value_mean = -0.9663984775543213
