entropy_mean = 2.6885900497436523
loss_policy = 2.973311424255371
loss_total = 9.026321411132812
loss_value = 0.9999904632568359
step = 1355
value_mean = -0.9999878406524658
