entropy_mean = 2.7378807067871094
loss_policy = 2.840494394302368
loss_total = 8.85883903503418
loss_value = 1.0156240463256836
step = 1413
value_mean = -0.9999984502792358
