entropy_mean = 4.386961936950684
loss_policy = 5.121101379394531
loss_total = 12.280271530151367
loss_value = 1.0
step = 555
value_mean = -1.0
