entropy_mean = 4.5164690017700195
loss_policy = 4.83171272277832
loss_total = 11.564020156860352
loss_value = 0.9999998807907104
step = 769
value_mean = -1.0
