entropy_mean = 4.869811058044434
loss_policy = 5.125764846801758
loss_total = 11.975197792053223
loss_value = 0.8760162591934204
step = 643
value_mean = -0.6909052133560181
