entropy_mean = 4.251979827880859
loss_policy = 4.822696685791016
loss_total = 10.98592472076416
loss_value = 0.5642099380493164
step = 869
value_mean = -0.13779519498348236
