entropy_mean = 5.603642463684082
loss_policy = 5.819202899932861
loss_total = 13.401342391967773
loss_value = 0.7752249836921692
step = 64
value_mean = 0.5476763248443604
