entropy_mean = 4.389914512634277
loss_policy = 4.986076831817627
loss_total = 11.851601600646973
loss_value = 0.9722999334335327
step = 681
value_mean = -0.9926722645759583
