entropy_mean = 4.604250907897949
loss_policy = 4.921902656555176
loss_total = 11.720258712768555
loss_value = 0.9921875
step = 727
value_mean = -1.0
