entropy_mean = 3.0158214569091797
loss_policy = 3.1599905490875244
loss_total = 9.238818168640137
loss_value = 0.9999979138374329
step = 1327
value_mean = -0.9999993443489075
