entropy_mean = 4.813164234161377
loss_policy = 5.315411567687988
loss_total = 12.713970184326172
loss_value = 1.023435354232788
step = 440
value_mean = 0.9999988079071045
