entropy_mean = 5.376368522644043
loss_policy = 6.10712194442749
loss_total = 13.64232063293457
loss_value = 0.9921832084655762
step = 349
value_mean = 0.9999982118606567
