entropy_mean = 4.638640403747559
loss_policy = 4.988791465759277
loss_total = 11.516301155090332
loss_value = 0.8767957091331482
step = 827
value_mean = 0.07035038620233536
