entropy_mean = 5.193627834320068
loss_policy = 5.405883312225342
loss_total = 12.768718719482422
loss_value = 0.9999977350234985
step = 447
value_mean = 0.9999991059303284
