entropy_mean = 5.440734386444092
loss_policy = 5.967464923858643
loss_total = 13.59335994720459
loss_value = 1.0234371423721313
step = 316
value_mean = 0.9999997615814209
