entropy_mean = 5.860085487365723
loss_policy = 5.818920135498047
loss_total = 13.400453567504883
loss_value = 0.7848390340805054
step = 105
value_mean = 0.3278234601020813
