entropy_mean = 3.749776601791382
loss_policy = 4.199304103851318
loss_total = 10.515007019042969
loss_value = 0.9659035801887512
step = 1072
value_mean = -0.8286778926849365
