entropy_mean = 4.244516372680664
loss_policy = 4.986084938049316
loss_total = 11.561326026916504
loss_value = 0.9921875
step = 885
value_mean = -1.0
