entropy_mean = 5.569231033325195
loss_policy = 5.703898906707764
loss_total = 13.479811668395996
loss_value = 0.9999992847442627
step = 143
value_mean = 0.9999996423721313
