entropy_mean = 5.164117813110352
loss_policy = 5.835723400115967
loss_total = 13.55954360961914
loss_value = 0.9921866655349731
step = 201
value_mean = 0.9999995231628418
