entropy_mean = 5.915557861328125
loss_policy = 6.186981201171875
loss_total = 13.968740463256836
loss_value = 0.9999986886978149
step = 135
value_mean = 0.999999463558197
