entropy_mean = 4.725543975830078
loss_policy = 5.097912788391113
loss_total = 11.99007511138916
loss_value = 0.9463476538658142
step = 655
value_mean = -0.5622121095657349
