entropy_mean = 5.069949150085449
loss_policy = 5.008683204650879
loss_total = 11.8095703125
loss_value = 0.8918508291244507
step = 674
value_mean = -0.3957289159297943
