entropy_mean = 4.423216342926025
loss_policy = 5.400944709777832
loss_total = 12.748678207397461
loss_value = 1.0234355926513672
step = 466
value_mean = 0.999998152256012
