entropy_mean = 2.973106861114502
loss_policy = 3.334991455078125
loss_total = 9.481979370117188
loss_value = 0.9999986886978149
step = 1258
value_mean = -0.9999997019767761
