entropy_mean = 2.681267499923706
loss_policy = 2.777226209640503
loss_total = 8.784785270690918
loss_value = 0.9999850988388062
step = 1407
value_mean = -0.9999954700469971
