entropy_mean = 5.372561454772949
loss_policy = 6.3085103034973145
loss_total = 13.996092796325684
loss_value = 0.9921870827674866
step = 236
value_mean = 0.9999997615814209
