entropy_mean = 4.336045742034912
loss_policy = 5.32950496673584
loss_total = 12.010665893554688
loss_value = 0.984373152256012
step = 793
value_mean = -0.9999980926513672
