entropy_mean = 5.84379768371582
loss_policy = 6.066728591918945
loss_total = 13.86370849609375
loss_value = 0.9809116125106812
step = 26
value_mean = 0.9785523414611816
