entropy_mean = 5.417909622192383
loss_policy = 6.7417402267456055
loss_total = 14.415864944458008
loss_value = 0.9999997019767761
step = 256
value_mean = 0.9999998807907104
