entropy_mean = 4.267992973327637
loss_policy = 5.158852577209473
loss_total = 12.306941986083984
loss_value = 1.0388622283935547
step = 581
value_mean = -0.9845806360244751
