entropy_mean = 3.5382933616638184
loss_policy = 5.081567764282227
loss_total = 11.668298721313477
loss_value = 1.0
step = 881
value_mean = -1.0
