entropy_mean = 2.680694103240967
loss_policy = 2.7950046062469482
loss_total = 8.856803894042969
loss_value = 1.0077918767929077
step = 1354
value_mean = -0.9999843835830688
