entropy_mean = 4.342294216156006
loss_policy = 5.28322696685791
loss_total = 11.98497200012207
loss_value = 0.9999988079071045
step = 789
value_mean = -0.9999992847442627
