entropy_mean = 2.968782901763916
loss_policy = 3.24949049949646
loss_total = 9.409697532653809
loss_value = 0.9999999403953552
step = 1246
value_mean = -1.0
