entropy_mean = 2.9922733306884766
loss_policy = 3.0372836589813232
loss_total = 9.156061172485352
loss_value = 1.0390620231628418
step = 1326
value_mean = -0.9999998211860657
