entropy_mean = 3.761197566986084
loss_policy = 4.12039852142334
loss_total = 10.46651554107666
loss_value = 0.9906021356582642
step = 1067
value_mean = -0.9782923460006714
