entropy_mean = 4.404108047485352
loss_policy = 5.027903079986572
loss_total = 12.066034317016602
loss_value = 1.0227762460708618
step = 624
value_mean = -0.9992146492004395
