entropy_mean = 5.071469783782959
loss_policy = 6.190564155578613
loss_total = 13.79982852935791
loss_value = 0.9921862483024597
step = 307
value_mean = 0.9999988675117493
