entropy_mean = 3.067934513092041
loss_policy = 3.191581964492798
loss_total = 9.321015357971191
loss_value = 0.9999995231628418
step = 1274
value_mean = -0.9999997615814209
