entropy_mean = 4.58271598815918
loss_policy = 5.344558238983154
loss_total = 12.549331665039062
loss_value = 1.0
step = 527
value_mean = -1.0
