entropy_mean = 2.713839530944824
loss_policy = 3.214672565460205
loss_total = 9.321989059448242
loss_value = 1.0234365463256836
step = 1321
value_mean = -0.9999997615814209
