entropy_mean = 2.870128631591797
loss_policy = 2.982042074203491
loss_total = 9.088861465454102
loss_value = 1.0468721389770508
step = 1348
value_mean = -0.9999986886978149
