entropy_mean = 5.147678375244141
loss_policy = 6.5691938400268555
loss_total = 14.372843742370605
loss_value = 1.015608549118042
step = 124
value_mean = 0.9999932050704956
