entropy_mean = 4.154209136962891
loss_policy = 4.489508628845215
loss_total = 10.94941520690918
loss_value = 0.9921839237213135
step = 972
value_mean = -0.9999991059303284
