entropy_mean = 3.895932674407959
loss_policy = 5.256351470947266
loss_total = 12.464508056640625
loss_value = 1.015625
step = 534
value_mean = -1.0
