entropy_mean = 4.243370056152344
loss_policy = 5.022237300872803
loss_total = 11.709551811218262
loss_value = 0.991665244102478
step = 794
value_mean = -0.9993529319763184
