entropy_mean = 5.274947643280029
loss_policy = 6.226138114929199
loss_total = 13.979222297668457
loss_value = 0.9999986886978149
step = 175
value_mean = 0.9999995231628418
