entropy_mean = 4.813855171203613
loss_policy = 5.38679838180542
loss_total = 12.539703369140625
loss_value = 0.9921875
step = 554
value_mean = -1.0
