entropy_mean = 2.8159756660461426
loss_policy = 3.2212817668914795
loss_total = 9.273147583007812
loss_value = 0.9843600988388062
step = 1340
value_mean = -0.9999902248382568
