entropy_mean = 4.0415544509887695
loss_policy = 4.103799343109131
loss_total = 10.450529098510742
loss_value = 0.9568930864334106
step = 1036
value_mean = -0.9262247085571289
