entropy_mean = 3.46254825592041
loss_policy = 4.672080993652344
loss_total = 11.005054473876953
loss_value = 0.9452614784240723
step = 1038
value_mean = -0.7878249883651733
