entropy_mean = 4.6241254806518555
loss_policy = 5.206121444702148
loss_total = 12.558708190917969
loss_value = 1.0156176090240479
step = 460
value_mean = 0.9999961853027344
