entropy_mean = 2.8242697715759277
loss_policy = 3.026836633682251
loss_total = 9.10830307006836
loss_value = 1.023429036140442
step = 1350
value_mean = -0.9999980330467224
