entropy_mean = 2.8846569061279297
loss_policy = 3.224259853363037
loss_total = 9.362621307373047
loss_value = 0.9999960660934448
step = 1266
value_mean = -0.9999988079071045
