entropy_mean = 5.114664077758789
loss_policy = 5.444928169250488
loss_total = 13.010177612304688
loss_value = 0.992185115814209
step = 333
value_mean = 0.9999985098838806
