entropy_mean = 3.2353899478912354
loss_policy = 3.6156458854675293
loss_total = 9.773275375366211
loss_value = 0.9921874403953552
step = 1241
value_mean = -1.0
