entropy_mean = 5.006927490234375
loss_policy = 5.970095634460449
loss_total = 13.776098251342773
loss_value = 1.0468745231628418
step = 166
value_mean = 0.9999997615814209
