entropy_mean = 4.352032661437988
loss_policy = 5.918128967285156
loss_total = 13.334386825561523
loss_value = 1.023435115814209
step = 429
value_mean = 0.9999989867210388
