entropy_mean = 4.482746124267578
loss_policy = 4.769265174865723
loss_total = 11.313942909240723
loss_value = 1.0
step = 917
value_mean = -1.0
