entropy_mean = 4.741789817810059
loss_policy = 5.1426897048950195
loss_total = 12.36906623840332
loss_value = 0.9998891949653625
step = 515
value_mean = 0.9999259114265442
