entropy_mean = 2.8614940643310547
loss_policy = 3.6177589893341064
loss_total = 9.89158821105957
loss_value = 0.9999998807907104
step = 1144
value_mean = -0.984375
