entropy_mean = 5.659459590911865
loss_policy = 5.936620712280273
loss_total = 13.714773178100586
loss_value = 0.9999985098838806
step = 140
value_mean = 0.9999993443489075
