entropy_mean = 5.441756725311279
loss_policy = 6.138675689697266
loss_total = 13.855098724365234
loss_value = 1.0234370231628418
step = 238
value_mean = 0.9999997019767761
