entropy_mean = 4.5742597579956055
loss_policy = 4.872419357299805
loss_total = 11.630171775817871
loss_value = 0.9999975562095642
step = 756
value_mean = -0.9999990463256836
