entropy_mean = 5.762566089630127
loss_policy = 6.253255844116211
loss_total = 14.063665390014648
loss_value = 1.0234036445617676
step = 126
value_mean = 0.9999895691871643
