entropy_mean = 4.1072773933410645
loss_policy = 4.261467456817627
loss_total = 10.61270523071289
loss_value = 0.9677234888076782
step = 1042
value_mean = -0.9128159880638123
