entropy_mean = 2.812889575958252
loss_policy = 2.9260237216949463
loss_total = 8.986844062805176
loss_value = 0.9999561309814453
step = 1347
value_mean = -0.9999804496765137
