entropy_mean = 3.5255441665649414
loss_policy = 3.745729923248291
loss_total = 9.979660034179688
loss_value = 1.0234375
step = 1200
value_mean = -0.9999998807907104
