entropy_mean = 4.156352996826172
loss_policy = 4.803763389587402
loss_total = 11.519237518310547
loss_value = 1.0233948230743408
step = 797
value_mean = -0.9999714493751526
