entropy_mean = 4.26660680770874
loss_policy = 4.779143333435059
loss_total = 11.648099899291992
loss_value = 1.0
step = 693
value_mean = -1.0
