entropy_mean = 4.471114635467529
loss_policy = 4.7450432777404785
loss_total = 11.48112964630127
loss_value = 0.9999998211860657
step = 767
value_mean = -1.0
