entropy_mean = 4.4980082511901855
loss_policy = 4.8474249839782715
loss_total = 11.672718048095703
loss_value = 0.9033839702606201
step = 668
value_mean = -0.9722499847412109
