entropy_mean = 3.0050997734069824
loss_policy = 3.009577751159668
loss_total = 9.131043434143066
loss_value = 1.0468623638153076
step = 1332
value_mean = -0.9999929666519165
