entropy_mean = 4.563157081604004
loss_policy = 4.908939361572266
loss_total = 11.465606689453125
loss_value = 1.0
step = 909
value_mean = -1.0
