entropy_mean = 5.1849236488342285
loss_policy = 6.053722858428955
loss_total = 13.805740356445312
loss_value = 0.992186427116394
step = 165
value_mean = 0.9999991655349731
