entropy_mean = 4.313208103179932
loss_policy = 4.749202728271484
loss_total = 11.462383270263672
loss_value = 0.999997079372406
step = 781
value_mean = -0.9999983310699463
