entropy_mean = 4.373063087463379
loss_policy = 4.65325927734375
loss_total = 11.288350105285645
loss_value = 0.9999998807907104
step = 838
value_mean = 1.0
