entropy_mean = 3.1227080821990967
loss_policy = 3.406236410140991
loss_total = 9.625322341918945
loss_value = 0.9910071492195129
step = 1186
value_mean = -0.9970896244049072
