entropy_mean = 5.025796890258789
loss_policy = 6.401401996612549
loss_total = 13.793630599975586
loss_value = 0.9921818971633911
step = 424
value_mean = 0.9999966621398926
