entropy_mean = 4.787901878356934
loss_policy = 4.807779312133789
loss_total = 11.657279968261719
loss_value = 1.0
step = 703
value_mean = -1.0
