entropy_mean = 4.934331893920898
loss_policy = 5.785930633544922
loss_total = 13.249382019042969
loss_value = 0.9999995231628418
step = 386
value_mean = 0.9999996423721313
