entropy_mean = 4.456281661987305
loss_policy = 4.862431049346924
loss_total = 11.32773208618164
loss_value = 0.8549927473068237
step = 859
value_mean = -0.29255110025405884
