entropy_mean = 3.7710585594177246
loss_policy = 4.297581672668457
loss_total = 10.598749160766602
loss_value = 0.9155069589614868
step = 1040
value_mean = -0.9770137667655945
