entropy_mean = 2.5574676990509033
loss_policy = 2.8484416007995605
loss_total = 8.842239379882812
loss_value = 0.9999995231628418
step = 1424
value_mean = -0.9999998807907104
