entropy_mean = 5.425319671630859
loss_policy = 5.617490291595459
loss_total = 13.20469856262207
loss_value = 0.9999991059303284
step = 325
value_mean = 0.9999993443489075
