entropy_mean = 3.1324477195739746
loss_policy = 3.4921021461486816
loss_total = 9.687631607055664
loss_value = 0.9920090436935425
step = 1206
value_mean = -0.9999505281448364
