entropy_mean = 4.814387321472168
loss_policy = 4.990534782409668
loss_total = 12.082050323486328
loss_value = 1.046875
step = 611
value_mean = -1.0
