entropy_mean = 4.558432579040527
loss_policy = 5.2309370040893555
loss_total = 12.271621704101562
loss_value = 0.992173433303833
step = 609
value_mean = -0.9999657869338989
