entropy_mean = 5.632044315338135
loss_policy = 5.804487228393555
loss_total = 13.144762992858887
loss_value = 0.5362316370010376
step = 76
value_mean = -0.6684998273849487
