entropy_mean = 4.381152153015137
loss_policy = 5.167675971984863
loss_total = 12.512868881225586
loss_value = 0.9999844431877136
step = 456
value_mean = 0.9999949932098389
