entropy_mean = 5.651919364929199
loss_policy = 5.80598783493042
loss_total = 12.891382217407227
loss_value = 0.2800903618335724
step = 71
value_mean = -0.5038152933120728
