entropy_mean = 4.469683647155762
loss_policy = 5.316288948059082
loss_total = 12.04322624206543
loss_value = 0.9999804496765137
step = 772
value_mean = -0.9999850988388062
