entropy_mean = 4.7705464363098145
loss_policy = 5.230814456939697
loss_total = 12.468795776367188
loss_value = 1.0150656700134277
step = 517
value_mean = 0.9995148777961731
