entropy_mean = 4.989623546600342
loss_policy = 5.617616653442383
loss_total = 12.94814682006836
loss_value = 0.9999951124191284
step = 463
value_mean = 0.9999986886978149
