entropy_mean = 3.8028130531311035
loss_policy = 4.685297966003418
loss_total = 11.163354873657227
loss_value = 1.023437261581421
step = 981
value_mean = -1.0
