entropy_mean = 4.2567033767700195
loss_policy = 4.9250006675720215
loss_total = 11.414247512817383
loss_value = 0.8471503257751465
step = 833
value_mean = -0.2402508705854416
