entropy_mean = 4.852634906768799
loss_policy = 5.442324638366699
loss_total = 12.799065589904785
loss_value = 1.0156168937683105
step = 458
value_mean = 0.999996542930603
