entropy_mean = 4.245526313781738
loss_policy = 4.93878173828125
loss_total = 11.820398330688477
loss_value = 0.8960538506507874
step = 638
value_mean = -0.26774361729621887
