entropy_mean = 4.0307207107543945
loss_policy = 5.462831020355225
loss_total = 12.642004013061523
loss_value = 1.0
step = 542
value_mean = -1.0
