entropy_mean = 3.100719451904297
loss_policy = 3.089339017868042
loss_total = 9.189870834350586
loss_value = 0.9921872615814209
step = 1294
value_mean = -0.9999998807907104
