entropy_mean = 4.315977096557617
loss_policy = 5.079401016235352
loss_total = 12.038101196289062
loss_value = 0.8868082761764526
step = 599
value_mean = -0.8566587567329407
