entropy_mean = 6.097917556762695
loss_policy = 6.2859697341918945
loss_total = 14.098966598510742
loss_value = 1.0232826471328735
step = 121
value_mean = 0.9999650716781616
