entropy_mean = 5.007217884063721
loss_policy = 5.483451843261719
loss_total = 13.049327850341797
loss_value = 1.0156216621398926
step = 345
value_mean = 0.9999979138374329
