entropy_mean = 3.6244874000549316
loss_policy = 3.9484262466430664
loss_total = 10.279058456420898
loss_value = 1.015625
step = 1104
value_mean = -1.0
