entropy_mean = 2.961395740509033
loss_policy = 2.880894184112549
loss_total = 8.619743347167969
loss_value = 0.7220156788825989
step = 1395
value_mean = -0.1575457900762558
