entropy_mean = 5.946624755859375
loss_policy = 6.287398815155029
loss_total = 14.009331703186035
loss_value = 0.9999982118606567
step = 212
value_mean = 0.9999990463256836
