entropy_mean = 2.777413845062256
loss_policy = 2.973919630050659
loss_total = 9.044515609741211
loss_value = 1.023321509361267
step = 1361
value_mean = -0.9999308586120605
