entropy_mean = 4.273571968078613
loss_policy = 4.164340496063232
loss_total = 10.605400085449219
loss_value = 1.0155422687530518
step = 1004
value_mean = -0.9999515414237976
