entropy_mean = 4.572357654571533
loss_policy = 5.069436550140381
loss_total = 11.172237396240234
loss_value = 0.5048341751098633
step = 870
value_mean = -0.1346631795167923
