entropy_mean = 4.172730445861816
loss_policy = 4.45586633682251
loss_total = 10.649818420410156
loss_value = 0.8148313164710999
step = 1046
value_mean = 0.4646584391593933
