entropy_mean = 5.367199420928955
loss_policy = 5.789466857910156
loss_total = 13.261688232421875
loss_value = 0.9999992847442627
step = 381
value_mean = 0.9999995231628418
