entropy_mean = 4.512614727020264
loss_policy = 4.769019603729248
loss_total = 11.65175724029541
loss_value = 0.9532864093780518
step = 664
value_mean = 0.6810545325279236
