entropy_mean = 3.31345796585083
loss_policy = 3.5696706771850586
loss_total = 9.814653396606445
loss_value = 0.9999997615814209
step = 1171
value_mean = -0.9999996423721313
