entropy_mean = 3.3955078125
loss_policy = 3.6933236122131348
loss_total = 9.943592071533203
loss_value = 0.9999939203262329
step = 1166
value_mean = -0.9999983906745911
