entropy_mean = 4.630070209503174
loss_policy = 4.944125652313232
loss_total = 11.786211013793945
loss_value = 1.0234375
step = 719
value_mean = -1.0
