entropy_mean = 2.6734728813171387
loss_policy = 2.9481542110443115
loss_total = 9.008760452270508
loss_value = 0.9921839833259583
step = 1339
value_mean = -0.9999974966049194
