entropy_mean = 4.70029878616333
loss_policy = 5.4404072761535645
loss_total = 12.670040130615234
loss_value = 0.9997196197509766
step = 513
value_mean = 0.9998711347579956
