entropy_mean = 4.482405185699463
loss_policy = 4.569450378417969
loss_total = 11.070021629333496
loss_value = 0.9921871423721313
step = 945
value_mean = -0.999999463558197
