entropy_mean = 4.056896209716797
loss_policy = 4.010645389556885
loss_total = 10.314467430114746
loss_value = 1.0234365463256836
step = 1138
value_mean = -0.9999993443489075
