entropy_mean = 4.1766438484191895
loss_policy = 4.682686805725098
loss_total = 11.223714828491211
loss_value = 0.8931045532226562
step = 829
value_mean = 0.4178611636161804
