entropy_mean = 3.621133804321289
loss_policy = 3.737107992172241
loss_total = 9.98092269897461
loss_value = 1.0468735694885254
step = 1212
value_mean = -0.9999990463256836
