entropy_mean = 2.5936975479125977
loss_policy = 2.8610119819641113
loss_total = 8.916399002075195
loss_value = 1.022882103919983
step = 1377
value_mean = -0.9837651252746582
