entropy_mean = 3.0956673622131348
loss_policy = 3.803267002105713
loss_total = 10.021787643432617
loss_value = 1.0468722581863403
step = 1235
value_mean = -0.9999994039535522
