entropy_mean = 2.281106472015381
loss_policy = 2.5141208171844482
loss_total = 8.505210876464844
loss_value = 0.9921870231628418
step = 1418
value_mean = -0.9999996423721313
