entropy_mean = 5.3976731300354
loss_policy = 6.354976177215576
loss_total = 14.217453002929688
loss_value = 1.0452711582183838
step = 17
value_mean = 0.9988803267478943
