entropy_mean = 5.218916893005371
loss_policy = 6.266055583953857
loss_total = 13.895631790161133
loss_value = 0.9921864867210388
step = 291
value_mean = 0.999999463558197
