entropy_mean = 4.9872307777404785
loss_policy = 5.496176719665527
loss_total = 12.878555297851562
loss_value = 0.999997615814209
step = 436
value_mean = 0.9999983310699463
