entropy_mean = 4.374074459075928
loss_policy = 5.867218017578125
loss_total = 13.248872756958008
loss_value = 1.0468660593032837
step = 461
value_mean = 0.9999970197677612
