entropy_mean = 5.7709150314331055
loss_policy = 5.805051803588867
loss_total = 12.906012535095215
loss_value = 0.30222076177597046
step = 96
value_mean = 0.25522980093955994
