entropy_mean = 4.476325988769531
loss_policy = 4.783025741577148
loss_total = 11.670003890991211
loss_value = 0.9999979734420776
step = 684
value_mean = -1.0
