entropy_mean = 4.966402053833008
loss_policy = 5.250441074371338
loss_total = 12.779501914978027
loss_value = 0.9999991655349731
step = 356
value_mean = 0.9999995231628418
