entropy_mean = 4.554808616638184
loss_policy = 4.733769416809082
loss_total = 11.560226440429688
loss_value = 1.015625
step = 724
value_mean = -1.0
