entropy_mean = 5.608201503753662
loss_policy = 5.8900957107543945
loss_total = 13.099359512329102
loss_value = 0.4041861891746521
step = 72
value_mean = -0.18516112864017487
