entropy_mean = 2.7835237979888916
loss_policy = 2.8509931564331055
loss_total = 8.904969215393066
loss_value = 0.9921824932098389
step = 1346
value_mean = -0.9999960660934448
