entropy_mean = 4.4970831871032715
loss_policy = 4.835145950317383
loss_total = 11.543356895446777
loss_value = 0.9921872615814209
step = 779
value_mean = -0.9999997615814209
