entropy_mean = 3.3810153007507324
loss_policy = 3.6799561977386475
loss_total = 9.961235046386719
loss_value = 1.023435115814209
step = 1159
value_mean = -0.9999997615814209
