entropy_mean = 3.5837666988372803
loss_policy = 4.32132625579834
loss_total = 10.658411026000977
loss_value = 1.0156248807907104
step = 1097
value_mean = -0.9999998807907104
