entropy_mean = 4.581795692443848
loss_policy = 4.788230895996094
loss_total = 11.586216926574707
loss_value = 1.0234375
step = 747
value_mean = -1.0
