entropy_mean = 5.066239356994629
loss_policy = 5.3862504959106445
loss_total = 12.808716773986816
loss_value = 0.9921867847442627
step = 405
value_mean = 0.9999996423721313
