entropy_mean = 4.741822242736816
loss_policy = 4.99998664855957
loss_total = 11.883962631225586
loss_value = 0.784045934677124
step = 586
value_mean = 0.847328782081604
