entropy_mean = 4.326515197753906
loss_policy = 5.033289909362793
loss_total = 11.579279899597168
loss_value = 1.0
step = 916
value_mean = -1.0
