entropy_mean = 3.948573112487793
loss_policy = 4.247565269470215
loss_total = 10.697257995605469
loss_value = 1.038893461227417
step = 1017
value_mean = -0.9998906850814819
