entropy_mean = 4.7962260246276855
loss_policy = 5.0368332862854
loss_total = 11.89975643157959
loss_value = 0.9471948742866516
step = 671
value_mean = 0.9157932996749878
