entropy_mean = 5.008833885192871
loss_policy = 5.482778549194336
loss_total = 12.993940353393555
loss_value = 0.9843742251396179
step = 357
value_mean = 0.9999997615814209
