entropy_mean = 4.4988112449646
loss_policy = 5.086759090423584
loss_total = 12.445537567138672
loss_value = 1.0156151056289673
step = 457
value_mean = 0.999996542930603
