entropy_mean = 2.9333434104919434
loss_policy = 2.9698681831359863
loss_total = 9.042777061462402
loss_value = 0.9999947547912598
step = 1334
value_mean = -0.9999982118606567
