entropy_mean = 5.291146755218506
loss_policy = 6.503408908843994
loss_total = 14.316502571105957
loss_value = 0.995734453201294
step = 15
value_mean = 0.9973009824752808
