entropy_mean = 4.579353332519531
loss_policy = 5.056241989135742
loss_total = 12.117765426635742
loss_value = 1.0234375
step = 614
value_mean = -1.0
