entropy_mean = 3.0184829235076904
loss_policy = 4.391357421875
loss_total = 10.73931884765625
loss_value = 1.0234375
step = 1094
value_mean = -1.0
