entropy_mean = 5.316466331481934
loss_policy = 6.718497276306152
loss_total = 14.537230491638184
loss_value = 1.001255989074707
step = 13
value_mean = 0.9883252382278442
