entropy_mean = 4.468386650085449
loss_policy = 5.029553413391113
loss_total = 12.276992797851562
loss_value = 0.9921751022338867
step = 499
value_mean = 0.9999885559082031
