entropy_mean = 5.1906609535217285
loss_policy = 5.882716178894043
loss_total = 13.366460800170898
loss_value = 1.0234363079071045
step = 388
value_mean = 0.9999993443489075
