entropy_mean = 5.733056545257568
loss_policy = 5.97554874420166
loss_total = 13.713277816772461
loss_value = 0.9999991655349731
step = 194
value_mean = 0.9999996423721313
