entropy_mean = 4.1156487464904785
loss_policy = 4.619101524353027
loss_total = 11.435166358947754
loss_value = 0.9115827679634094
step = 676
value_mean = -0.49083733558654785
