entropy_mean = 4.33709192276001
loss_policy = 4.669811248779297
loss_total = 11.23649787902832
loss_value = 1.0
step = 902
value_mean = -1.0
