entropy_mean = 2.4718358516693115
loss_policy = 3.1729583740234375
loss_total = 9.226442337036133
loss_value = 1.0156188011169434
step = 1371
value_mean = -0.999994158744812
