entropy_mean = 3.59672212600708
loss_policy = 3.9729504585266113
loss_total = 10.261308670043945
loss_value = 0.9997952580451965
step = 1130
value_mean = -0.9894415140151978
