entropy_mean = 4.0700578689575195
loss_policy = 5.168703079223633
loss_total = 11.834226608276367
loss_value = 0.9836247563362122
step = 805
value_mean = -0.5844610929489136
