entropy_mean = 4.659818649291992
loss_policy = 5.277705669403076
loss_total = 12.477123260498047
loss_value = 1.0
step = 530
value_mean = -1.0
