entropy_mean = 4.61619758605957
loss_policy = 4.878016948699951
loss_total = 11.704519271850586
loss_value = 1.0234375
step = 729
value_mean = -1.0
