entropy_mean = 3.034471035003662
loss_policy = 3.176389694213867
loss_total = 9.288482666015625
loss_value = 0.9999996423721313
step = 1290
value_mean = -0.9999997615814209
