entropy_mean = 3.370173931121826
loss_policy = 3.8518266677856445
loss_total = 10.037504196166992
loss_value = 0.9921861886978149
step = 1215
value_mean = -0.9999995827674866
