entropy_mean = 3.4364607334136963
loss_policy = 5.001848220825195
loss_total = 11.517351150512695
loss_value = 0.9216825366020203
step = 874
value_mean = 0.46445560455322266
