entropy_mean = 3.994097948074341
loss_policy = 4.531574249267578
loss_total = 10.98520565032959
loss_value = 1.0234365463256836
step = 1000
value_mean = -0.9999997019767761
