entropy_mean = 4.732239723205566
loss_policy = 5.981609344482422
loss_total = 13.62171459197998
loss_value = 0.9843745231628418
step = 274
value_mean = 0.999999463558197
