entropy_mean = 4.415324687957764
loss_policy = 4.672085285186768
loss_total = 11.200918197631836
loss_value = 0.9999996423721313
step = 929
value_mean = -0.9999998211860657
