entropy_mean = 3.857438564300537
loss_policy = 4.128323078155518
loss_total = 10.412688255310059
loss_value = 0.9882434010505676
step = 1123
value_mean = -0.9601694345474243
