entropy_mean = 3.7959563732147217
loss_policy = 4.16102409362793
loss_total = 10.438190460205078
loss_value = 1.0
step = 1141
value_mean = -1.0
