entropy_mean = 5.059244632720947
loss_policy = 5.923386096954346
loss_total = 13.111461639404297
loss_value = 0.9921875
step = 532
value_mean = -1.0
