entropy_mean = 3.089182138442993
loss_policy = 3.5020463466644287
loss_total = 9.687119483947754
loss_value = 0.9991699457168579
step = 1222
value_mean = -0.9995882511138916
