entropy_mean = 4.57994270324707
loss_policy = 4.908365249633789
loss_total = 11.74331283569336
loss_value = 0.8761746883392334
step = 649
value_mean = 0.2548082172870636
