entropy_mean = 4.899177551269531
loss_policy = 4.926759719848633
loss_total = 11.563777923583984
loss_value = 1.015624761581421
step = 849
value_mean = 0.999998927116394
