entropy_mean = 5.046521186828613
loss_policy = 5.090747833251953
loss_total = 12.2393798828125
loss_value = 1.015625
step = 569
value_mean = -0.9999999403953552
