entropy_mean = 3.668060302734375
loss_policy = 4.1679368019104
loss_total = 10.447671890258789
loss_value = 0.9386278986930847
step = 1080
value_mean = 0.9676635265350342
