entropy_mean = 3.311314105987549
loss_policy = 3.566894054412842
loss_total = 9.797418594360352
loss_value = 0.9999880194664001
step = 1184
value_mean = -0.9999983310699463
