entropy_mean = 5.696552753448486
loss_policy = 6.113296985626221
loss_total = 13.08945083618164
loss_value = 0.17456388473510742
step = 85
value_mean = 0.2553333342075348
