entropy_mean = 5.352166652679443
loss_policy = 6.04519510269165
loss_total = 13.828927993774414
loss_value = 1.0468746423721313
step = 195
value_mean = 0.9999997615814209
