entropy_mean = 4.56617546081543
loss_policy = 5.02358341217041
loss_total = 11.814081192016602
loss_value = 1.0468748807907104
step = 763
value_mean = -0.9999998211860657
