entropy_mean = 3.928889274597168
loss_policy = 4.404005527496338
loss_total = 10.914997100830078
loss_value = 1.023268461227417
step = 959
value_mean = -0.9999057054519653
