entropy_mean = 3.9947729110717773
loss_policy = 3.987825393676758
loss_total = 10.297724723815918
loss_value = 1.0234228372573853
step = 1132
value_mean = -0.9531896710395813
