entropy_mean = 4.144461631774902
loss_policy = 4.105742931365967
loss_total = 10.410932540893555
loss_value = 0.9733085632324219
step = 1088
value_mean = -0.9997977018356323
