entropy_mean = 4.80606746673584
loss_policy = 5.123506546020508
loss_total = 12.152318954467773
loss_value = 1.0
step = 618
value_mean = -1.0
