entropy_mean = 4.491605758666992
loss_policy = 5.268040657043457
loss_total = 12.286903381347656
loss_value = 0.9991995096206665
step = 622
value_mean = -0.9996495246887207
