entropy_mean = 4.886808395385742
loss_policy = 6.383676052093506
loss_total = 14.029144287109375
loss_value = 0.984373927116394
step = 269
value_mean = 0.9999992847442627
