entropy_mean = 3.397139549255371
loss_policy = 3.5593156814575195
loss_total = 9.758584976196289
loss_value = 1.023435354232788
step = 1231
value_mean = -0.9999994039535522
