entropy_mean = 5.771137237548828
loss_policy = 6.409443378448486
loss_total = 14.073797225952148
loss_value = 0.999999463558197
step = 266
value_mean = 0.9999997615814209
