entropy_mean = 5.602166652679443
loss_policy = 6.123500823974609
loss_total = 13.962020874023438
loss_value = 1.0231437683105469
step = 30
value_mean = 0.9690591096878052
