entropy_mean = 5.693896293640137
loss_policy = 5.872152328491211
loss_total = 13.282442092895508
loss_value = 0.6005465984344482
step = 53
value_mean = -0.19266101717948914
