entropy_mean = 4.4658637046813965
loss_policy = 5.2840375900268555
loss_total = 12.482027053833008
loss_value = 1.0234375
step = 545
value_mean = -1.0
