entropy_mean = 3.594289779663086
loss_policy = 3.895075559616089
loss_total = 10.177947998046875
loss_value = 0.9921762943267822
step = 1128
value_mean = -0.9999960064888
