entropy_mean = 4.077391624450684
loss_policy = 4.907994270324707
loss_total = 11.35074234008789
loss_value = 0.999995231628418
step = 990
value_mean = -0.9999972581863403
