entropy_mean = 5.566760063171387
loss_policy = 5.760902404785156
loss_total = 13.566888809204102
loss_value = 1.0150775909423828
step = 119
value_mean = 0.999848484992981
