entropy_mean = 4.8461527824401855
loss_policy = 5.794556617736816
loss_total = 13.089655876159668
loss_value = 0.9999457597732544
step = 481
value_mean = 0.9999628067016602
