entropy_mean = 5.519384384155273
loss_policy = 5.839975357055664
loss_total = 13.550509452819824
loss_value = 0.9999982118606567
step = 224
value_mean = 0.9999989867210388
