entropy_mean = 4.125377178192139
loss_policy = 5.039137363433838
loss_total = 11.886232376098633
loss_value = 1.0234375
step = 716
value_mean = -1.0
