entropy_mean = 4.225862503051758
loss_policy = 5.601131439208984
loss_total = 12.778711318969727
loss_value = 1.0
step = 543
value_mean = -1.0
