entropy_mean = 3.605510711669922
loss_policy = 3.6640892028808594
loss_total = 9.884653091430664
loss_value = 0.9999982714653015
step = 1192
value_mean = -0.9999997019767761
