entropy_mean = 3.6256508827209473
loss_policy = 4.006593227386475
loss_total = 10.295354843139648
loss_value = 0.9510642886161804
step = 1083
value_mean = 0.8321759700775146
