entropy_mean = 4.618478775024414
loss_policy = 5.656365394592285
loss_total = 13.136061668395996
loss_value = 0.9921872615814209
step = 373
value_mean = 0.9999998807907104
