entropy_mean = 4.533073902130127
loss_policy = 4.8546648025512695
loss_total = 11.634048461914062
loss_value = 0.9999998807907104
step = 744
value_mean = -1.0
