entropy_mean = 3.525609016418457
loss_policy = 3.913144111633301
loss_total = 10.241277694702148
loss_value = 1.0
step = 1091
value_mean = -1.0
