entropy_mean = 3.723628044128418
loss_policy = 4.19290828704834
loss_total = 10.629019737243652
loss_value = 0.999960720539093
step = 995
value_mean = -0.9999751448631287
