entropy_mean = 4.072718620300293
loss_policy = 4.710479736328125
loss_total = 11.303607940673828
loss_value = 1.0234375
step = 899
value_mean = -1.0
