entropy_mean = 4.851753234863281
loss_policy = 6.609786510467529
loss_total = 14.248246192932129
loss_value = 0.9999991655349731
step = 290
value_mean = 0.9999994039535522
