entropy_mean = 5.635094165802002
loss_policy = 5.930569171905518
loss_total = 13.341387748718262
loss_value = 0.5974920988082886
step = 39
value_mean = -0.6207724809646606
