entropy_mean = 3.861809015274048
loss_policy = 4.180204391479492
loss_total = 10.517404556274414
loss_value = 0.9679603576660156
step = 1055
value_mean = -0.9713306427001953
