entropy_mean = 3.5241026878356934
loss_policy = 3.806894063949585
loss_total = 10.140022277832031
loss_value = 1.0234222412109375
step = 1110
value_mean = -0.9999775290489197
