entropy_mean = 4.016158580780029
loss_policy = 4.251255989074707
loss_total = 10.58924674987793
loss_value = 0.9892830848693848
step = 1073
value_mean = -0.7157652378082275
