entropy_mean = 3.2310421466827393
loss_policy = 2.92022967338562
loss_total = 9.02586841583252
loss_value = 1.0234363079071045
step = 1323
value_mean = -0.9999994039535522
