entropy_mean = 4.201562881469727
loss_policy = 5.204380989074707
loss_total = 12.309295654296875
loss_value = 0.997602105140686
step = 582
value_mean = -0.9938063621520996
