entropy_mean = 5.562492847442627
loss_policy = 5.809910297393799
loss_total = 13.242871284484863
loss_value = 0.6213500499725342
step = 46
value_mean = 0.22435632348060608
