entropy_mean = 4.666916370391846
loss_policy = 4.998654365539551
loss_total = 11.708328247070312
loss_value = 0.9921872615814209
step = 778
value_mean = -0.9999997019767761
