entropy_mean = 4.759763717651367
loss_policy = 5.042414665222168
loss_total = 12.052759170532227
loss_value = 0.9360100030899048
step = 598
value_mean = 0.5184993743896484
