entropy_mean = 2.7121291160583496
loss_policy = 2.9658703804016113
loss_total = 9.030498504638672
loss_value = 0.999920129776001
step = 1343
value_mean = -0.9999568462371826
