entropy_mean = 4.527732849121094
loss_policy = 4.921708106994629
loss_total = 11.676652908325195
loss_value = 0.6632047891616821
step = 590
value_mean = 0.8932845592498779
