entropy_mean = 5.198809623718262
loss_policy = 6.0335469245910645
loss_total = 13.850788116455078
loss_value = 1.046874761581421
step = 150
value_mean = 0.9999999403953552
