entropy_mean = 4.443996429443359
loss_policy = 4.618438243865967
loss_total = 11.167320251464844
loss_value = 1.0390625
step = 944
value_mean = -1.0
