entropy_mean = 4.334397315979004
loss_policy = 4.99454402923584
loss_total = 11.622821807861328
loss_value = 1.0
step = 843
value_mean = 1.0
