entropy_mean = 3.2460055351257324
loss_policy = 3.747382879257202
loss_total = 9.993385314941406
loss_value = 1.0
step = 1170
value_mean = -1.0
