entropy_mean = 4.197513580322266
loss_policy = 4.4340057373046875
loss_total = 11.21027660369873
loss_value = 1.0
step = 746
value_mean = -1.0
