entropy_mean = 2.8058981895446777
loss_policy = 2.6265974044799805
loss_total = 8.61996841430664
loss_value = 0.9921764135360718
step = 1415
value_mean = -0.9999951124191284
