entropy_mean = 4.174777984619141
loss_policy = 4.525592803955078
loss_total = 11.042703628540039
loss_value = 0.9921873807907104
step = 932
value_mean = -1.0
