entropy_mean = 5.379891395568848
loss_policy = 6.258780479431152
loss_total = 13.947175979614258
loss_value = 0.9999990463256836
step = 242
value_mean = 0.999999463558197
