entropy_mean = 4.540717124938965
loss_policy = 5.064464092254639
loss_total = 12.195503234863281
loss_value = 0.9999996423721313
step = 570
value_mean = -0.9999997019767761
