entropy_mean = 4.543157577514648
loss_policy = 5.210128307342529
loss_total = 12.123342514038086
loss_value = 0.9472789168357849
step = 646
value_mean = -0.16550351679325104
