entropy_mean = 5.608752250671387
loss_policy = 6.548102855682373
loss_total = 14.38841438293457
loss_value = 1.0227121114730835
step = 10
value_mean = 0.9996298551559448
