entropy_mean = 4.659924030303955
loss_policy = 5.689526557922363
loss_total = 13.169012069702148
loss_value = 0.9999997019767761
step = 377
value_mean = 0.9999996423721313
