entropy_mean = 4.3048553466796875
loss_policy = 4.977209091186523
loss_total = 11.533011436462402
loss_value = 0.9422546029090881
step = 856
value_mean = 0.7683771252632141
