entropy_mean = 5.935492992401123
loss_policy = 7.159854888916016
loss_total = 14.97536563873291
loss_value = 0.9978673458099365
step = 8
value_mean = 0.998832643032074
