entropy_mean = 5.453610897064209
loss_policy = 5.898269176483154
loss_total = 13.668424606323242
loss_value = 1.0234366655349731
step = 184
value_mean = 0.9999995231628418
