entropy_mean = 3.9477667808532715
loss_policy = 4.81491231918335
loss_total = 11.098148345947266
loss_value = 0.8829962611198425
step = 1026
value_mean = 0.9225039482116699
