entropy_mean = 4.676028251647949
loss_policy = 5.127509593963623
loss_total = 12.34532356262207
loss_value = 0.9985427260398865
step = 519
value_mean = 0.9987587928771973
