entropy_mean = 4.320606231689453
loss_policy = 5.364142417907715
loss_total = 12.661114692687988
loss_value = 0.9999771118164062
step = 480
value_mean = 0.9999818801879883
