entropy_mean = 2.8146095275878906
loss_policy = 3.1816647052764893
loss_total = 9.361340522766113
loss_value = 1.0390613079071045
step = 1264
value_mean = -0.9999988079071045
