entropy_mean = 4.720707893371582
loss_policy = 5.620914936065674
loss_total = 13.102313995361328
loss_value = 0.9999996423721313
step = 376
value_mean = 0.9999998211860657
