entropy_mean = 2.37066650390625
loss_policy = 2.67409610748291
loss_total = 8.67919921875
loss_value = 0.9999996423721313
step = 1410
value_mean = -0.9999998807907104
