entropy_mean = 4.643775939941406
loss_policy = 5.128249645233154
loss_total = 12.462175369262695
loss_value = 1.015618085861206
step = 469
value_mean = 0.9999963641166687
