entropy_mean = 4.269030570983887
loss_policy = 4.412795066833496
loss_total = 10.744948387145996
loss_value = 0.9519351720809937
step = 1045
value_mean = -0.42998939752578735
