entropy_mean = 4.8348188400268555
loss_policy = 5.502067565917969
loss_total = 12.77363109588623
loss_value = 0.9999871253967285
step = 492
value_mean = 0.9999938607215881
