entropy_mean = 4.863242149353027
loss_policy = 5.203080177307129
loss_total = 12.359033584594727
loss_value = 0.9921875
step = 552
value_mean = -1.0
