entropy_mean = 3.148543357849121
loss_policy = 3.419956684112549
loss_total = 9.548215866088867
loss_value = 0.9921855926513672
step = 1268
value_mean = -0.9999994039535522
