entropy_mean = 4.087978363037109
loss_policy = 4.7068681716918945
loss_total = 11.152318954467773
loss_value = 0.8019058108329773
step = 832
value_mean = -0.5782772302627563
