entropy_mean = 5.886477947235107
loss_policy = 6.144462585449219
loss_total = 13.90499496459961
loss_value = 0.9999995231628418
step = 164
value_mean = 0.9999996423721313
