entropy_mean = 2.71700382232666
loss_policy = 2.7136473655700684
loss_total = 8.753030776977539
loss_value = 0.9843734502792358
step = 1353
value_mean = -0.9999985098838806
