entropy_mean = 3.569488286972046
loss_policy = 3.5271682739257812
loss_total = 9.710311889648438
loss_value = 1.0156248807907104
step = 1239
value_mean = -0.9999999403953552
