entropy_mean = 5.65460729598999
loss_policy = 5.989090919494629
loss_total = 13.698593139648438
loss_value = 0.8956918120384216
step = 37
value_mean = 0.5064892172813416
