entropy_mean = 2.9846315383911133
loss_policy = 3.2856740951538086
loss_total = 9.446544647216797
loss_value = 0.9828405380249023
step = 1229
value_mean = -0.9920821189880371
