entropy_mean = 4.514466285705566
loss_policy = 4.8798394203186035
loss_total = 11.54120922088623
loss_value = 0.9920659065246582
step = 814
value_mean = 0.9997291564941406
