entropy_mean = 2.707040786743164
loss_policy = 2.991400957107544
loss_total = 9.039578437805176
loss_value = 0.9921848773956299
step = 1352
value_mean = -0.999998927116394
