entropy_mean = 4.427286148071289
loss_policy = 5.334949970245361
loss_total = 12.626533508300781
loss_value = 0.9999529123306274
step = 483
value_mean = 0.9999803900718689
