entropy_mean = 2.904679775238037
loss_policy = 3.2003931999206543
loss_total = 9.3106107711792
loss_value = 0.9999990463256836
step = 1292
value_mean = -0.9999996423721313
