entropy_mean = 2.6666998863220215
loss_policy = 2.54179310798645
loss_total = 8.595841407775879
loss_value = 1.0224862098693848
step = 1378
value_mean = -0.9370383620262146
