entropy_mean = 4.466028213500977
loss_policy = 5.464616298675537
loss_total = 12.76055908203125
loss_value = 1.0468051433563232
step = 502
value_mean = 0.9999440908432007
