entropy_mean = 2.912810802459717
loss_policy = 2.840791940689087
loss_total = 8.696144104003906
loss_value = 0.8369830846786499
step = 1393
value_mean = 0.19564732909202576
