entropy_mean = 4.408750534057617
loss_policy = 4.539362907409668
loss_total = 11.004307746887207
loss_value = 1.0465061664581299
step = 1010
value_mean = -0.9998772144317627
