entropy_mean = 5.37547492980957
loss_policy = 6.182723045349121
loss_total = 13.896303176879883
loss_value = 1.0156233310699463
step = 234
value_mean = 0.9999992847442627
