entropy_mean = 3.5270771980285645
loss_policy = 3.5543503761291504
loss_total = 9.713443756103516
loss_value = 0.9842790365219116
step = 1232
value_mean = -0.9999891519546509
