entropy_mean = 3.9920694828033447
loss_policy = 4.353369235992432
loss_total = 10.88671875
loss_value = 1.0390598773956299
step = 955
value_mean = -0.9999985694885254
