entropy_mean = 4.410856246948242
loss_policy = 4.973344326019287
loss_total = 11.978577613830566
loss_value = 1.0022262334823608
step = 630
value_mean = -0.9694782495498657
