entropy_mean = 2.7102274894714355
loss_policy = 3.1230976581573486
loss_total = 9.246687889099121
loss_value = 0.9999980926513672
step = 1279
value_mean = -0.9999992847442627
