entropy_mean = 4.715448379516602
loss_policy = 4.913373947143555
loss_total = 11.647564888000488
loss_value = 1.0
step = 768
value_mean = -1.0
