entropy_mean = 3.3951940536499023
loss_policy = 4.260804176330566
loss_total = 10.676849365234375
loss_value = 0.999896764755249
step = 1012
value_mean = -0.99996018409729
