entropy_mean = 3.07328462600708
loss_policy = 3.375849723815918
loss_total = 9.484883308410645
loss_value = 0.9921848177909851
step = 1285
value_mean = -0.9999985694885254
