entropy_mean = 3.9795544147491455
loss_policy = 4.76344108581543
loss_total = 11.417829513549805
loss_value = 0.9894422888755798
step = 817
value_mean = 0.9489225745201111
