entropy_mean = 5.698087692260742
loss_policy = 5.897368431091309
loss_total = 13.37382698059082
loss_value = 0.6664490699768066
step = 52
value_mean = -0.4578154683113098
