entropy_mean = 5.172396659851074
loss_policy = 5.369912624359131
loss_total = 12.877065658569336
loss_value = 0.9999979734420776
step = 365
value_mean = 0.9999992847442627
