entropy_mean = 0.0
loss_policy = 5.482390403747559
loss_total = 12.952898025512695
loss_value = 1.0234375
step = 404
value_mean = 0.0
