entropy_mean = 0.0
loss_policy = 5.256024360656738
loss_total = 12.637439727783203
loss_value = 0.9921875
step = 425
value_mean = 0.0
