entropy_mean = 0.0
loss_policy = 5.446499824523926
loss_total = 12.798072814941406
loss_value = 0.984375
step = 433
value_mean = 0.0
