entropy_mean = 0.0
loss_policy = 5.874011993408203
loss_total = 13.086727142333984
loss_value = 0.4088813066482544
step = 78
value_mean = 0.0
