entropy_mean = 0.0
loss_policy = 5.936367511749268
loss_total = 13.571181297302246
loss_value = 1.015625
step = 310
value_mean = 0.0
