entropy_mean = 0.0
loss_policy = 4.9635210037231445
loss_total = 12.170207977294922
loss_value = 1.0
step = 511
value_mean = 0.0
