entropy_mean = 0.0
loss_policy = 6.940741539001465
loss_total = 14.54430103302002
loss_value = 0.9921875
step = 316
value_mean = 0.0
