entropy_mean = 0.0
loss_policy = 5.689361572265625
loss_total = 13.031898498535156
loss_value = 0.5363080501556396
step = 67
value_mean = 0.0
