entropy_mean = 0.0
loss_policy = 5.346828937530518
loss_total = 12.62187385559082
loss_value = 1.0234375
step = 487
value_mean = 0.0
