entropy_mean = 0.0
loss_policy = 5.645773887634277
loss_total = 12.964574813842773
loss_value = 0.984375
step = 446
value_mean = 0.0
