entropy_mean = 0.0
loss_policy = 5.141340255737305
loss_total = 12.2992582321167
loss_value = 0.9999999403953552
step = 537
value_mean = 0.0
