entropy_mean = 0.0
loss_policy = 5.431081771850586
loss_total = 12.73005485534668
loss_value = 0.9921875
step = 459
value_mean = 0.0
