entropy_mean = 0.0
loss_policy = 5.536371231079102
loss_total = 13.17695426940918
loss_value = 1.015625
step = 306
value_mean = 0.0
