entropy_mean = 0.0
loss_policy = 5.184568881988525
loss_total = 12.247814178466797
loss_value = 1.0234375
step = 595
value_mean = 0.0
