entropy_mean = 0.0
loss_policy = 5.903736591339111
loss_total = 13.596574783325195
loss_value = 0.9921875
step = 245
value_mean = 0.0
