entropy_mean = 0.0
loss_policy = 5.179940700531006
loss_total = 12.299650192260742
loss_value = 0.9921874403953552
step = 554
value_mean = 0.0
