entropy_mean = 0.0
loss_policy = 5.294927597045898
loss_total = 12.400751113891602
loss_value = 0.9921873807907104
step = 560
value_mean = 0.0
