entropy_mean = 0.0
loss_policy = 5.855510711669922
loss_total = 13.598669052124023
loss_value = 1.046875
step = 248
value_mean = 0.0
