entropy_mean = 0.0
loss_policy = 5.447390556335449
loss_total = 12.854494094848633
loss_value = 1.0
step = 419
value_mean = 0.0
