entropy_mean = 0.0
loss_policy = 5.176148891448975
loss_total = 12.497270584106445
loss_value = 1.0
step = 452
value_mean = 0.0
