entropy_mean = 0.0
loss_policy = 5.531954765319824
loss_total = 12.99974250793457
loss_value = 1.046875
step = 414
value_mean = 0.0
