entropy_mean = 0.0
loss_policy = 6.543627738952637
loss_total = 14.180998802185059
loss_value = 1.0234375
step = 314
value_mean = 0.0
