entropy_mean = 0.0
loss_policy = 6.445725440979004
loss_total = 14.11797046661377
loss_value = 1.0234375
step = 288
value_mean = 0.0
