entropy_mean = 0.0
loss_policy = 5.781963348388672
loss_total = 13.22750473022461
loss_value = 0.7258404493331909
step = 231
value_mean = 0.0
