entropy_mean = 0.0
loss_policy = 5.247690677642822
loss_total = 12.34639835357666
loss_value = 0.9921875
step = 563
value_mean = 0.0
