entropy_mean = 0.0
loss_policy = 5.48919153213501
loss_total = 13.078556060791016
loss_value = 1.015625
step = 341
value_mean = 0.0
