entropy_mean = 0.0
loss_policy = 5.720196723937988
loss_total = 13.40034294128418
loss_value = 0.8711850047111511
step = 56
value_mean = 0.0
