entropy_mean = 0.0
loss_policy = 5.84177827835083
loss_total = 12.999693870544434
loss_value = 0.3565971255302429
step = 91
value_mean = 0.0
