entropy_mean = 0.0
loss_policy = 5.2117743492126465
loss_total = 12.730106353759766
loss_value = 1.0859375
step = 410
value_mean = 0.0
