entropy_mean = 0.0
loss_policy = 5.831159591674805
loss_total = 12.924938201904297
loss_value = 0.30183035135269165
step = 125
value_mean = 0.0
