entropy_mean = 0.0
loss_policy = 5.891445159912109
loss_total = 13.513498306274414
loss_value = 1.0234375
step = 326
value_mean = 0.0
