entropy_mean = 0.0
loss_policy = 5.657083988189697
loss_total = 13.206392288208008
loss_value = 1.046875
step = 378
value_mean = 0.0
