entropy_mean = 0.0
loss_policy = 5.474520206451416
loss_total = 12.994308471679688
loss_value = 1.0
step = 369
value_mean = 0.0
