entropy_mean = 0.0
loss_policy = 6.238600730895996
loss_total = 13.883323669433594
loss_value = 0.9921875
step = 285
value_mean = 0.0
