entropy_mean = 0.0
loss_policy = 5.878625392913818
loss_total = 12.979259490966797
loss_value = 0.29796770215034485
step = 84
value_mean = 0.0
