entropy_mean = 0.0
loss_policy = 6.2294721603393555
loss_total = 13.814882278442383
loss_value = 0.8567094206809998
step = 222
value_mean = 0.0
