entropy_mean = 0.0
loss_policy = 6.0547661781311035
loss_total = 13.856521606445312
loss_value = 0.9846384525299072
step = 18
value_mean = 0.0
