entropy_mean = 0.0
loss_policy = 5.622689247131348
loss_total = 13.076848030090332
loss_value = 1.0
step = 401
value_mean = 0.0
