entropy_mean = 0.0
loss_policy = 4.903505802154541
loss_total = 11.989124298095703
loss_value = 1.0
step = 573
value_mean = 0.0
