entropy_mean = 0.0
loss_policy = 6.013182640075684
loss_total = 13.760583877563477
loss_value = 0.9887286424636841
step = 188
value_mean = 0.0
