entropy_mean = 0.0
loss_policy = 5.62066650390625
loss_total = 12.828487396240234
loss_value = 0.984375
step = 502
value_mean = 0.0
