entropy_mean = 0.0
loss_policy = 5.3617706298828125
loss_total = 12.39271354675293
loss_value = 1.0
step = 600
value_mean = 0.0
