entropy_mean = 0.0
loss_policy = 5.349617958068848
loss_total = 12.603249549865723
loss_value = 0.9921875
step = 482
value_mean = 0.0
