entropy_mean = 0.0
loss_policy = 6.06486701965332
loss_total = 13.818656921386719
loss_value = 0.9970614314079285
step = 191
value_mean = 0.0
