entropy_mean = 0.0
loss_policy = 5.852307319641113
loss_total = 12.818634033203125
loss_value = 0.1713542640209198
step = 115
value_mean = 0.0
