entropy_mean = 0.0
loss_policy = 5.667108535766602
loss_total = 13.218607902526855
loss_value = 0.7403997778892517
step = 48
value_mean = 0.0
