entropy_mean = 0.0
loss_policy = 5.678058624267578
loss_total = 12.604423522949219
loss_value = 0.13227881491184235
step = 118
value_mean = 0.0
