entropy_mean = 0.0
loss_policy = 7.019491195678711
loss_total = 14.737035751342773
loss_value = 1.046875
step = 269
value_mean = 0.0
