entropy_mean = 0.0
loss_policy = 5.836250305175781
loss_total = 12.825860023498535
loss_value = 0.19493336975574493
step = 116
value_mean = 0.0
