entropy_mean = 0.0
loss_policy = 6.009796619415283
loss_total = 13.379382133483887
loss_value = 0.5624135732650757
step = 63
value_mean = 0.0
