entropy_mean = 0.0
loss_policy = 6.042873382568359
loss_total = 13.85694694519043
loss_value = 0.9988966584205627
step = 31
value_mean = 0.0
