entropy_mean = 0.0
loss_policy = 5.9282026290893555
loss_total = 13.516372680664062
loss_value = 0.984375
step = 322
value_mean = 0.0
