entropy_mean = 0.0
loss_policy = 5.760983467102051
loss_total = 13.536417007446289
loss_value = 1.0128495693206787
step = 182
value_mean = 0.0
