entropy_mean = 0.0
loss_policy = 7.057086944580078
loss_total = 14.842086791992188
loss_value = 1.0155792236328125
step = 170
value_mean = 0.0
