entropy_mean = 0.0
loss_policy = 5.186633110046387
loss_total = 12.528343200683594
loss_value = 0.9921875
step = 440
value_mean = 0.0
