entropy_mean = 0.0
loss_policy = 5.852715492248535
loss_total = 13.471410751342773
loss_value = 0.8726438283920288
step = 205
value_mean = 0.0
