entropy_mean = 0.0
loss_policy = 5.89150333404541
loss_total = 13.266218185424805
loss_value = 0.5652108192443848
step = 54
value_mean = 0.0
