entropy_mean = 0.0
loss_policy = 4.911584854125977
loss_total = 12.216118812561035
loss_value = 1.046875
step = 484
value_mean = 0.0
