entropy_mean = 0.0
loss_policy = 5.467290878295898
loss_total = 12.947120666503906
loss_value = 1.0234375
step = 400
value_mean = 0.0
