entropy_mean = 0.0
loss_policy = 5.853462219238281
loss_total = 13.246564865112305
loss_value = 0.6692270636558533
step = 227
value_mean = 0.0
