entropy_mean = 0.0
loss_policy = 5.320921897888184
loss_total = 12.436172485351562
loss_value = 1.046875
step = 581
value_mean = 0.0
