entropy_mean = 0.0
loss_policy = 6.0591583251953125
loss_total = 13.868799209594727
loss_value = 0.993260383605957
step = 24
value_mean = 0.0
