entropy_mean = 0.0
loss_policy = 5.889739990234375
loss_total = 13.192983627319336
loss_value = 0.4999932646751404
step = 81
value_mean = 0.0
