entropy_mean = 0.0
loss_policy = 6.282992362976074
loss_total = 13.925408363342285
loss_value = 1.0
step = 293
value_mean = 0.0
