entropy_mean = 0.0
loss_policy = 5.211930274963379
loss_total = 12.584230422973633
loss_value = 1.0
step = 431
value_mean = 0.0
