entropy_mean = 0.0
loss_policy = 5.091307640075684
loss_total = 12.178671836853027
loss_value = 1.0234375
step = 583
value_mean = 0.0
