entropy_mean = 0.0
loss_policy = 5.248569965362549
loss_total = 12.314706802368164
loss_value = 1.0
step = 582
value_mean = 0.0
