entropy_mean = 0.0
loss_policy = 5.250111103057861
loss_total = 12.551750183105469
loss_value = 1.015625
step = 469
value_mean = 0.0
