entropy_mean = 0.0
loss_policy = 5.870529651641846
loss_total = 13.451000213623047
loss_value = 1.0234373807907104
step = 349
value_mean = 0.0
