entropy_mean = 0.0
loss_policy = 5.887598991394043
loss_total = 13.581658363342285
loss_value = 1.0390625
step = 283
value_mean = 0.0
