entropy_mean = 0.0
loss_policy = 6.188316345214844
loss_total = 13.961149215698242
loss_value = 0.9998304843902588
step = 164
value_mean = 0.0
