entropy_mean = 0.0
loss_policy = 5.25288200378418
loss_total = 12.51626968383789
loss_value = 1.0
step = 481
value_mean = 0.0
