entropy_mean = 0.0
loss_policy = 6.271916389465332
loss_total = 13.96963119506836
loss_value = 0.9999998807907104
step = 247
value_mean = 0.0
