entropy_mean = 0.0
loss_policy = 5.782179832458496
loss_total = 13.242774963378906
loss_value = 1.0
step = 398
value_mean = 0.0
