entropy_mean = 0.0
loss_policy = 5.7141289710998535
loss_total = 13.189338684082031
loss_value = 1.0
step = 391
value_mean = 0.0
