entropy_mean = 0.0
loss_policy = 5.859165668487549
loss_total = 12.89834976196289
loss_value = 0.236903116106987
step = 86
value_mean = 0.0
