entropy_mean = 0.0
loss_policy = 5.290508270263672
loss_total = 12.451946258544922
loss_value = 0.9921875
step = 531
value_mean = 0.0
