entropy_mean = 0.0
loss_policy = 5.838830947875977
loss_total = 12.717655181884766
loss_value = 0.08200719207525253
step = 109
value_mean = 0.0
