entropy_mean = 0.0
loss_policy = 5.231411933898926
loss_total = 12.408509254455566
loss_value = 1.0
step = 527
value_mean = 0.0
