entropy_mean = 0.0
loss_policy = 5.952823638916016
loss_total = 13.642166137695312
loss_value = 1.0
step = 253
value_mean = 0.0
