entropy_mean = 0.0
loss_policy = 5.756080150604248
loss_total = 13.200939178466797
loss_value = 0.7199728488922119
step = 226
value_mean = 0.0
