entropy_mean = 0.0
loss_policy = 5.122889041900635
loss_total = 12.465368270874023
loss_value = 1.0234375
step = 453
value_mean = 0.0
