entropy_mean = 0.0
loss_policy = 5.915846824645996
loss_total = 13.723905563354492
loss_value = 0.9924912452697754
step = 29
value_mean = 0.0
