entropy_mean = 0.0
loss_policy = 5.337553024291992
loss_total = 12.747438430786133
loss_value = 1.0
step = 418
value_mean = 0.0
