entropy_mean = 0.0
loss_policy = 5.88902473449707
loss_total = 13.592199325561523
loss_value = 0.9921115040779114
step = 238
value_mean = 0.0
