entropy_mean = 0.0
loss_policy = 5.284694671630859
loss_total = 12.752862930297852
loss_value = 1.0234375
step = 405
value_mean = 0.0
