entropy_mean = 0.0
loss_policy = 6.098480701446533
loss_total = 13.768598556518555
loss_value = 0.9191334247589111
step = 199
value_mean = 0.0
