entropy_mean = 0.0
loss_policy = 5.201247215270996
loss_total = 12.428439140319824
loss_value = 1.0
step = 500
value_mean = 0.0
