entropy_mean = 0.0
loss_policy = 5.881925582885742
loss_total = 13.17698860168457
loss_value = 0.49200958013534546
step = 82
value_mean = 0.0
