entropy_mean = 0.0
loss_policy = 5.382096290588379
loss_total = 12.847017288208008
loss_value = 1.0
step = 396
value_mean = 0.0
