entropy_mean = 0.0
loss_policy = 5.385957717895508
loss_total = 12.551361083984375
loss_value = 0.9921873807907104
step = 529
value_mean = 0.0
