entropy_mean = 0.0
loss_policy = 5.185568809509277
loss_total = 12.561296463012695
loss_value = 0.9921875
step = 427
value_mean = 0.0
