entropy_mean = 0.0
loss_policy = 5.148622035980225
loss_total = 12.373994827270508
loss_value = 1.0
step = 501
value_mean = 0.0
