entropy_mean = 0.0
loss_policy = 6.049783706665039
loss_total = 13.73546314239502
loss_value = 1.0
step = 256
value_mean = 0.0
