entropy_mean = 0.0
loss_policy = 5.8441853523254395
loss_total = 13.614683151245117
loss_value = 0.999927282333374
step = 168
value_mean = 0.0
