entropy_mean = 0.0
loss_policy = 5.475143909454346
loss_total = 12.879167556762695
loss_value = 1.0234375
step = 428
value_mean = 0.0
