entropy_mean = 0.0
loss_policy = 6.242049694061279
loss_total = 13.899055480957031
loss_value = 1.046875
step = 317
value_mean = 0.0
