entropy_mean = 0.0
loss_policy = 5.765381336212158
loss_total = 13.222673416137695
loss_value = 0.6727563738822937
step = 145
value_mean = 0.0
