entropy_mean = 0.0
loss_policy = 4.974737167358398
loss_total = 12.11410140991211
loss_value = 0.9999999403953552
step = 548
value_mean = 0.0
