entropy_mean = 0.0
loss_policy = 5.38909912109375
loss_total = 12.883600234985352
loss_value = 1.0
step = 382
value_mean = 0.0
