entropy_mean = 0.0
loss_policy = 6.320687294006348
loss_total = 14.130064010620117
loss_value = 0.9919537305831909
step = 14
value_mean = 0.0
