entropy_mean = 0.0
loss_policy = 5.235095024108887
loss_total = 12.45226764678955
loss_value = 1.0234375
step = 518
value_mean = 0.0
