entropy_mean = 0.0
loss_policy = 6.2374725341796875
loss_total = 14.012868881225586
loss_value = 0.999150276184082
step = 159
value_mean = 0.0
