entropy_mean = 0.0
loss_policy = 5.667717933654785
loss_total = 13.375656127929688
loss_value = 0.9999998807907104
step = 240
value_mean = 0.0
