entropy_mean = 0.0
loss_policy = 5.748683452606201
loss_total = 13.02840805053711
loss_value = 0.47763848304748535
step = 87
value_mean = 0.0
