entropy_mean = 0.0
loss_policy = 5.716218948364258
loss_total = 12.661367416381836
loss_value = 0.14495787024497986
step = 97
value_mean = 0.0
