entropy_mean = 0.0
loss_policy = 5.590672969818115
loss_total = 12.889066696166992
loss_value = 1.0
step = 463
value_mean = 0.0
