entropy_mean = 0.0
loss_policy = 5.858912467956543
loss_total = 13.069379806518555
loss_value = 1.0
step = 509
value_mean = 0.0
