entropy_mean = 0.0
loss_policy = 5.844083309173584
loss_total = 13.36030387878418
loss_value = 0.984375
step = 362
value_mean = 0.0
