entropy_mean = 0.0
loss_policy = 6.123661994934082
loss_total = 13.962148666381836
loss_value = 1.0231132507324219
step = 30
value_mean = 0.0
