entropy_mean = 0.0
loss_policy = 6.159002780914307
loss_total = 13.870903015136719
loss_value = 1.046875
step = 274
value_mean = 0.0
