entropy_mean = 0.0
loss_policy = 5.560703277587891
loss_total = 12.858323097229004
loss_value = 1.0234375
step = 475
value_mean = 0.0
