entropy_mean = 0.0
loss_policy = 5.996767997741699
loss_total = 13.429130554199219
loss_value = 0.6340947151184082
step = 104
value_mean = 0.0
