entropy_mean = 0.0
loss_policy = 5.7871198654174805
loss_total = 12.767568588256836
loss_value = 0.184878408908844
step = 113
value_mean = 0.0
