entropy_mean = 0.0
loss_policy = 5.8267412185668945
loss_total = 12.674342155456543
loss_value = 0.055954158306121826
step = 126
value_mean = 0.0
