entropy_mean = 0.0
loss_policy = 7.236207008361816
loss_total = 14.848838806152344
loss_value = 1.0
step = 315
value_mean = 0.0
