entropy_mean = 0.0
loss_policy = 6.0784406661987305
loss_total = 13.673072814941406
loss_value = 1.0
step = 329
value_mean = 0.0
