entropy_mean = 0.0
loss_policy = 5.923378944396973
loss_total = 13.715423583984375
loss_value = 0.9770796895027161
step = 32
value_mean = 0.0
