entropy_mean = 0.0
loss_policy = 5.6970672607421875
loss_total = 12.770562171936035
loss_value = 0.9921875
step = 575
value_mean = 0.0
