entropy_mean = 0.0
loss_policy = 5.976365566253662
loss_total = 13.45609188079834
loss_value = 0.6730265617370605
step = 65
value_mean = 0.0
