entropy_mean = 0.0
loss_policy = 5.1222991943359375
loss_total = 12.163921356201172
loss_value = 0.9999998807907104
step = 594
value_mean = 0.0
