entropy_mean = 0.0
loss_policy = 5.984674453735352
loss_total = 13.717598915100098
loss_value = 1.0234367847442627
step = 239
value_mean = 0.0
