entropy_mean = 0.0
loss_policy = 6.719546318054199
loss_total = 14.407601356506348
loss_value = 1.0
step = 254
value_mean = 0.0
