entropy_mean = 0.0
loss_policy = 5.341408729553223
loss_total = 12.544248580932617
loss_value = 1.0
step = 513
value_mean = 0.0
