entropy_mean = 0.0
loss_policy = 5.72117805480957
loss_total = 13.357320785522461
loss_value = 1.0
step = 298
value_mean = 0.0
