entropy_mean = 0.0
loss_policy = 5.627471923828125
loss_total = 12.828410148620605
loss_value = 1.0
step = 514
value_mean = 0.0
