entropy_mean = 0.0
loss_policy = 5.9931135177612305
loss_total = 13.145367622375488
loss_value = 0.3516969680786133
step = 95
value_mean = 0.0
