entropy_mean = 0.0
loss_policy = 6.71614408493042
loss_total = 14.408143043518066
loss_value = 1.0
step = 251
value_mean = 0.0
