entropy_mean = 0.0
loss_policy = 6.136415481567383
loss_total = 13.937830924987793
loss_value = 1.023232102394104
step = 156
value_mean = 0.0
