entropy_mean = 0.0
loss_policy = 6.155550956726074
loss_total = 13.430577278137207
loss_value = 0.5281426310539246
step = 204
value_mean = 0.0
