entropy_mean = 0.0
loss_policy = 6.062356948852539
loss_total = 13.797473907470703
loss_value = 0.9770851135253906
step = 189
value_mean = 0.0
