entropy_mean = 0.0
loss_policy = 6.825554370880127
loss_total = 14.627354621887207
loss_value = 0.9842337965965271
step = 11
value_mean = 0.0
