entropy_mean = 0.0
loss_policy = 6.04994535446167
loss_total = 13.618860244750977
loss_value = 0.821192741394043
step = 203
value_mean = 0.0
