entropy_mean = 0.0
loss_policy = 5.287872314453125
loss_total = 12.64780330657959
loss_value = 1.0078125
step = 439
value_mean = 0.0
