entropy_mean = 0.0
loss_policy = 5.323549747467041
loss_total = 12.43238639831543
loss_value = 1.0
step = 562
value_mean = 0.0
