entropy_mean = 0.0
loss_policy = 5.177211761474609
loss_total = 12.376294136047363
loss_value = 1.0
step = 515
value_mean = 0.0
