entropy_mean = 0.0
loss_policy = 5.812464237213135
loss_total = 13.570491790771484
loss_value = 0.9432786703109741
step = 33
value_mean = 0.0
