entropy_mean = 0.0
loss_policy = 5.965738296508789
loss_total = 13.439416885375977
loss_value = 0.9921875
step = 388
value_mean = 0.0
