entropy_mean = 0.0
loss_policy = 5.788433074951172
loss_total = 13.438871383666992
loss_value = 0.8620777130126953
step = 136
value_mean = 0.0
