entropy_mean = 0.0
loss_policy = 6.803659439086914
loss_total = 14.443620681762695
loss_value = 1.0234375
step = 312
value_mean = 0.0
