entropy_mean = 0.0
loss_policy = 6.111970901489258
loss_total = 13.713502883911133
loss_value = 0.8718777298927307
step = 221
value_mean = 0.0
