entropy_mean = 0.0
loss_policy = 6.051941871643066
loss_total = 12.957284927368164
loss_value = 0.10822989046573639
step = 108
value_mean = 0.0
