entropy_mean = 0.0
loss_policy = 6.190535545349121
loss_total = 13.8213529586792
loss_value = 0.9921875
step = 296
value_mean = 0.0
