entropy_mean = 0.0
loss_policy = 6.555245399475098
loss_total = 14.317398071289062
loss_value = 0.9921653270721436
step = 169
value_mean = 0.0
