entropy_mean = 0.0
loss_policy = 5.390316486358643
loss_total = 12.857381820678711
loss_value = 1.0
step = 395
value_mean = 0.0
