entropy_mean = 0.0
loss_policy = 5.796839237213135
loss_total = 12.807107925415039
loss_value = 0.20681971311569214
step = 80
value_mean = 0.0
