entropy_mean = 0.0
loss_policy = 5.874998569488525
loss_total = 13.588905334472656
loss_value = 0.9621102809906006
step = 198
value_mean = 0.0
