entropy_mean = 0.0
loss_policy = 5.661578178405762
loss_total = 13.173107147216797
loss_value = 1.0234375
step = 385
value_mean = 0.0
