entropy_mean = 0.0
loss_policy = 5.385866165161133
loss_total = 12.918691635131836
loss_value = 1.0078125
step = 366
value_mean = 0.0
