entropy_mean = 0.0
loss_policy = 5.892360210418701
loss_total = 13.126819610595703
loss_value = 1.0
step = 496
value_mean = 0.0
