entropy_mean = 0.0
loss_policy = 6.13069486618042
loss_total = 13.846098899841309
loss_value = 0.9712510108947754
step = 207
value_mean = 0.0
