entropy_mean = 0.0
loss_policy = 6.117413520812988
loss_total = 13.875118255615234
loss_value = 0.9921439290046692
step = 177
value_mean = 0.0
