entropy_mean = 0.0
loss_policy = 5.428045272827148
loss_total = 12.816259384155273
loss_value = 1.0234375
step = 434
value_mean = 0.0
