entropy_mean = 0.0
loss_policy = 5.806138038635254
loss_total = 13.406089782714844
loss_value = 1.0
step = 325
value_mean = 0.0
