entropy_mean = 0.0
loss_policy = 5.372905254364014
loss_total = 12.949365615844727
loss_value = 1.0234375
step = 351
value_mean = 0.0
