entropy_mean = 0.0
loss_policy = 5.960203170776367
loss_total = 13.03738784790039
loss_value = 0.28399837017059326
step = 121
value_mean = 0.0
