entropy_mean = 0.0
loss_policy = 5.918879508972168
loss_total = 13.323042869567871
loss_value = 0.5981737971305847
step = 68
value_mean = 0.0
