entropy_mean = 0.0
loss_policy = 5.327339172363281
loss_total = 12.60731029510498
loss_value = 1.0
step = 472
value_mean = 0.0
