entropy_mean = 0.0
loss_policy = 5.7607221603393555
loss_total = 12.999695777893066
loss_value = 0.4398234486579895
step = 101
value_mean = 0.0
