entropy_mean = 0.0
loss_policy = 6.0743536949157715
loss_total = 13.772136688232422
loss_value = 0.914587140083313
step = 148
value_mean = 0.0
