entropy_mean = 0.0
loss_policy = 6.332983016967773
loss_total = 13.950811386108398
loss_value = 1.0
step = 311
value_mean = 0.0
