entropy_mean = 0.0
loss_policy = 5.478282451629639
loss_total = 12.514467239379883
loss_value = 0.9999999403953552
step = 597
value_mean = 0.0
