entropy_mean = 0.0
loss_policy = 5.890936851501465
loss_total = 13.564831733703613
loss_value = 0.9574218988418579
step = 234
value_mean = 0.0
