entropy_mean = 0.0
loss_policy = 5.28759241104126
loss_total = 12.703185081481934
loss_value = 1.0
step = 416
value_mean = 0.0
