entropy_mean = 0.0
loss_policy = 8.124110221862793
loss_total = 15.934660911560059
loss_value = 0.9928718209266663
step = 5
value_mean = 0.0
