entropy_mean = 0.0
loss_policy = 5.8883233070373535
loss_total = 13.63969612121582
loss_value = 0.9914470314979553
step = 186
value_mean = 0.0
