entropy_mean = 0.0
loss_policy = 6.046865940093994
loss_total = 13.751325607299805
loss_value = 1.0234375
step = 260
value_mean = 0.0
