entropy_mean = 0.0
loss_policy = 6.675395965576172
loss_total = 14.449254989624023
loss_value = 1.0133044719696045
step = 185
value_mean = 0.0
