entropy_mean = 0.0
loss_policy = 5.789478302001953
loss_total = 13.31003189086914
loss_value = 0.9921875
step = 364
value_mean = 0.0
