entropy_mean = 0.0
loss_policy = 5.2305755615234375
loss_total = 12.439223289489746
loss_value = 1.0
step = 510
value_mean = 0.0
