entropy_mean = 0.0
loss_policy = 6.243959426879883
loss_total = 13.914936065673828
loss_value = 0.9921875
step = 262
value_mean = 0.0
