entropy_mean = 0.0
loss_policy = 5.951883316040039
loss_total = 13.652578353881836
loss_value = 0.9882028102874756
step = 237
value_mean = 0.0
