entropy_mean = 0.0
loss_policy = 5.870530128479004
loss_total = 13.621882438659668
loss_value = 0.9368256330490112
step = 34
value_mean = 0.0
