entropy_mean = 0.0
loss_policy = 6.128313064575195
loss_total = 13.651808738708496
loss_value = 0.7355080842971802
step = 137
value_mean = 0.0
