entropy_mean = 0.0
loss_policy = 6.759932994842529
loss_total = 14.446770668029785
loss_value = 1.0
step = 255
value_mean = 0.0
