entropy_mean = 0.0
loss_policy = 5.644134521484375
loss_total = 12.980913162231445
loss_value = 1.0
step = 445
value_mean = 0.0
