entropy_mean = 0.0
loss_policy = 5.110770225524902
loss_total = 12.373544692993164
loss_value = 0.9921875
step = 477
value_mean = 0.0
