entropy_mean = 0.0
loss_policy = 5.139588832855225
loss_total = 12.40488052368164
loss_value = 1.0
step = 480
value_mean = 0.0
