entropy_mean = 0.0
loss_policy = 5.761630058288574
loss_total = 12.666582107543945
loss_value = 0.10548907518386841
step = 100
value_mean = 0.0
