entropy_mean = 0.0
loss_policy = 5.4751691818237305
loss_total = 13.00282096862793
loss_value = 0.9921875
step = 360
value_mean = 0.0
