entropy_mean = 0.0
loss_policy = 5.755595684051514
loss_total = 13.35721206665039
loss_value = 0.8522313833236694
step = 201
value_mean = 0.0
