entropy_mean = 0.0
loss_policy = 5.311770439147949
loss_total = 12.390924453735352
loss_value = 1.0
step = 576
value_mean = 0.0
