entropy_mean = 0.0
loss_policy = 6.006716251373291
loss_total = 13.635330200195312
loss_value = 0.8165041208267212
step = 44
value_mean = 0.0
