entropy_mean = 0.0
loss_policy = 5.903863906860352
loss_total = 13.409085273742676
loss_value = 0.7180538177490234
step = 139
value_mean = 0.0
