entropy_mean = 0.0
loss_policy = 5.440121650695801
loss_total = 12.7633638381958
loss_value = 1.0
step = 451
value_mean = 0.0
