entropy_mean = 0.0
loss_policy = 5.888071537017822
loss_total = 13.738120079040527
loss_value = 1.0686246156692505
step = 151
value_mean = 0.0
