entropy_mean = 0.0
loss_policy = 5.296741962432861
loss_total = 12.713800430297852
loss_value = 1.015625
step = 421
value_mean = 0.0
