entropy_mean = 0.0
loss_policy = 6.280147552490234
loss_total = 14.096792221069336
loss_value = 0.9996258616447449
step = 19
value_mean = 0.0
