entropy_mean = 0.0
loss_policy = 5.501711845397949
loss_total = 13.037341117858887
loss_value = 1.0234375
step = 373
value_mean = 0.0
