entropy_mean = 0.0
loss_policy = 5.939575672149658
loss_total = 13.286337852478027
loss_value = 0.5482078194618225
step = 103
value_mean = 0.0
