entropy_mean = 0.0
loss_policy = 4.99849796295166
loss_total = 12.240367889404297
loss_value = 0.9921875
step = 488
value_mean = 0.0
