entropy_mean = 0.0
loss_policy = 5.702895641326904
loss_total = 12.984490394592285
loss_value = 0.4961875379085541
step = 143
value_mean = 0.0
