entropy_mean = 0.0
loss_policy = 5.47501277923584
loss_total = 12.917238235473633
loss_value = 1.015625
step = 412
value_mean = 0.0
