entropy_mean = 0.0
loss_policy = 5.731348991394043
loss_total = 13.146963119506836
loss_value = 1.0234375
step = 424
value_mean = 0.0
