entropy_mean = 0.0
loss_policy = 5.22628927230835
loss_total = 12.451105117797852
loss_value = 0.9921875
step = 497
value_mean = 0.0
