entropy_mean = 0.0
loss_policy = 6.543615341186523
loss_total = 14.288780212402344
loss_value = 0.9858701229095459
step = 187
value_mean = 0.0
