entropy_mean = 0.0
loss_policy = 6.356029510498047
loss_total = 14.002307891845703
loss_value = 1.0
step = 290
value_mean = 0.0
