entropy_mean = 0.0
loss_policy = 5.738242149353027
loss_total = 13.389263153076172
loss_value = 0.9058724641799927
step = 206
value_mean = 0.0
