entropy_mean = 0.0
loss_policy = 5.365721225738525
loss_total = 12.541864395141602
loss_value = 1.023437261581421
step = 540
value_mean = 0.0
