entropy_mean = 0.0
loss_policy = 5.422516822814941
loss_total = 12.961682319641113
loss_value = 1.0
step = 358
value_mean = 0.0
