entropy_mean = 0.0
loss_policy = 5.440563201904297
loss_total = 12.694112777709961
loss_value = 1.0
step = 486
value_mean = 0.0
