entropy_mean = 0.0
loss_policy = 5.345365524291992
loss_total = 12.482683181762695
loss_value = 1.0
step = 549
value_mean = 0.0
