entropy_mean = 0.0
loss_policy = 5.6981282234191895
loss_total = 12.934489250183105
loss_value = 1.0
step = 495
value_mean = 0.0
