entropy_mean = 0.0
loss_policy = 5.930472373962402
loss_total = 13.340917587280273
loss_value = 0.597119152545929
step = 39
value_mean = 0.0
