entropy_mean = 0.0
loss_policy = 5.330719470977783
loss_total = 12.711355209350586
loss_value = 1.0234375
step = 437
value_mean = 0.0
