entropy_mean = 0.0
loss_policy = 6.953736782073975
loss_total = 14.623258590698242
loss_value = 1.0
step = 270
value_mean = 0.0
