entropy_mean = 0.0
loss_policy = 6.111546039581299
loss_total = 13.378691673278809
loss_value = 0.4626925587654114
step = 75
value_mean = 0.0
