entropy_mean = 0.0
loss_policy = 6.989039897918701
loss_total = 14.664482116699219
loss_value = 0.9921875
step = 258
value_mean = 0.0
