entropy_mean = 0.0
loss_policy = 5.8813796043396
loss_total = 12.860986709594727
loss_value = 0.18220680952072144
step = 107
value_mean = 0.0
