entropy_mean = 0.0
loss_policy = 6.0911359786987305
loss_total = 13.028428077697754
loss_value = 0.14725132286548615
step = 131
value_mean = 0.0
