entropy_mean = 0.0
loss_policy = 5.834630966186523
loss_total = 13.146062850952148
loss_value = 0.59065842628479
step = 230
value_mean = 0.0
