entropy_mean = 0.0
loss_policy = 6.195276737213135
loss_total = 13.900077819824219
loss_value = 0.9999807476997375
step = 242
value_mean = 0.0
