entropy_mean = 0.0
loss_policy = 5.286031723022461
loss_total = 12.445489883422852
loss_value = 0.9921874403953552
step = 532
value_mean = 0.0
