entropy_mean = 0.0
loss_policy = 5.025391578674316
loss_total = 12.083290100097656
loss_value = 1.0234375
step = 598
value_mean = 0.0
