entropy_mean = 0.0
loss_policy = 7.117642402648926
loss_total = 14.739620208740234
loss_value = 1.0
step = 308
value_mean = 0.0
