entropy_mean = 0.0
loss_policy = 5.319308280944824
loss_total = 12.364673614501953
loss_value = 1.0
step = 592
value_mean = 0.0
