entropy_mean = 0.0
loss_policy = 5.731007099151611
loss_total = 13.305437088012695
loss_value = 1.0234375
step = 352
value_mean = 0.0
