entropy_mean = 0.0
loss_policy = 6.318243503570557
loss_total = 13.89204216003418
loss_value = 0.8411198258399963
step = 218
value_mean = 0.0
