entropy_mean = 0.0
loss_policy = 5.851906776428223
loss_total = 13.504573822021484
loss_value = 1.0234375
step = 303
value_mean = 0.0
