entropy_mean = 0.0
loss_policy = 5.784796714782715
loss_total = 13.123401641845703
loss_value = 0.5332885980606079
step = 71
value_mean = 0.0
