entropy_mean = 0.0
loss_policy = 5.905536651611328
loss_total = 12.933101654052734
loss_value = 0.226438969373703
step = 92
value_mean = 0.0
