entropy_mean = 0.0
loss_policy = 6.410367012023926
loss_total = 14.166318893432617
loss_value = 0.984196662902832
step = 166
value_mean = 0.0
