entropy_mean = 0.0
loss_policy = 6.300322532653809
loss_total = 13.897594451904297
loss_value = 1.0
step = 327
value_mean = 0.0
