entropy_mean = 0.0
loss_policy = 4.959199905395508
loss_total = 12.134302139282227
loss_value = 0.9921875
step = 524
value_mean = 0.0
