entropy_mean = 0.0
loss_policy = 5.882157325744629
loss_total = 13.30982780456543
loss_value = 0.6917006969451904
step = 215
value_mean = 0.0
