entropy_mean = 0.0
loss_policy = 5.891364097595215
loss_total = 13.369179725646973
loss_value = 0.6677870750427246
step = 52
value_mean = 0.0
