entropy_mean = 0.0
loss_policy = 5.004010200500488
loss_total = 12.195981979370117
loss_value = 1.0
step = 519
value_mean = 0.0
