entropy_mean = 0.0
loss_policy = 5.8718976974487305
loss_total = 13.450080871582031
loss_value = 0.7694880366325378
step = 57
value_mean = 0.0
