entropy_mean = 0.0
loss_policy = 6.029879570007324
loss_total = 13.650550842285156
loss_value = 1.015625
step = 321
value_mean = 0.0
