entropy_mean = 0.0
loss_policy = 6.482118129730225
loss_total = 14.080611228942871
loss_value = 0.9921875
step = 320
value_mean = 0.0
