entropy_mean = 0.0
loss_policy = 5.788650989532471
loss_total = 13.036378860473633
loss_value = 1.0
step = 489
value_mean = 0.0
