entropy_mean = 0.0
loss_policy = 5.7646002769470215
loss_total = 12.712973594665527
loss_value = 0.1524975597858429
step = 112
value_mean = 0.0
