entropy_mean = 0.0
loss_policy = 5.789748191833496
loss_total = 12.887134552001953
loss_value = 0.9999998211860657
step = 567
value_mean = 0.0
