entropy_mean = 0.0
loss_policy = 6.753499984741211
loss_total = 14.417341232299805
loss_value = 1.0
step = 275
value_mean = 0.0
