entropy_mean = 0.0
loss_policy = 6.037032127380371
loss_total = 13.563711166381836
loss_value = 1.0
step = 365
value_mean = 0.0
