entropy_mean = 0.0
loss_policy = 5.1367363929748535
loss_total = 12.564205169677734
loss_value = 0.9921875
step = 409
value_mean = 0.0
