entropy_mean = 0.0
loss_policy = 5.262585639953613
loss_total = 12.447562217712402
loss_value = 1.0234375
step = 535
value_mean = 0.0
