entropy_mean = 0.0
loss_policy = 4.970665454864502
loss_total = 12.014179229736328
loss_value = 1.0
step = 593
value_mean = 0.0
