entropy_mean = 0.0
loss_policy = 5.158824443817139
loss_total = 12.206183433532715
loss_value = 0.9921875
step = 587
value_mean = 0.0
