entropy_mean = 0.0
loss_policy = 5.4933085441589355
loss_total = 12.779664039611816
loss_value = 0.9921875
step = 465
value_mean = 0.0
