entropy_mean = 0.0
loss_policy = 6.100690841674805
loss_total = 13.749805450439453
loss_value = 1.015625
step = 300
value_mean = 0.0
