entropy_mean = 0.0
loss_policy = 5.5249924659729
loss_total = 13.118593215942383
loss_value = 1.015625
step = 339
value_mean = 0.0
