entropy_mean = 0.0
loss_policy = 5.032234191894531
loss_total = 12.094945907592773
loss_value = 0.9921875
step = 580
value_mean = 0.0
