entropy_mean = 0.0
loss_policy = 5.975489616394043
loss_total = 13.083093643188477
loss_value = 0.30250126123428345
step = 72
value_mean = 0.0
