entropy_mean = 0.0
loss_policy = 5.458573818206787
loss_total = 12.728734970092773
loss_value = 0.9921875
step = 473
value_mean = 0.0
