entropy_mean = 0.0
loss_policy = 5.8769097328186035
loss_total = 13.520439147949219
loss_value = 0.9921875
step = 286
value_mean = 0.0
