entropy_mean = 0.0
loss_policy = 5.433468341827393
loss_total = 12.733976364135742
loss_value = 1.0
step = 462
value_mean = 0.0
