entropy_mean = 0.0
loss_policy = 5.410723686218262
loss_total = 12.965739250183105
loss_value = 1.0
step = 350
value_mean = 0.0
