entropy_mean = 0.0
loss_policy = 6.640104293823242
loss_total = 14.394876480102539
loss_value = 0.9909942150115967
step = 180
value_mean = 0.0
