entropy_mean = 0.0
loss_policy = 5.595828056335449
loss_total = 13.201231002807617
loss_value = 1.0234375
step = 337
value_mean = 0.0
