entropy_mean = 0.0
loss_policy = 4.868865966796875
loss_total = 12.010066986083984
loss_value = 0.9999997615814209
step = 547
value_mean = 0.0
