entropy_mean = 0.0
loss_policy = 5.848001003265381
loss_total = 12.965986251831055
loss_value = 0.32149118185043335
step = 110
value_mean = 0.0
