entropy_mean = 0.0
loss_policy = 6.165549278259277
loss_total = 13.299030303955078
loss_value = 0.33100977540016174
step = 85
value_mean = 0.0
