entropy_mean = 0.0
loss_policy = 6.539794445037842
loss_total = 14.197040557861328
loss_value = 1.0
step = 281
value_mean = 0.0
