entropy_mean = 0.0
loss_policy = 6.933967590332031
loss_total = 14.620100021362305
loss_value = 1.0234375
step = 276
value_mean = 0.0
