entropy_mean = 0.0
loss_policy = 5.837212562561035
loss_total = 13.33571720123291
loss_value = 1.0
step = 380
value_mean = 0.0
