entropy_mean = 0.0
loss_policy = 5.865549564361572
loss_total = 13.513089179992676
loss_value = 1.0
step = 289
value_mean = 0.0
