entropy_mean = 0.0
loss_policy = 6.132707595825195
loss_total = 13.791044235229492
loss_value = 1.0
step = 280
value_mean = 0.0
