entropy_mean = 0.0
loss_policy = 5.911996841430664
loss_total = 13.123062133789062
loss_value = 0.41013094782829285
step = 93
value_mean = 0.0
