entropy_mean = 0.0
loss_policy = 5.424437522888184
loss_total = 12.67868709564209
loss_value = 1.0234375
step = 498
value_mean = 0.0
