entropy_mean = 0.0
loss_policy = 5.983652114868164
loss_total = 13.637410163879395
loss_value = 1.0
step = 284
value_mean = 0.0
