entropy_mean = 0.0
loss_policy = 5.65134859085083
loss_total = 12.824411392211914
loss_value = 0.3723185360431671
step = 94
value_mean = 0.0
