entropy_mean = 0.0
loss_policy = 6.214377403259277
loss_total = 13.909937858581543
loss_value = 0.9921873211860657
step = 243
value_mean = 0.0
