entropy_mean = 0.0
loss_policy = 5.4390082359313965
loss_total = 12.639385223388672
loss_value = 1.015625
step = 523
value_mean = 0.0
