entropy_mean = 0.0
loss_policy = 5.972556114196777
loss_total = 13.791082382202148
loss_value = 1.0026172399520874
step = 27
value_mean = 0.0
