entropy_mean = 0.0
loss_policy = 5.720087051391602
loss_total = 13.028495788574219
loss_value = 0.57350754737854
step = 216
value_mean = 0.0
