entropy_mean = 0.0
loss_policy = 5.420753479003906
loss_total = 12.967522621154785
loss_value = 1.0234375
step = 367
value_mean = 0.0
