entropy_mean = 0.0
loss_policy = 5.191539764404297
loss_total = 12.655172348022461
loss_value = 1.0234375
step = 407
value_mean = 0.0
