entropy_mean = 0.0
loss_policy = 5.148039817810059
loss_total = 12.338289260864258
loss_value = 1.0
step = 520
value_mean = 0.0
