entropy_mean = 0.0
loss_policy = 5.078426837921143
loss_total = 12.203737258911133
loss_value = 0.9999998211860657
step = 555
value_mean = 0.0
