entropy_mean = 0.0
loss_policy = 5.953618049621582
loss_total = 13.500096321105957
loss_value = 0.735124409198761
step = 47
value_mean = 0.0
