entropy_mean = 0.0
loss_policy = 5.283360958099365
loss_total = 12.462379455566406
loss_value = 1.015625
step = 534
value_mean = 0.0
