entropy_mean = 0.0
loss_policy = 6.240788459777832
loss_total = 13.889106750488281
loss_value = 0.9921875
step = 282
value_mean = 0.0
