entropy_mean = 0.0
loss_policy = 6.187933921813965
loss_total = 13.889923095703125
loss_value = 1.0
step = 244
value_mean = 0.0
