entropy_mean = 0.0
loss_policy = 5.187020778656006
loss_total = 12.349889755249023
loss_value = 1.046874761581421
step = 559
value_mean = 0.0
