entropy_mean = 0.0
loss_policy = 6.322701454162598
loss_total = 14.178533554077148
loss_value = 1.0393022298812866
step = 23
value_mean = 0.0
