entropy_mean = 0.0
loss_policy = 5.93678092956543
loss_total = 13.597602844238281
loss_value = 1.0234375
step = 297
value_mean = 0.0
