entropy_mean = 0.0
loss_policy = 5.516294002532959
loss_total = 13.148805618286133
loss_value = 1.046875
step = 335
value_mean = 0.0
