entropy_mean = 0.0
loss_policy = 5.526061058044434
loss_total = 13.059558868408203
loss_value = 1.015625
step = 370
value_mean = 0.0
