entropy_mean = 0.0
loss_policy = 6.313076496124268
loss_total = 14.080236434936523
loss_value = 0.9999697208404541
step = 174
value_mean = 0.0
