entropy_mean = 0.0
loss_policy = 6.3528032302856445
loss_total = 13.953845977783203
loss_value = 0.9921875
step = 318
value_mean = 0.0
