entropy_mean = 0.0
loss_policy = 5.936205863952637
loss_total = 13.379738807678223
loss_value = 0.7217075824737549
step = 229
value_mean = 0.0
