entropy_mean = 0.0
loss_policy = 5.60111141204834
loss_total = 13.070070266723633
loss_value = 0.7318822145462036
step = 214
value_mean = 0.0
