entropy_mean = 0.0
loss_policy = 5.930450439453125
loss_total = 12.867756843566895
loss_value = 0.1411227285861969
step = 111
value_mean = 0.0
