entropy_mean = 0.0
loss_policy = 6.688100814819336
loss_total = 14.373111724853516
loss_value = 1.0234375
step = 277
value_mean = 0.0
