entropy_mean = 0.0
loss_policy = 5.863632678985596
loss_total = 13.30440616607666
loss_value = 0.6302134990692139
step = 50
value_mean = 0.0
