entropy_mean = 0.0
loss_policy = 6.354951858520508
loss_total = 14.217430114746094
loss_value = 1.0452719926834106
step = 17
value_mean = 0.0
