entropy_mean = 0.0
loss_policy = 5.491921424865723
loss_total = 12.77092170715332
loss_value = 1.0234375
step = 485
value_mean = 0.0
