entropy_mean = 0.0
loss_policy = 5.902917385101318
loss_total = 12.829156875610352
loss_value = 0.12647435069084167
step = 99
value_mean = 0.0
