entropy_mean = 0.0
loss_policy = 7.8554534912109375
loss_total = 15.687755584716797
loss_value = 1.014631748199463
step = 6
value_mean = 0.0
