entropy_mean = 0.0
loss_policy = 6.80384635925293
loss_total = 14.569093704223633
loss_value = 0.9963853359222412
step = 171
value_mean = 0.0
