entropy_mean = 0.0
loss_policy = 5.778852462768555
loss_total = 13.341872215270996
loss_value = 1.0
step = 346
value_mean = 0.0
