entropy_mean = 0.0
loss_policy = 5.878198623657227
loss_total = 13.639165878295898
loss_value = 0.9789040684700012
step = 150
value_mean = 0.0
