entropy_mean = 0.0
loss_policy = 5.911008358001709
loss_total = 13.254213333129883
loss_value = 0.6125725507736206
step = 220
value_mean = 0.0
