entropy_mean = 0.0
loss_policy = 4.9830827713012695
loss_total = 12.068208694458008
loss_value = 1.0234375
step = 584
value_mean = 0.0
