entropy_mean = 0.0
loss_policy = 5.867771148681641
loss_total = 13.338830947875977
loss_value = 1.0
step = 393
value_mean = 0.0
