entropy_mean = 0.0
loss_policy = 6.503367900848389
loss_total = 14.316457748413086
loss_value = 0.9957306385040283
step = 15
value_mean = 0.0
