entropy_mean = 0.0
loss_policy = 5.866630554199219
loss_total = 13.040821075439453
loss_value = 0.3701573610305786
step = 77
value_mean = 0.0
