entropy_mean = 0.0
loss_policy = 6.163978576660156
loss_total = 13.89071273803711
loss_value = 0.9734326601028442
step = 196
value_mean = 0.0
