entropy_mean = 0.0
loss_policy = 5.310291290283203
loss_total = 12.520345687866211
loss_value = 1.0234375
step = 522
value_mean = 0.0
