entropy_mean = 0.0
loss_policy = 5.603972434997559
loss_total = 13.216300964355469
loss_value = 1.0234375
step = 333
value_mean = 0.0
