entropy_mean = 0.0
loss_policy = 5.845076560974121
loss_total = 12.795658111572266
loss_value = 0.15619906783103943
step = 117
value_mean = 0.0
