entropy_mean = 0.0
loss_policy = 5.531425476074219
loss_total = 12.590821266174316
loss_value = 1.0
step = 585
value_mean = 0.0
