entropy_mean = 0.0
loss_policy = 5.936633110046387
loss_total = 13.052290916442871
loss_value = 0.30989623069763184
step = 69
value_mean = 0.0
