entropy_mean = 0.0
loss_policy = 5.850193500518799
loss_total = 13.334848403930664
loss_value = 1.015625
step = 394
value_mean = 0.0
