entropy_mean = 0.0
loss_policy = 5.587452411651611
loss_total = 13.125003814697266
loss_value = 1.0234375
step = 372
value_mean = 0.0
