entropy_mean = 0.0
loss_policy = 5.989011287689209
loss_total = 13.698232650756836
loss_value = 0.895409345626831
step = 37
value_mean = 0.0
