entropy_mean = 0.0
loss_policy = 6.633128643035889
loss_total = 14.304954528808594
loss_value = 1.0
step = 268
value_mean = 0.0
