entropy_mean = 0.0
loss_policy = 5.9648637771606445
loss_total = 13.64842700958252
loss_value = 0.984375
step = 246
value_mean = 0.0
