entropy_mean = 0.0
loss_policy = 5.647048473358154
loss_total = 13.227752685546875
loss_value = 1.015625
step = 345
value_mean = 0.0
