entropy_mean = 0.0
loss_policy = 5.126254081726074
loss_total = 12.570387840270996
loss_value = 0.9921875
step = 402
value_mean = 0.0
