entropy_mean = 0.0
loss_policy = 6.006950378417969
loss_total = 13.444425582885742
loss_value = 0.6271811127662659
step = 51
value_mean = 0.0
