entropy_mean = 0.0
loss_policy = 6.613629341125488
loss_total = 14.296452522277832
loss_value = 0.9921875
step = 252
value_mean = 0.0
