entropy_mean = 0.0
loss_policy = 5.439552307128906
loss_total = 12.530895233154297
loss_value = 1.0
step = 570
value_mean = 0.0
