entropy_mean = 0.0
loss_policy = 5.425713062286377
loss_total = 12.785446166992188
loss_value = 1.0
step = 436
value_mean = 0.0
