entropy_mean = 0.0
loss_policy = 5.419796943664551
loss_total = 12.953483581542969
loss_value = 1.0
step = 361
value_mean = 0.0
