entropy_mean = 0.0
loss_policy = 6.0188727378845215
loss_total = 12.871294975280762
loss_value = 0.059841338545084
step = 123
value_mean = 0.0
