entropy_mean = 0.0
loss_policy = 6.596810340881348
loss_total = 14.303144454956055
loss_value = 0.9999998807907104
step = 241
value_mean = 0.0
