entropy_mean = 0.0
loss_policy = 5.939082145690918
loss_total = 13.714479446411133
loss_value = 0.9978533983230591
step = 157
value_mean = 0.0
