entropy_mean = 0.0
loss_policy = 6.106113433837891
loss_total = 13.7303466796875
loss_value = 0.9921875
step = 301
value_mean = 0.0
