entropy_mean = 0.0
loss_policy = 6.389953136444092
loss_total = 14.093283653259277
loss_value = 1.0234375
step = 261
value_mean = 0.0
