entropy_mean = 0.0
loss_policy = 6.250036239624023
loss_total = 13.916181564331055
loss_value = 1.0
step = 273
value_mean = 0.0
