entropy_mean = 0.0
loss_policy = 5.470941543579102
loss_total = 12.508905410766602
loss_value = 0.9999999403953552
step = 596
value_mean = 0.0
