entropy_mean = 0.0
loss_policy = 5.377108097076416
loss_total = 12.716353416442871
loss_value = 1.0
step = 444
value_mean = 0.0
