entropy_mean = 0.0
loss_policy = 5.981036186218262
loss_total = 13.700529098510742
loss_value = 0.9052004218101501
step = 35
value_mean = 0.0
