entropy_mean = 0.0
loss_policy = 5.704388618469238
loss_total = 13.047079086303711
loss_value = 0.5371548533439636
step = 70
value_mean = 0.0
