entropy_mean = 0.0
loss_policy = 5.057826042175293
loss_total = 12.246333122253418
loss_value = 1.0
step = 521
value_mean = 0.0
