entropy_mean = 0.0
loss_policy = 6.627017974853516
loss_total = 14.253326416015625
loss_value = 1.0
step = 305
value_mean = 0.0
