entropy_mean = 0.0
loss_policy = 5.074671745300293
loss_total = 12.395099639892578
loss_value = 1.015625
step = 460
value_mean = 0.0
