entropy_mean = 0.0
loss_policy = 4.8511176109313965
loss_total = 12.049713134765625
loss_value = 1.0234375
step = 528
value_mean = 0.0
