entropy_mean = 0.0
loss_policy = 5.835867404937744
loss_total = 13.036048889160156
loss_value = 0.39980950951576233
step = 96
value_mean = 0.0
