entropy_mean = 0.0
loss_policy = 5.625043869018555
loss_total = 13.186022758483887
loss_value = 1.0
step = 347
value_mean = 0.0
