entropy_mean = 0.0
loss_policy = 6.4308671951293945
loss_total = 13.960365295410156
loss_value = 0.7957363128662109
step = 217
value_mean = 0.0
