entropy_mean = 0.0
loss_policy = 5.759490013122559
loss_total = 13.160661697387695
loss_value = 0.6144466400146484
step = 140
value_mean = 0.0
