entropy_mean = 0.0
loss_policy = 5.3426313400268555
loss_total = 12.657476425170898
loss_value = 1.0
step = 455
value_mean = 0.0
