entropy_mean = 0.0
loss_policy = 6.182187080383301
loss_total = 13.850589752197266
loss_value = 1.0
step = 271
value_mean = 0.0
