entropy_mean = 0.0
loss_policy = 5.526715278625488
loss_total = 12.944938659667969
loss_value = 1.0
step = 415
value_mean = 0.0
