entropy_mean = 0.0
loss_policy = 5.949005603790283
loss_total = 13.432755470275879
loss_value = 0.7559847235679626
step = 223
value_mean = 0.0
