entropy_mean = 0.0
loss_policy = 5.870367050170898
loss_total = 13.14272689819336
loss_value = 1.0
step = 476
value_mean = 0.0
