entropy_mean = 0.0
loss_policy = 5.495907306671143
loss_total = 12.64234733581543
loss_value = 1.046875
step = 566
value_mean = 0.0
