entropy_mean = 0.0
loss_policy = 4.976356506347656
loss_total = 12.353240966796875
loss_value = 1.046875
step = 448
value_mean = 0.0
