entropy_mean = 0.0
loss_policy = 5.828737258911133
loss_total = 13.538166999816895
loss_value = 0.9553896188735962
step = 195
value_mean = 0.0
