entropy_mean = 0.0
loss_policy = 5.904523849487305
loss_total = 13.41920280456543
loss_value = 0.7735671997070312
step = 210
value_mean = 0.0
