entropy_mean = 0.0
loss_policy = 5.752168655395508
loss_total = 13.340123176574707
loss_value = 1.046875
step = 357
value_mean = 0.0
