entropy_mean = 0.0
loss_policy = 5.236162185668945
loss_total = 12.407439231872559
loss_value = 0.9999999403953552
step = 530
value_mean = 0.0
