entropy_mean = 0.0
loss_policy = 5.9374213218688965
loss_total = 13.202237129211426
loss_value = 0.5379841327667236
step = 224
value_mean = 0.0
