entropy_mean = 0.0
loss_policy = 6.2767486572265625
loss_total = 14.08184814453125
loss_value = 0.9884337186813354
step = 22
value_mean = 0.0
