entropy_mean = 0.0
loss_policy = 5.845814228057861
loss_total = 13.596735954284668
loss_value = 0.9983526468276978
step = 197
value_mean = 0.0
