entropy_mean = 0.0
loss_policy = 5.7054290771484375
loss_total = 13.379648208618164
loss_value = 1.0
step = 266
value_mean = 0.0
