entropy_mean = 0.0
loss_policy = 5.855579376220703
loss_total = 13.353843688964844
loss_value = 0.6890328526496887
step = 55
value_mean = 0.0
