entropy_mean = 0.0
loss_policy = 5.476182460784912
loss_total = 12.533201217651367
loss_value = 0.984375
step = 579
value_mean = 0.0
