entropy_mean = 0.0
loss_policy = 5.502904891967773
loss_total = 12.614110946655273
loss_value = 1.0
step = 561
value_mean = 0.0
