entropy_mean = 0.0
loss_policy = 5.8114471435546875
loss_total = 13.341521263122559
loss_value = 1.0
step = 363
value_mean = 0.0
