entropy_mean = 0.0
loss_policy = 5.7342634201049805
loss_total = 12.888631820678711
loss_value = 0.9999995827674866
step = 539
value_mean = 0.0
