entropy_mean = 0.0
loss_policy = 5.7806315422058105
loss_total = 13.018903732299805
loss_value = 1.0
step = 494
value_mean = 0.0
