entropy_mean = 0.0
loss_policy = 5.404922962188721
loss_total = 12.729330062866211
loss_value = 1.015625
step = 458
value_mean = 0.0
