entropy_mean = 0.0
loss_policy = 5.149598598480225
loss_total = 12.198797225952148
loss_value = 1.0
step = 590
value_mean = 0.0
