entropy_mean = 0.0
loss_policy = 6.031533241271973
loss_total = 13.722246170043945
loss_value = 1.0234375
step = 272
value_mean = 0.0
