entropy_mean = 0.0
loss_policy = 5.978626251220703
loss_total = 13.74362850189209
loss_value = 0.9509485363960266
step = 36
value_mean = 0.0
