entropy_mean = 0.0
loss_policy = 5.368804931640625
loss_total = 12.743789672851562
loss_value = 1.0
step = 430
value_mean = 0.0
