entropy_mean = 0.0
loss_policy = 6.3836493492126465
loss_total = 14.003031730651855
loss_value = 1.0234375
step = 328
value_mean = 0.0
