entropy_mean = 0.0
loss_policy = 6.0885820388793945
loss_total = 13.884310722351074
loss_value = 1.0233509540557861
step = 165
value_mean = 0.0
