entropy_mean = 0.0
loss_policy = 5.797427654266357
loss_total = 12.892158508300781
loss_value = 0.29187071323394775
step = 83
value_mean = 0.0
