entropy_mean = 0.0
loss_policy = 6.3791704177856445
loss_total = 14.006902694702148
loss_value = 1.0
step = 304
value_mean = 0.0
