entropy_mean = 0.0
loss_policy = 5.721806526184082
loss_total = 13.214376449584961
loss_value = 0.7022150754928589
step = 130
value_mean = 0.0
