entropy_mean = 0.0
loss_policy = 6.851395606994629
loss_total = 14.64065170288086
loss_value = 1.0231629610061646
step = 176
value_mean = 0.0
