entropy_mean = 0.0
loss_policy = 5.3012495040893555
loss_total = 12.787166595458984
loss_value = 1.0
step = 386
value_mean = 0.0
