entropy_mean = 0.0
loss_policy = 5.779560565948486
loss_total = 13.473003387451172
loss_value = 1.0
step = 250
value_mean = 0.0
