entropy_mean = 0.0
loss_policy = 5.6374664306640625
loss_total = 12.859052658081055
loss_value = 1.0
step = 503
value_mean = 0.0
