entropy_mean = 0.0
loss_policy = 5.203248023986816
loss_total = 12.624921798706055
loss_value = 0.9921875
step = 411
value_mean = 0.0
