entropy_mean = 0.0
loss_policy = 6.870423316955566
loss_total = 14.517301559448242
loss_value = 1.0234375
step = 307
value_mean = 0.0
