entropy_mean = 0.0
loss_policy = 5.7940354347229
loss_total = 13.303985595703125
loss_value = 0.6980875730514526
step = 45
value_mean = 0.0
