entropy_mean = 0.0
loss_policy = 5.875436782836914
loss_total = 13.043632507324219
loss_value = 0.4506186842918396
step = 233
value_mean = 0.0
