entropy_mean = 0.0
loss_policy = 6.839849948883057
loss_total = 14.524288177490234
loss_value = 1.0
step = 257
value_mean = 0.0
