entropy_mean = 0.0
loss_policy = 5.941632270812988
loss_total = 13.528104782104492
loss_value = 0.8443372845649719
step = 209
value_mean = 0.0
