entropy_mean = 0.0
loss_policy = 6.048596382141113
loss_total = 13.663028717041016
loss_value = 0.8642485737800598
step = 200
value_mean = 0.0
