entropy_mean = 0.0
loss_policy = 5.769060134887695
loss_total = 13.002910614013672
loss_value = 0.42961251735687256
step = 76
value_mean = 0.0
