entropy_mean = 0.0
loss_policy = 5.863426685333252
loss_total = 13.448832511901855
loss_value = 0.9921875
step = 330
value_mean = 0.0
