entropy_mean = 0.0
loss_policy = 5.768868446350098
loss_total = 12.776317596435547
loss_value = 0.21365955471992493
step = 119
value_mean = 0.0
