entropy_mean = 0.0
loss_policy = 6.030607223510742
loss_total = 13.088258743286133
loss_value = 0.25594890117645264
step = 89
value_mean = 0.0
