entropy_mean = 0.0
loss_policy = 6.404189586639404
loss_total = 14.058256149291992
loss_value = 1.0234375
step = 302
value_mean = 0.0
