entropy_mean = 0.0
loss_policy = 5.844626426696777
loss_total = 12.818990707397461
loss_value = 0.1790926307439804
step = 114
value_mean = 0.0
