entropy_mean = 0.0
loss_policy = 5.8387627601623535
loss_total = 13.418728828430176
loss_value = 1.0
step = 338
value_mean = 0.0
