entropy_mean = 0.0
loss_policy = 5.394712924957275
loss_total = 12.52226448059082
loss_value = 0.9921875
step = 550
value_mean = 0.0
