entropy_mean = 0.0
loss_policy = 5.4199371337890625
loss_total = 12.579633712768555
loss_value = 1.0
step = 536
value_mean = 0.0
