entropy_mean = 0.0
loss_policy = 5.393801689147949
loss_total = 12.742650032043457
loss_value = 1.0234375
step = 450
value_mean = 0.0
