entropy_mean = 0.0
loss_policy = 6.079616069793701
loss_total = 13.654586791992188
loss_value = 0.7614038586616516
step = 38
value_mean = 0.0
