entropy_mean = 0.0
loss_policy = 5.590019702911377
loss_total = 13.184980392456055
loss_value = 1.0234375
step = 342
value_mean = 0.0
