entropy_mean = 0.0
loss_policy = 6.145741939544678
loss_total = 13.891509056091309
loss_value = 0.9903653264045715
step = 193
value_mean = 0.0
