entropy_mean = 0.0
loss_policy = 5.254507541656494
loss_total = 12.402303695678711
loss_value = 1.0
step = 543
value_mean = 0.0
