entropy_mean = 0.0
loss_policy = 5.682003974914551
loss_total = 13.341388702392578
loss_value = 1.015625
step = 292
value_mean = 0.0
