entropy_mean = 0.0
loss_policy = 6.155351638793945
loss_total = 13.917401313781738
loss_value = 0.9988621473312378
step = 181
value_mean = 0.0
