entropy_mean = 0.0
loss_policy = 5.152050495147705
loss_total = 12.205192565917969
loss_value = 1.0
step = 588
value_mean = 0.0
