entropy_mean = 0.0
loss_policy = 5.5589823722839355
loss_total = 13.05547046661377
loss_value = 1.0
step = 381
value_mean = 0.0
