entropy_mean = 0.0
loss_policy = 6.180019855499268
loss_total = 13.848482131958008
loss_value = 1.0234375
step = 291
value_mean = 0.0
