entropy_mean = 0.0
loss_policy = 5.430577278137207
loss_total = 12.766923904418945
loss_value = 0.9921875
step = 442
value_mean = 0.0
