entropy_mean = 0.0
loss_policy = 6.0604424476623535
loss_total = 13.319051742553711
loss_value = 0.45213955640792847
step = 66
value_mean = 0.0
