entropy_mean = 0.0
loss_policy = 5.843627452850342
loss_total = 12.921634674072266
loss_value = 0.27333539724349976
step = 74
value_mean = 0.0
