entropy_mean = 0.0
loss_policy = 5.708312034606934
loss_total = 13.096195220947266
loss_value = 0.5965732932090759
step = 127
value_mean = 0.0
