entropy_mean = 0.0
loss_policy = 5.750791549682617
loss_total = 13.450766563415527
loss_value = 0.9846977591514587
step = 235
value_mean = 0.0
