entropy_mean = 0.0
loss_policy = 6.3116350173950195
loss_total = 13.911413192749023
loss_value = 0.9921875
step = 319
value_mean = 0.0
