entropy_mean = 0.0
loss_policy = 5.027411460876465
loss_total = 12.279842376708984
loss_value = 1.0234375
step = 499
value_mean = 0.0
