entropy_mean = 0.0
loss_policy = 5.373308181762695
loss_total = 12.862615585327148
loss_value = 1.046875
step = 406
value_mean = 0.0
