entropy_mean = 0.0
loss_policy = 5.13096809387207
loss_total = 12.411214828491211
loss_value = 0.9921875
step = 468
value_mean = 0.0
