entropy_mean = 0.0
loss_policy = 5.042118072509766
loss_total = 12.252285957336426
loss_value = 0.9921874403953552
step = 505
value_mean = 0.0
