entropy_mean = 0.0
loss_policy = 5.836234092712402
loss_total = 13.587967872619629
loss_value = 0.9393714666366577
step = 43
value_mean = 0.0
