entropy_mean = 0.0
loss_policy = 5.185863494873047
loss_total = 12.549665451049805
loss_value = 1.046875
step = 454
value_mean = 0.0
