entropy_mean = 0.0
loss_policy = 6.066806793212891
loss_total = 13.863744735717773
loss_value = 0.9808705449104309
step = 26
value_mean = 0.0
