entropy_mean = 0.0
loss_policy = 5.834267616271973
loss_total = 12.928680419921875
loss_value = 0.2967213988304138
step = 106
value_mean = 0.0
