entropy_mean = 0.0
loss_policy = 6.2931952476501465
loss_total = 13.969717025756836
loss_value = 1.0
step = 264
value_mean = 0.0
