entropy_mean = 0.0
loss_policy = 5.911546230316162
loss_total = 13.546388626098633
loss_value = 1.0
step = 299
value_mean = 0.0
