entropy_mean = 0.0
loss_policy = 5.987916946411133
loss_total = 13.53216552734375
loss_value = 0.8051786422729492
step = 212
value_mean = 0.0
