entropy_mean = 0.0
loss_policy = 6.358939170837402
loss_total = 13.974206924438477
loss_value = 1.0
step = 313
value_mean = 0.0
