entropy_mean = 0.0
loss_policy = 5.768087863922119
loss_total = 12.863356590270996
loss_value = 1.0
step = 568
value_mean = 0.0
