entropy_mean = 0.0
loss_policy = 6.233355522155762
loss_total = 14.037704467773438
loss_value = 0.9881232976913452
step = 25
value_mean = 0.0
