entropy_mean = 0.0
loss_policy = 6.102811813354492
loss_total = 13.69754409790039
loss_value = 0.9921875
step = 323
value_mean = 0.0
