entropy_mean = 0.0
loss_policy = 5.760478496551514
loss_total = 12.617916107177734
loss_value = 0.0645480751991272
step = 122
value_mean = 0.0
