entropy_mean = 0.0
loss_policy = 5.851193428039551
loss_total = 13.415185928344727
loss_value = 0.8381335735321045
step = 225
value_mean = 0.0
