entropy_mean = 0.0
loss_policy = 5.393682956695557
loss_total = 12.699382781982422
loss_value = 1.015625
step = 467
value_mean = 0.0
