entropy_mean = 0.0
loss_policy = 5.214400768280029
loss_total = 12.309773445129395
loss_value = 1.0078125
step = 572
value_mean = 0.0
