entropy_mean = 0.0
loss_policy = 5.6942315101623535
loss_total = 13.281499862670898
loss_value = 1.0
step = 334
value_mean = 0.0
