entropy_mean = 0.0
loss_policy = 5.008812427520752
loss_total = 12.116239547729492
loss_value = 0.9843748807907104
step = 556
value_mean = 0.0
