entropy_mean = 0.0
loss_policy = 6.080883026123047
loss_total = 13.783512115478516
loss_value = 0.9465531706809998
step = 192
value_mean = 0.0
