entropy_mean = 0.0
loss_policy = 5.763585567474365
loss_total = 13.091230392456055
loss_value = 1.0
step = 449
value_mean = 0.0
