entropy_mean = 0.0
loss_policy = 6.311506271362305
loss_total = 14.101272583007812
loss_value = 1.01548433303833
step = 162
value_mean = 0.0
