entropy_mean = 0.0
loss_policy = 5.906561851501465
loss_total = 13.014025688171387
loss_value = 0.30595216155052185
step = 90
value_mean = 0.0
