entropy_mean = 0.0
loss_policy = 5.777132511138916
loss_total = 13.254436492919922
loss_value = 1.0
step = 390
value_mean = 0.0
