entropy_mean = 0.0
loss_policy = 5.732594013214111
loss_total = 13.102532386779785
loss_value = 0.9921875
step = 429
value_mean = 0.0
