entropy_mean = 0.0
loss_policy = 6.066860198974609
loss_total = 13.823814392089844
loss_value = 0.9919700622558594
step = 178
value_mean = 0.0
