entropy_mean = 0.0
loss_policy = 5.293088912963867
loss_total = 12.552632331848145
loss_value = 1.0
step = 483
value_mean = 0.0
