entropy_mean = 0.0
loss_policy = 5.50148344039917
loss_total = 12.964218139648438
loss_value = 1.0
step = 397
value_mean = 0.0
