entropy_mean = 0.0
loss_policy = 5.8291826248168945
loss_total = 13.430484771728516
loss_value = 1.0
step = 324
value_mean = 0.0
