entropy_mean = 0.0
loss_policy = 5.019598007202148
loss_total = 12.18598747253418
loss_value = 1.0234370231628418
step = 546
value_mean = 0.0
