entropy_mean = 0.0
loss_policy = 5.340462684631348
loss_total = 12.5448579788208
loss_value = 1.0234375
step = 525
value_mean = 0.0
