entropy_mean = 0.0
loss_policy = 6.4440155029296875
loss_total = 14.217461585998535
loss_value = 0.9998084306716919
step = 163
value_mean = 0.0
