entropy_mean = 0.0
loss_policy = 5.322471618652344
loss_total = 12.63527774810791
loss_value = 1.0
step = 456
value_mean = 0.0
