entropy_mean = 0.0
loss_policy = 5.175258636474609
loss_total = 12.226432800292969
loss_value = 1.0
step = 589
value_mean = 0.0
