entropy_mean = 0.0
loss_policy = 5.496456146240234
loss_total = 13.066896438598633
loss_value = 1.0234375
step = 354
value_mean = 0.0
