entropy_mean = 0.0
loss_policy = 5.571196556091309
loss_total = 13.116243362426758
loss_value = 1.0
step = 355
value_mean = 0.0
