entropy_mean = 0.0
loss_policy = 6.044183254241943
loss_total = 13.733707427978516
loss_value = 0.8766797780990601
step = 41
value_mean = 0.0
