entropy_mean = 0.0
loss_policy = 5.858335494995117
loss_total = 13.19921588897705
loss_value = 0.5324459075927734
step = 58
value_mean = 0.0
