entropy_mean = 0.0
loss_policy = 5.806003570556641
loss_total = 12.775121688842773
loss_value = 0.17685556411743164
step = 124
value_mean = 0.0
