entropy_mean = 0.0
loss_policy = 5.826194763183594
loss_total = 13.268177032470703
loss_value = 0.7233466506004333
step = 232
value_mean = 0.0
