entropy_mean = 0.0
loss_policy = 5.820812225341797
loss_total = 13.409320831298828
loss_value = 0.7815729379653931
step = 64
value_mean = 0.0
