entropy_mean = 0.0
loss_policy = 6.157607078552246
loss_total = 13.77337646484375
loss_value = 0.8026876449584961
step = 40
value_mean = 0.0
