entropy_mean = 0.0
loss_policy = 5.643449783325195
loss_total = 13.150554656982422
loss_value = 1.0234375
step = 387
value_mean = 0.0
