entropy_mean = 0.0
loss_policy = 5.809863090515137
loss_total = 13.248208999633789
loss_value = 0.6267334222793579
step = 46
value_mean = 0.0
