entropy_mean = 0.0
loss_policy = 6.029732704162598
loss_total = 13.205175399780273
loss_value = 0.3844607472419739
step = 128
value_mean = 0.0
