entropy_mean = 0.0
loss_policy = 5.305915355682373
loss_total = 12.692235946655273
loss_value = 1.0
step = 426
value_mean = 0.0
