entropy_mean = 0.0
loss_policy = 5.43663215637207
loss_total = 12.650796890258789
loss_value = 0.9999998807907104
step = 507
value_mean = 0.0
