entropy_mean = 0.0
loss_policy = 5.903757095336914
loss_total = 13.671369552612305
loss_value = 0.9998599886894226
step = 173
value_mean = 0.0
