entropy_mean = 0.0
loss_policy = 5.501101970672607
loss_total = 12.783016204833984
loss_value = 1.0
step = 471
value_mean = 0.0
