entropy_mean = 0.0
loss_policy = 5.878859519958496
loss_total = 13.247478485107422
loss_value = 0.6305453181266785
step = 213
value_mean = 0.0
