entropy_mean = 0.0
loss_policy = 5.470840930938721
loss_total = 12.971270561218262
loss_value = 0.9921875
step = 375
value_mean = 0.0
