entropy_mean = 0.0
loss_policy = 5.443482398986816
loss_total = 12.945873260498047
loss_value = 0.9921875
step = 374
value_mean = 0.0
