entropy_mean = 0.0
loss_policy = 5.567737579345703
loss_total = 13.089366912841797
loss_value = 0.9999984502792358
step = 368
value_mean = 0.0
