entropy_mean = 0.0
loss_policy = 6.132037162780762
loss_total = 13.77315902709961
loss_value = 1.0
step = 294
value_mean = 0.0
