entropy_mean = 0.0
loss_policy = 5.779861927032471
loss_total = 13.185785293579102
loss_value = 0.5977538824081421
step = 59
value_mean = 0.0
