entropy_mean = 0.0
loss_policy = 7.770995616912842
loss_total = 15.512167930603027
loss_value = 0.9799718260765076
step = 184
value_mean = 0.0
