entropy_mean = 0.0
loss_policy = 5.29603385925293
loss_total = 12.445442199707031
loss_value = 0.9999999403953552
step = 542
value_mean = 0.0
