entropy_mean = 0.0
loss_policy = 6.001191139221191
loss_total = 13.67420768737793
loss_value = 1.0
step = 267
value_mean = 0.0
