entropy_mean = 0.0
loss_policy = 5.8207244873046875
loss_total = 13.427227973937988
loss_value = 0.7988367080688477
step = 61
value_mean = 0.0
