entropy_mean = 0.0
loss_policy = 5.110710620880127
loss_total = 12.442920684814453
loss_value = 1.0
step = 447
value_mean = 0.0
