entropy_mean = 0.0
loss_policy = 6.718502044677734
loss_total = 14.5372314453125
loss_value = 1.0012515783309937
step = 13
value_mean = 0.0
