entropy_mean = 0.0
loss_policy = 5.496485710144043
loss_total = 12.755732536315918
loss_value = 1.046875
step = 508
value_mean = 0.0
