entropy_mean = 0.0
loss_policy = 5.453622817993164
loss_total = 12.599807739257812
loss_value = 0.9999999403953552
step = 544
value_mean = 0.0
