entropy_mean = 0.0
loss_policy = 6.023703098297119
loss_total = 13.701391220092773
loss_value = 1.0
step = 263
value_mean = 0.0
