entropy_mean = 0.0
loss_policy = 5.875026226043701
loss_total = 13.134683609008789
loss_value = 0.45224350690841675
step = 62
value_mean = 0.0
