entropy_mean = 0.0
loss_policy = 5.2371087074279785
loss_total = 12.71904182434082
loss_value = 1.0234375
step = 399
value_mean = 0.0
