entropy_mean = 0.0
loss_policy = 5.367893218994141
loss_total = 12.910957336425781
loss_value = 1.0
step = 356
value_mean = 0.0
