entropy_mean = 0.0
loss_policy = 5.545708656311035
loss_total = 12.832748413085938
loss_value = 0.984375
step = 461
value_mean = 0.0
