entropy_mean = 0.0
loss_policy = 5.75091028213501
loss_total = 12.954378128051758
loss_value = 0.3985820710659027
step = 73
value_mean = 0.0
