entropy_mean = 0.0
loss_policy = 5.360150337219238
loss_total = 12.548883438110352
loss_value = 1.0234375
step = 533
value_mean = 0.0
