entropy_mean = 0.0
loss_policy = 5.108158588409424
loss_total = 12.354024887084961
loss_value = 1.0
step = 490
value_mean = 0.0
