entropy_mean = 0.0
loss_policy = 6.17863655090332
loss_total = 13.983173370361328
loss_value = 0.9876261353492737
step = 20
value_mean = 0.0
