entropy_mean = 0.0
loss_policy = 5.351673603057861
loss_total = 12.472421646118164
loss_value = 1.0
step = 557
value_mean = 0.0
