entropy_mean = 0.0
loss_policy = 8.691658973693848
loss_total = 16.500959396362305
loss_value = 0.9916080832481384
step = 3
value_mean = 0.0
