entropy_mean = 0.0
loss_policy = 5.557321548461914
loss_total = 12.700544357299805
loss_value = 0.9921875
step = 541
value_mean = 0.0
