entropy_mean = 0.0
loss_policy = 5.464132308959961
loss_total = 12.97783088684082
loss_value = 1.0234375
step = 384
value_mean = 0.0
