entropy_mean = 0.0
loss_policy = 6.667734622955322
loss_total = 14.461358070373535
loss_value = 0.9760003089904785
step = 9
value_mean = 0.0
