entropy_mean = 0.0
loss_policy = 5.929940700531006
loss_total = 13.28543472290039
loss_value = 0.6069542765617371
step = 202
value_mean = 0.0
