entropy_mean = 0.0
loss_policy = 5.93698787689209
loss_total = 13.43246078491211
loss_value = 0.711374044418335
step = 146
value_mean = 0.0
