entropy_mean = 0.0
loss_policy = 5.794881820678711
loss_total = 13.425544738769531
loss_value = 0.8874979615211487
step = 208
value_mean = 0.0
