entropy_mean = 0.0
loss_policy = 6.686206817626953
loss_total = 14.306770324707031
loss_value = 1.0
step = 309
value_mean = 0.0
