entropy_mean = 0.0
loss_policy = 5.471648693084717
loss_total = 12.90787410736084
loss_value = 1.0234375
step = 417
value_mean = 0.0
