entropy_mean = 0.0
loss_policy = 5.311185359954834
loss_total = 12.680910110473633
loss_value = 1.0
step = 432
value_mean = 0.0
