entropy_mean = 0.0
loss_policy = 5.786515235900879
loss_total = 12.67795181274414
loss_value = 0.09794101119041443
step = 120
value_mean = 0.0
