entropy_mean = 0.0
loss_policy = 5.8145751953125
loss_total = 12.888227462768555
loss_value = 0.2886812388896942
step = 144
value_mean = 0.0
