entropy_mean = 0.0
loss_policy = 5.982753753662109
loss_total = 13.613481521606445
loss_value = 1.046875
step = 336
value_mean = 0.0
