entropy_mean = 0.0
loss_policy = 5.872655868530273
loss_total = 12.780722618103027
loss_value = 0.10807240009307861
step = 98
value_mean = 0.0
