entropy_mean = 0.0
loss_policy = 5.883303165435791
loss_total = 13.513564109802246
loss_value = 0.8223434686660767
step = 60
value_mean = 0.0
