entropy_mean = 0.0
loss_policy = 5.3218536376953125
loss_total = 12.692056655883789
loss_value = 1.0234375
step = 441
value_mean = 0.0
