entropy_mean = 0.0
loss_policy = 5.574733257293701
loss_total = 12.683624267578125
loss_value = 1.015625
step = 569
value_mean = 0.0
