entropy_mean = 0.0
loss_policy = 6.390149116516113
loss_total = 14.144424438476562
loss_value = 0.9859691858291626
step = 172
value_mean = 0.0
