entropy_mean = 0.0
loss_policy = 5.060685157775879
loss_total = 12.136423110961914
loss_value = 0.9921875
step = 574
value_mean = 0.0
