entropy_mean = 0.0
loss_policy = 6.422968864440918
loss_total = 14.220255851745605
loss_value = 1.0223520994186401
step = 161
value_mean = 0.0
