entropy_mean = 0.0
loss_policy = 6.176248550415039
loss_total = 13.953023910522461
loss_value = 0.9959848523139954
step = 152
value_mean = 0.0
