entropy_mean = 0.0
loss_policy = 5.669429779052734
loss_total = 13.436148643493652
loss_value = 0.984005331993103
step = 149
value_mean = 0.0
