entropy_mean = 0.0
loss_policy = 5.28445291519165
loss_total = 12.31712532043457
loss_value = 1.0
step = 599
value_mean = 0.0
