entropy_mean = 0.0
loss_policy = 5.801457405090332
loss_total = 13.385610580444336
loss_value = 1.046875
step = 359
value_mean = 0.0
