entropy_mean = 0.0
loss_policy = 5.186210632324219
loss_total = 12.43017864227295
loss_value = 1.0
step = 491
value_mean = 0.0
