entropy_mean = 0.0
loss_policy = 5.132645130157471
loss_total = 12.487363815307617
loss_value = 1.0
step = 438
value_mean = 0.0
