entropy_mean = 0.0
loss_policy = 5.535053253173828
loss_total = 12.732292175292969
loss_value = 1.0
step = 516
value_mean = 0.0
