entropy_mean = 0.0
loss_policy = 6.616628646850586
loss_total = 14.451292037963867
loss_value = 1.0171372890472412
step = 12
value_mean = 0.0
