entropy_mean = 0.0
loss_policy = 5.81427526473999
loss_total = 13.392202377319336
loss_value = 0.7882033586502075
step = 132
value_mean = 0.0
