entropy_mean = 0.0
loss_policy = 5.154946327209473
loss_total = 12.445459365844727
loss_value = 1.0234375
step = 479
value_mean = 0.0
