entropy_mean = 0.0
loss_policy = 4.962955951690674
loss_total = 12.104833602905273
loss_value = 1.0234373807907104
step = 558
value_mean = 0.0
