entropy_mean = 0.0
loss_policy = 5.877657413482666
loss_total = 13.194778442382812
loss_value = 0.5770443081855774
step = 211
value_mean = 0.0
