entropy_mean = 0.0
loss_policy = 6.086633205413818
loss_total = 13.864980697631836
loss_value = 0.9982041120529175
step = 153
value_mean = 0.0
