entropy_mean = 0.0
loss_policy = 5.220165252685547
loss_total = 12.417091369628906
loss_value = 0.9921875
step = 512
value_mean = 0.0
