entropy_mean = 0.0
loss_policy = 5.492434501647949
loss_total = 12.541855812072754
loss_value = 0.9921875
step = 586
value_mean = 0.0
