entropy_mean = 0.0
loss_policy = 5.090145111083984
loss_total = 12.409859657287598
loss_value = 1.0234375
step = 464
value_mean = 0.0
