entropy_mean = 0.0
loss_policy = 5.048315525054932
loss_total = 12.374784469604492
loss_value = 1.015625
step = 457
value_mean = 0.0
