entropy_mean = 0.0
loss_policy = 5.936097621917725
loss_total = 13.703434944152832
loss_value = 0.9917322397232056
step = 160
value_mean = 0.0
