entropy_mean = 0.0
loss_policy = 5.386918067932129
loss_total = 12.59800910949707
loss_value = 1.015625
step = 517
value_mean = 0.0
