entropy_mean = 0.0
loss_policy = 5.8604736328125
loss_total = 13.333639144897461
loss_value = 1.0
step = 392
value_mean = 0.0
