entropy_mean = 0.0
loss_policy = 5.935978889465332
loss_total = 13.676324844360352
loss_value = 0.9856154322624207
step = 194
value_mean = 0.0
