entropy_mean = 0.0
loss_policy = 5.291481971740723
loss_total = 12.575414657592773
loss_value = 1.0
step = 470
value_mean = 0.0
