entropy_mean = 0.0
loss_policy = 5.619235038757324
loss_total = 12.628844261169434
loss_value = 0.22332079708576202
step = 141
value_mean = 0.0
