entropy_mean = 0.0
loss_policy = 5.50439453125
loss_total = 13.095023155212402
loss_value = 1.0234375
step = 344
value_mean = 0.0
