entropy_mean = 0.0
loss_policy = 5.311922550201416
loss_total = 12.580179214477539
loss_value = 0.9921875
step = 474
value_mean = 0.0
