entropy_mean = 0.0
loss_policy = 5.931997776031494
loss_total = 12.87889289855957
loss_value = 0.14890392124652863
step = 105
value_mean = 0.0
