entropy_mean = 0.0
loss_policy = 5.486106872558594
loss_total = 13.055445671081543
loss_value = 1.0
step = 343
value_mean = 0.0
