entropy_mean = 0.0
loss_policy = 6.025580883026123
loss_total = 13.675701141357422
loss_value = 1.0
step = 287
value_mean = 0.0
