entropy_mean = 0.0
loss_policy = 6.7025299072265625
loss_total = 14.524068832397461
loss_value = 1.0042507648468018
step = 16
value_mean = 0.0
