entropy_mean = 0.0
loss_policy = 5.487789154052734
loss_total = 12.666810035705566
loss_value = 1.0
step = 526
value_mean = 0.0
