entropy_mean = 0.0
loss_policy = 5.256503105163574
loss_total = 12.333579063415527
loss_value = 1.0
step = 577
value_mean = 0.0
