entropy_mean = 0.0
loss_policy = 6.247457981109619
loss_total = 13.8795166015625
loss_value = 0.9921875
step = 295
value_mean = 0.0
