entropy_mean = 0.0
loss_policy = 5.993931293487549
loss_total = 13.609155654907227
loss_value = 1.0234375
step = 331
value_mean = 0.0
