entropy_mean = 0.0
loss_policy = 5.828432083129883
loss_total = 13.576166152954102
loss_value = 0.9351273775100708
step = 42
value_mean = 0.0
