entropy_mean = 0.0
loss_policy = 6.259242057800293
loss_total = 14.069353103637695
loss_value = 1.045727014541626
step = 179
value_mean = 0.0
