entropy_mean = 0.0
loss_policy = 5.147790908813477
loss_total = 12.55591106414795
loss_value = 0.984375
step = 413
value_mean = 0.0
