entropy_mean = 0.0
loss_policy = 5.230899810791016
loss_total = 12.572551727294922
loss_value = 1.0
step = 443
value_mean = 0.0
