entropy_mean = 0.0
loss_policy = 5.550124168395996
loss_total = 13.109119415283203
loss_value = 1.0
step = 348
value_mean = 0.0
