entropy_mean = 0.0
loss_policy = 5.905865669250488
loss_total = 13.699234008789062
loss_value = 1.0164616107940674
step = 158
value_mean = 0.0
