entropy_mean = 0.0
loss_policy = 5.188061714172363
loss_total = 12.44906997680664
loss_value = 0.9921875
step = 478
value_mean = 0.0
