entropy_mean = 0.0
loss_policy = 6.218899726867676
loss_total = 13.887194633483887
loss_value = 1.0078125
step = 278
value_mean = 0.0
