entropy_mean = 0.0
loss_policy = 5.9202070236206055
loss_total = 13.664734840393066
loss_value = 0.987144947052002
step = 190
value_mean = 0.0
