entropy_mean = 0.0
loss_policy = 6.989075660705566
loss_total = 14.76010513305664
loss_value = 0.9998809099197388
step = 167
value_mean = 0.0
