entropy_mean = 0.0
loss_policy = 6.5481343269348145
loss_total = 14.388443946838379
loss_value = 1.022711992263794
step = 10
value_mean = 0.0
