entropy_mean = 0.0
loss_policy = 6.35351037979126
loss_total = 14.005434036254883
loss_value = 0.9765625
step = 265
value_mean = 0.0
