entropy_mean = 0.0
loss_policy = 5.476428985595703
loss_total = 12.982759475708008
loss_value = 1.0
step = 376
value_mean = 0.0
