entropy_mean = 0.0
loss_policy = 5.849143028259277
loss_total = 12.906664848327637
loss_value = 0.2738588750362396
step = 147
value_mean = 0.0
