entropy_mean = 0.0
loss_policy = 5.100247383117676
loss_total = 12.320026397705078
loss_value = 1.0
step = 504
value_mean = 0.0
