entropy_mean = 0.0
loss_policy = 6.668914794921875
loss_total = 14.434919357299805
loss_value = 0.9993686676025391
step = 175
value_mean = 0.0
