entropy_mean = 0.0
loss_policy = 6.086773872375488
loss_total = 13.62099552154541
loss_value = 0.8113666772842407
step = 228
value_mean = 0.0
