entropy_mean = 0.0
loss_policy = 5.487855434417725
loss_total = 12.992246627807617
loss_value = 1.0
step = 377
value_mean = 0.0
