entropy_mean = 0.0
loss_policy = 5.590161323547363
loss_total = 13.063093185424805
loss_value = 1.0234375
step = 403
value_mean = 0.0
