entropy_mean = 0.0
loss_policy = 5.611588001251221
loss_total = 13.083151817321777
loss_value = 0.9921875
step = 389
value_mean = 0.0
