entropy_mean = 0.0
loss_policy = 5.248000621795654
loss_total = 12.662057876586914
loss_value = 1.015625
step = 422
value_mean = 0.0
