entropy_mean = 0.0
loss_policy = 5.201099395751953
loss_total = 12.563408851623535
loss_value = 1.0
step = 435
value_mean = 0.0
