entropy_mean = 0.0
loss_policy = 5.130616188049316
loss_total = 12.417763710021973
loss_value = 1.046875
step = 493
value_mean = 0.0
