entropy_mean = 0.0
loss_policy = 5.284833908081055
loss_total = 12.359694480895996
loss_value = 1.0
step = 578
value_mean = 0.0
