entropy_mean = 0.0
loss_policy = 6.062261581420898
loss_total = 13.864402770996094
loss_value = 1.0232954025268555
step = 155
value_mean = 0.0
