entropy_mean = 0.0
loss_policy = 5.180189609527588
loss_total = 12.641448020935059
loss_value = 1.0234375
step = 408
value_mean = 0.0
