entropy_mean = 0.0
loss_policy = 5.215447902679443
loss_total = 12.499780654907227
loss_value = 0.9921875
step = 466
value_mean = 0.0
