entropy_mean = 0.0
loss_policy = 5.154590606689453
loss_total = 12.288091659545898
loss_value = 1.0
step = 551
value_mean = 0.0
