entropy_mean = 0.0
loss_policy = 5.685995578765869
loss_total = 12.888969421386719
loss_value = 1.046875
step = 538
value_mean = 0.0
