entropy_mean = 0.0
loss_policy = 5.988723278045654
loss_total = 13.432555198669434
loss_value = 0.7121971249580383
step = 219
value_mean = 0.0
