entropy_mean = 0.0
loss_policy = 6.581244945526123
loss_total = 14.240641593933105
loss_value = 1.0
step = 279
value_mean = 0.0
