entropy_mean = 0.0
loss_policy = 5.868473052978516
loss_total = 13.274946212768555
loss_value = 0.5967077016830444
step = 53
value_mean = 0.0
