entropy_mean = 0.0
loss_policy = 5.020992755889893
loss_total = 12.417571067810059
loss_value = 0.9921875
step = 420
value_mean = 0.0
