entropy_mean = 0.0
loss_policy = 5.801119804382324
loss_total = 13.454019546508789
loss_value = 0.863506555557251
step = 133
value_mean = 0.0
