entropy_mean = 0.0
loss_policy = 5.0611090660095215
loss_total = 12.162967681884766
loss_value = 1.0
step = 565
value_mean = 0.0
