entropy_mean = 0.0
loss_policy = 5.260087966918945
loss_total = 12.330801963806152
loss_value = 1.0234375
step = 591
value_mean = 0.0
