entropy_mean = 0.0
loss_policy = 5.555702209472656
loss_total = 12.797800064086914
loss_value = 1.0
step = 492
value_mean = 0.0
