entropy_mean = 0.0
loss_policy = 6.282924652099609
loss_total = 14.054316520690918
loss_value = 0.9556501507759094
step = 28
value_mean = 0.0
