entropy_mean = 0.0
loss_policy = 5.4258270263671875
loss_total = 12.97831916809082
loss_value = 0.9765625
step = 340
value_mean = 0.0
