entropy_mean = 0.0
loss_policy = 6.98792839050293
loss_total = 14.74732780456543
loss_value = 0.9975249767303467
step = 183
value_mean = 0.0
