entropy_mean = 0.0
loss_policy = 5.393990993499756
loss_total = 12.804903030395508
loss_value = 1.015625
step = 423
value_mean = 0.0
