entropy_mean = 0.0
loss_policy = 5.495014667510986
loss_total = 13.011148452758789
loss_value = 1.015625
step = 379
value_mean = 0.0
