entropy_mean = 0.0
loss_policy = 6.3274641036987305
loss_total = 13.55911922454834
loss_value = 1.015625
step = 506
value_mean = 0.0
