entropy_mean = 0.0
loss_policy = 5.662354946136475
loss_total = 13.170347213745117
loss_value = 1.015625
step = 383
value_mean = 0.0
