entropy_mean = 0.0
loss_policy = 5.943304538726807
loss_total = 13.337121963500977
loss_value = 0.6031537652015686
step = 129
value_mean = 0.0
