entropy_mean = 0.0
loss_policy = 5.864367961883545
loss_total = 12.957513809204102
loss_value = 0.2895042300224304
step = 79
value_mean = 0.0
