entropy_mean = 0.0
loss_policy = 6.685240745544434
loss_total = 14.367356300354004
loss_value = 1.0
step = 259
value_mean = 0.0
