entropy_mean = 0.0
loss_policy = 6.118590354919434
loss_total = 13.930645942687988
loss_value = 0.9952631592750549
step = 21
value_mean = 0.0
