entropy_mean = 0.0
loss_policy = 5.91392183303833
loss_total = 13.437189102172852
loss_value = 0.7124376893043518
step = 49
value_mean = 0.0
