entropy_mean = 0.0
loss_policy = 6.016673564910889
loss_total = 13.19835090637207
loss_value = 0.39263075590133667
step = 134
value_mean = 0.0
