entropy_mean = 0.0
loss_policy = 6.030852317810059
loss_total = 13.5208101272583
loss_value = 0.7012521624565125
step = 135
value_mean = 0.0
