entropy_mean = 0.0
loss_policy = 5.957769393920898
loss_total = 12.966841697692871
loss_value = 0.21022404730319977
step = 102
value_mean = 0.0
