entropy_mean = 0.0
loss_policy = 5.054033279418945
loss_total = 12.222074508666992
loss_value = 1.0234375
step = 545
value_mean = 0.0
