entropy_mean = 0.0
loss_policy = 5.155982971191406
loss_total = 12.279739379882812
loss_value = 0.9921875
step = 552
value_mean = 0.0
