entropy_mean = 0.0
loss_policy = 6.032890319824219
loss_total = 13.727731704711914
loss_value = 1.0
step = 249
value_mean = 0.0
