entropy_mean = 0.0
loss_policy = 5.6750807762146
loss_total = 13.191049575805664
loss_value = 1.0
step = 371
value_mean = 0.0
