entropy_mean = 0.0
loss_policy = 5.891566276550293
loss_total = 13.6708984375
loss_value = 0.9998223781585693
step = 154
value_mean = 0.0
