entropy_mean = 0.0
loss_policy = 5.729124546051025
loss_total = 13.303844451904297
loss_value = 0.984375
step = 332
value_mean = 0.0
