entropy_mean = 0.0
loss_policy = 5.8949480056762695
loss_total = 12.883944511413574
loss_value = 0.20314614474773407
step = 142
value_mean = 0.0
