entropy_mean = 0.0
loss_policy = 5.810731887817383
loss_total = 12.92055892944336
loss_value = 0.3222147822380066
step = 138
value_mean = 0.0
