entropy_mean = 0.0
loss_policy = 4.9281182289123535
loss_total = 12.057780265808105
loss_value = 1.0
step = 553
value_mean = 0.0
