entropy_mean = 0.0
loss_policy = 5.8554606437683105
loss_total = 13.588430404663086
loss_value = 1.019089937210083
step = 236
value_mean = 0.0
