entropy_mean = 0.0
loss_policy = 5.622830867767334
loss_total = 12.726960182189941
loss_value = 1.0
step = 564
value_mean = 0.0
