entropy_mean = 0.0
loss_policy = 5.283837795257568
loss_total = 12.37327766418457
loss_value = 0.9999999403953552
step = 571
value_mean = 0.0
