entropy_mean = 0.0
loss_policy = 5.904594421386719
loss_total = 13.16353988647461
loss_value = 0.45705369114875793
step = 88
value_mean = 0.0
