entropy_mean = 0.0
loss_policy = 7.875085830688477
loss_total = 8.076956748962402
loss_value = 0.07289333641529083
step = 2
value_mean = 0.0
